101.4499969
131.1000061
281.5499878
293.4500122
401
695.5999756
715.7000122
1013.450012
1537.099976
1590.349976
2784
3184.899902
3202.850098
3592.800049
3611.850098
3650.5
3673.25
4130.600098
4229
4233.799805
4301.299805
5511.25
5520.100098
6170.5
6330
6789.799805
6852.649902
7133.799805
7763.299805
7771.549805
8208.349609
8214.450195
8279.349609
8579.799805
9008.75
9373.450195
9519.200195
9532.150391
9699.700195
9714.099609
10223.59961
10438.75
10553.15039
10821
11308.25
11354.65039
12411.40039
12417.5498
12444.7998
12756.2002
12762.7998
12863.2998
12871.34961
13189.0498
13590.15039
13596.65039
13880.5498
14364.90039
14454.2998
14879.4502
14920.4502
15301.84961
15616.9502
15624.25
15787.84961
15961.09961
16181.2002
16549.94922
16665.30078
17522.09961
17539.84961
17666.69922
17924.34961
18476.5
18604.5
18842.5
19612.09961
19626.30078
19854.44922
19864.5
19878.65039
20369.84961
20695
20719.40039
20957.25
21243.44922
21270.09961
22086.75
22299.80078
22305.84961
22403.59961
22680.65039
22858.09961
23000.65039
23634.19922
23654.59961
24390.34961
25105.44922
25112
25310.44922
25794.40039
25973.40039
26766.30078
27057.84961
27152.59961
27196.40039
27215.55078
27872.40039
28082.69922
28989
28998.09961
29274.40039
29317.19922
29335.84961
29468.84961
29490.34961
29507.19922
29882.55078
29894.19922
29947.80078
29970.80078
31140.69922
31428.05078
31457.65039
31560.90039
31908.05078
31987.94922
32131.25
32941.30078
33013.75
33647.5
34548.94922
34820.05078
34829.44922
35011.69922
35041.14844
35603.85156
35614.39844
36204.25
36217.80078
36469.10156
37511.85156
37518.05078
38563.69922
38570.05078
38668.10156
38749.55078
38768.39844
38941.39844
38950.19922
39239.30078
39508.89844
39675.14844
40321.5
40431.10156
40448.05078
40764.35156
41256.64844
41814.69922
41885.14844
42202.25
42267.69922
42436.14844
42973.80078
42979.05078
42986.25
43832.05078
44331.85156
44409.55078
44428.85156
44441.14844
45069.85156
45133.5
45139.89844
45146.44922
46841.10156
46848.05078
46856.10156
47493.44922
47502.19922
47620.64844
47929
48018.94922
48288
48296.35156
48556.44922
48571.94922
49253
49259.55078
49498.10156
49791.35156
49946.55078
50065.05078
50144.64844
50565.44922
50584.25
50997.64844
51722.94922
51730.39844
51827.5
52107.89844
52315.89844
52343.55078
52407.85156
52421.94922
52750.39844
52815.60156
53016.64844
53313
53928
53964.35156
54157.19922
54325.10156
55331.85156
55500.69922
55518.85156
55588.5
56183.85156
56191.5
56331.94922
56341.39844
56532.60156
56844.64844
58422.55078
58457.94922
58662.55078
58694.64844
58781.64844
59511.69922
59517.64844
59666.05078
59823.05078
59955.35156
60251.64844
60260.55078
60579.10156
60690.64844
61012.19922
61050.89844
61083.14844
61239.80078
61871.94922
62431.55078
62438.55078
62559.60156
63228.75
63715.25
63791.89844
63845.14844
63858.44922
64416.55078
64421.39844
64440.89844
64686.44922
64726.30078
65121.75
65269.89844
65922.79688
66481.25
66816.39844
67143.79688
67143.95313
67277.29688
67283.14844
67478.89844
67689.75
67974.14844
68680.95313
69063.04688
69070.10156
69089.54688
69117.14844
69531.75
69544.89844
69559.85156
69594.64844
69661.20313
69720.20313
70838.14844
70843.79688
71023.95313
71575.85156
71809.39844
71819.04688
71935.89844
71980.14844
72076.60156
73340.04688
73557.79688
73920.95313
74696.29688
74701.20313
75000.10156
75064.70313
75273.70313
75293.75
75500.64844
75513.20313
75842.89844
75851.79688
75993.10156
76139.5
76412.54688
76999.70313
77032.29688
77433.95313
77440.79688
77670.70313
77872.25
78266.25
78555.39844
79342.39844
79349.35156
79370.70313
79498.5
79516.60156
79792.5
79801.25
79859.25
80123.60156
80143.25
80346.39844
80861.64844
81130.35156
81476.39844
81484.54688
82245.20313
82892.64844
83154.95313
83168.20313
83358.39844
83377.79688
83745.45313
84207.14844
84252.45313
84739.29688
84746.85156
84873.04688
85321.75
85839.64844
85844.70313
86179.64844
86185.95313
86408.95313
86465
86545.64844
87292.39844
87429.04688
87774.85156
87787.35156
88149.70313
89180.45313
89186.85156
89307.60156
89374.14844
90093.20313
90099.10156
90458.95313
90633.60156
90950.14844
90960.89844
91180.95313
91263.95313
91287.04688
91298.5
91337.89844
92420.39844
92430.5
92567.70313
92893.29688
92899.54688
92966.95313
92975.64844
93670.95313
93982.04688
93988
94214.04688
94222.79688
94357.25
94760.79688
95000.10156
95627.70313
95980.04688
95988.89844
96122.60156
96164.70313
96176.20313
96184.35156
96197.10156
96452.85156
96942.89844
97067.75
97074.95313
97119.85156
97238
97290.10156
97468.25
97573.89844
97596.14844
98559.79688
98634
98685.75
98828.25
99151.10156
99297.79688
99341.95313
99733.85156
99778.39844
99888
100125.5469
100133.2031
100520.2031
100546.6016
100546.7031
101009.4531
101024.9531
101201.0469
101373.1016
101469.0469
101830.2969
102287.3984
102504.0469
102510.8516
102559.8984
102672.7031
102932
103340
103346.3516
103612.1016
104379.6484
104514.3516
105390.8984
105415.8984
105452.7969
105676.8984
105693.3516
105810.9531
106774.6016
106780.75
106944.3516
107156.7031
107194.25
107256.5
107684.7031
107704.3984
107938.6016
108224.4531
109700.0469
109708.5
109881.7031
109941.9531
110154.8984
111041.25
111298.25
111304.7969
111472.6016
111549.1484
111593.7969
111759.6484
111817.6484
112374.2969
112382.9531
113013.5
113027.1484
113890.8516
114443.25
114450.2969
114916.9531
115823.5
115832.9531
116130.75
116982.75
117628.1016
117691.2969
117697.75
118200.6016
118210.6484
118663.2969
118838.3984
120207.1484
120230
120641.5469
121099.6016
121108.6016
121221.8984
121228.75
121546.2031
121714.75
121804.4531
122068.5469
122445.5
122617
123007.2031
123178.8516
123197.1016
123412.1016
124011.8984
124020.9531
124358.2969
125128.6484
125136.6484
125426.7969
125765.2969
126111.9531
126295.9531
126303.7969
126542.25
126550.3984
126608.6016
126938.0469
127180.3516
127192.25
127570.1016
127576.2969
127655.8516
128285.3984
128495.5469
128502.7969
128528.7969
128544.3516
128677.2031
128681.3516
128723.0469
128847.6016
129185.1016
129193.25
129563.5469
130153.4531
130376.4531
130550.7969
130558.25
130685.4531
130764.6484
130913.2031
131484.75
131492.9063
131515.4063
131968.4063
132815.3438
132823.75
133367.2031
133375.6563
133391.2969
134139.7031
134304.0469
134801.0938
134930.8438
134945.8438
135362.25
135654.9531
135661.7031
136418.2969
137442.7969
137451
137693.6563
137702.2031
137779.5
138416.0938
138454.2969
138472.3438
138854.1563
139094.5938
139186.75
139307.3438
139675.1563
139973.5
139979.2031
140606.9531
141195.5469
141209.7969
141221.4063
141414
141438.2969
141462.0938
141480.2969
141657.4531
141672.0469
142005.4063
142029.5
142232.8438
142290.3438
143386.9063
143470.9531
144077.3438
144088.1563
144337.5469
144344.3438
145005.25
145150.5
145184.7031
145301.6563
145437.9531
145468.4063
145959.9531
146069.2031
146143.3438
146193
146379.25
146413.6563
146596.9063
146655.8438
146695.0469
146706.5938
146713.9531
146726.8438
146731.4531
146731.6563
146734.9531
146742.0938
146743.7031
146749.0469
146751.3438
146756.8438
146763.4531
146771.5938
146779
146786.5469
146829.2031
146846.9063
146896.5469
146900.9063
147048.5938
147700.3438
147723.9063
147973.75
147980.7031
148165.5
148212.25
148281.9063
148530.2969
148797.2031
148838.2031
149223.0938
149308.1563
150191.3438
150438.5
150475.2031
150653.7969
150756.8438
150785.5
151202.7031
151351
152112.1563
152118.8438
152336.5
152356.5469
152542.0469
152593.25
152706.8438
152886.0938
153353.6563
153380.7031
153634.9531
153990.9531
154012.9531
154268.5469
154303.8438
155496
155506.3438
155963.25
155968.7031
155980.0469
156210.7969
156223.7969
156859.75
156869.9063
156896.7031
157219.75
157601.1563
157606.2969
157699.2031
158223.6563
158597.2031
158602.9063
158727.4063
159534.6563
159747.4531
159970.75
160074.8438
160354.9531
160356.4531
160369.4531
160695.7031
160729.4531
161147.3438
162437.5469
162537.6563
162575.7969
162584.3438
162606.8438
162621.75
163460.25
163891.5938
164399.9063
164406.0469
164817.2969
164937.2969
165232.25
165257.8438
165465.5469
165472.5
165515.7031
166504.2969
166512.7031
166840.9531
166847.7969
167022.3438
167238.5938
167468.0469
167559.7031
167871.9531
168721.2969
168731.7031
168964.0938
170219.4063
170226.8438
170442.7969
170476.75
170485.5469
170545.4063
170663.4063
171038.2969
171051.1563
171545.5
171965.7969
172331.75
172365
172387.2969
172399.3438
172657.25
173013.5
173013.5938
