141.8874969
197.0375061
645.6375122
696.5374756
993.2874756
1045.987549
1266.837524
1345.037476
1370.587524
1615.737549
1687.237549
1722.1875
1794.087524
1835.337524
1951.4375
2466.9375
2711.4375
3020.637451
3367.537598
3751.987549
4141.337402
4191.587402
4245.487305
4329.337402
4408.9375
5418.1875
6101.987305
6549.6875
6650.1875
6753.987305
7207.587402
7417.837402
7523.887695
7549.787598
7864.037598
8001.737305
8136.337402
8211.6875
8294.087891
8393.287109
8442.637695
8521.4375
8725.4375
8803.537109
9085.037109
9284.637695
9770.4375
9949.087891
10010.3877
10134.4375
10417.4873
11665.1377
11880.6377
12050.9873
12128.4375
12177.7373
12245.6875
12825.83789
12864.4873
13016.33789
13077.28711
13258.08789
13382.1377
13472.6875
13512.58789
13973.9375
14038.8877
14130.28711
14227.33789
14280.33789
14484.03711
14618.9375
14816.6377
14988.1377
15027.4873
15361.03711
15870.28711
16023.78711
16199.1377
16252.78711
16628.6875
16773.9375
16908.08789
17125.83789
17193.1875
17305.28711
17355.33789
17495.08789
17526.53711
17683.88672
18083.33789
18163.48828
18208.48828
18307.53711
18360.83789
18405.88672
18604.23828
18628.63672
18795.53711
18830.98828
18865.58789
18977.73828
19226.38672
19401.03711
19561.08789
19637.78711
19820.78711
19976.38672
20005.98828
20191.38672
20231.38672
20549.13672
20577.6875
21018.73828
21138.03711
21293.53711
21322.6875
21468.08789
21502.28711
21567.23828
21796.6875
21911.48828
21994.23828
22179.33789
22387.73828
22481.1875
22730.1875
23015.23828
23172.6875
23317.23828
23364.88672
23652.1875
23847.23828
23900.23828
23931.78711
24014.13672
24047.33789
24393.73828
24540.9375
24617.03711
24727.78711
24956.38672
25033.28711
25080.33789
25242.88672
25379.58789
25404.1875
25593.88672
25640.58789
25690.9375
25841.9375
25875.33789
25924.03711
26179.48828
26247.03711
26352.98828
26519.9375
26681.1875
26948.1875
27075.48828
27107.6875
27281.28711
28026.63672
28167.03711
28360.6875
28472.9375
28631.4375
28717.63672
29378.23828
29972.6875
30160.83789
30504.53711
30570.48828
30682.58789
30878.83789
30939.53711
31017.08789
31475.6875
31883.63672
32131.73828
32152.83789
32877.88672
32990.1875
33507.83594
34257.63672
34311.13672
34637.08594
34752.58594
34823.13672
35168.4375
35402.88672
35444.73828
35552.53906
35894.9375
36106.28906
36436.6875
36661.03906
36712.23828
36855.98828
37110.33594
37262.33594
37756.78906
38669.53906
38817.4375
38878.33594
38950.78906
39187.33594
39255.4375
39381.6875
39493.73828
39700.28906
39793.28906
39826.78906
39857.83594
40027.83594
40153.03906
40189.4375
40260.1875
40307.78906
40574.4375
40599.28906
40676.1875
40800.6875
40963.33594
41046.23828
41159.23828
41341.23828
41521.08594
41663.03906
41779.88672
42014.13672
42054.03906
42092.48828
42262.4375
42347.1875
42517.73828
42868.63672
42915.28906
42962.08594
43029.88672
43208.48828
43273.33594
43414.6875
43537.33594
43726.73828
43773.6875
44021.48828
44069.1875
44100.23828
44176.63672
44248.48828
44408.9375
44561.1875
44606.13672
44745.88672
44793.63672
44852.08594
46370.03906
46437.08594
46588.38672
47258.73828
47366.28906
47730.13672
48120.13672
48255.28906
48369.13672
48440.08594
48605.9375
48669.4375
48704.98828
48900.58594
48987.83594
49315.88672
49332.53906
49410.28906
49513.1875
49575.23828
49656.9375
50216.73828
50349.48828
50662.98828
50712.78906
50922.28906
51148.23828
51171.53906
51747.48828
52011.1875
52109.88672
52263.58594
52278.6875
52372.28906
52473.1875
52586.23828
52628.63672
52650.98828
52777.28906
53033.78906
53056.78906
53360.53906
53497.63672
53825.9375
54404.58594
54430.28906
54627.33594
54777.9375
55389.98828
55442.33594
55871.83594
55996.33594
56042.38672
56217.98828
56640.63672
56702.48828
57150.83594
57168.6875
57303.48828
57418.98828
57465.83594
57535.6875
57934.98828
58484.48828
58911.23828
59288.88672
59468.1875
59702.1875
59849.53906
59942.1875
60035.48828
60196.78906
60465.78906
60531.48828
60640.48828
60968.83594
61079.08594
61256.28906
61585.13672
61794.33594
61875.4375
62054.4375
62178.53906
62442.23828
62637.9375
62662.33594
62788.58594
62913.4375
63007.08594
63063.83594
63134.53906
63347.53906
63656.23828
63679.48828
63923.13672
63996.58594
64210.78906
64246.9375
64526.1875
64610.13672
65137.13672
65224.23828
65237.88672
65771.53906
65927.28906
66252.83594
66679.9375
66751.58594
66861.4375
67265.64063
67442.03906
67540.4375
67746.03906
67777.03906
67870.08594
68174.64063
68570.33594
69018.9375
69490.64063
69529.1875
70325.28906
70391.6875
70565.28906
70788.23438
71154.33594
71447.1875
71609.73438
71758.33594
72239.83594
72449.39063
72768.33594
72792.9375
73270.78906
73354.39063
73846.23438
74719.83594
75124.33594
75374.1875
75456.98438
75946.58594
76093.4375
76294.28906
76659.48438
76690.1875
76862.28906
77193.1875
77414.53906
77828.4375
77867.28906
77987.6875
78117.14063
78152.08594
78297.23438
78461.53906
78570.98438
78699.98438
78861.53906
79059.78906
79137.08594
79311.39063
79574.23438
79617.58594
79706.4375
79763.98438
79820.6875
79954.14063
79989.28906
80005.14063
80076.23438
80100.53906
80122.03906
80395.33594
80508.78906
81032.83594
81069.14063
81356.14063
81443.98438
81486.28906
81641.98438
81691.4375
81774.1875
81911.14063
82201.39063
82243.1875
82489.39063
82579.89063
82671.4375
82706.33594
82999.83594
83048.58594
83197.28906
83319.23438
83359.53906
83446.03906
83593.48438
83839.58594
83862.58594
84173.9375
84200.39063
84535.33594
84570.73438
84610.64063
84695.78906
84799.48438
84916.48438
85606.23438
85753.78906
85976.14063
86184.73438
86380.58594
86438.83594
86580.14063
87052.08594
87105.73438
87353.9375
87500.4375
87626.83594
87664.83594
87784.39063
87871.28906
88108.83594
88224.6875
88277.28906
88431.78906
88533.33594
88575.83594
88704.78906
88953.1875
88981.9375
89206.98438
89355.64063
89433.1875
89487.28906
89705.33594
89816.1875
89965.78906
90008.14063
90141.48438
90240.89063
90524.83594
90618.98438
90714.89063
90844.89063
90952.89063
91027.03906
91159.28906
91387.33594
91460.98438
91512.23438
91710.08594
91757.9375
91821.98438
91911.53906
91989.39063
92287.23438
92305.33594
92467.4375
92569.23438
92869.33594
92909.03906
92964.9375
93058.48438
93093.98438
93170.6875
93293.53906
93333.08594
93596.03906
93673.73438
93826.6875
93940.23438
94024.6875
94078.98438
94143.48438
94267.39063
94380.28906
94427.78906
94640.53906
94692.83594
94856.08594
95084.1875
95229.39063
95291.03906
95509.39063
95618.58594
95669.08594
95786.28906
95891.89063
95955.1875
96163.1875
96286.48438
96294.48438
96546.14063
96659.98438
96723.39063
96760.58594
96835.73438
96877.6875
97064.64063
97224.1875
97277.53906
97374.28906
97492.08594
97600.6875
97807.39063
97891.48438
97963.89063
98067.23438
98244.1875
98281.48438
98488.23438
98509.58594
98558.89063
98729.6875
98906.89063
98965.23438
99007.48438
99067.39063
99245.33594
99335.98438
99474.83594
99639.08594
99686.6875
99714.1875
99746.03906
99945.53906
100054.7891
100135.8906
100286.9844
100338.1406
100503.5391
100624.3906
100753.1875
100797.0859
100841.1875
101080.4844
101225.6875
101334.6875
101368.7891
101565.2344
101689.1875
101766.6875
101869.8906
101980.4844
102005.4844
102133.4844
102318.8359
102364.2891
102436.2891
102477.7344
102610.4375
102679.8359
102871.7891
102935.2891
103102.9375
103429.8359
103489.7344
103590.7344
103646.4375
103667.1406
103852.8359
103856.0391
103990.7891
104135.3906
104314.0391
104505.9375
104535.6875
104612.6875
104659.3359
104770.9844
104878.0391
105016.6406
105304.8906
105410.5859
105455.2891
105513.6406
105580.9375
105770.9844
105812.6406
105837.9844
105900.0391
106157.2344
106235.2344
106327.9844
106371.5859
106443.8359
106512.7344
106704.4844
107044.3359
107147.2891
107215.1406
107244.2344
107351.0391
107391.8906
107419.0859
107693.8359
107722.4844
107793.6875
107913.0391
107957.9375
108020.1406
108196.0859
108289.9844
108315.5859
108403.0859
108506.9844
108740.5391
108776.3906
108858.4844
108889.8359
108939.6875
108974.8359
109253.8906
109319.7344
109352.3906
109403.8359
109648.6875
109748.3906
109921.9375
110082.4375
110157.9375
110228.5859
110363.6875
110393.0391
110597.5859
110636.2344
110745.4375
110763.8359
110865.4844
110897.2891
111001.0391
111087.1406
111122.4844
111205.8906
111292.7344
111327.6406
111375.4844
111449.2344
111542.1406
111682.5391
111774.0391
111804.2344
111945.0391
111981.1406
112105.9844
112303.3359
112332.7344
112505.3359
112568.1406
112837.8359
112950.2344
113062.5859
113164.6875
113247.4375
113341.2344
113521.6406
113578.6406
113609.7891
113780.1406
113927.0391
114126.8906
114394.7344
114435.4844
114505.0391
114621.5391
114660.7344
114830.0391
114859.5859
115027.4844
115165.9844
115221.1406
115260.2344
115457.2891
115575.7891
115597.0391
115715.4844
115817.2891
115937.8906
116028.6875
116179.6406
116238.1406
116261.3906
116319.7891
116382.6406
116494.5391
116800.9844
116929.1875
117025.0859
117191.0859
117260.0391
117305.0859
117331.0859
117491.6875
117562.4375
117589.2344
117755.5859
117792.0391
117820.2344
117876.3359
118211.7891
118262.4844
118310.7344
118451.5391
118579.9375
118650.8359
118773.5859
118880.4375
118909.0859
118929.9844
119097.3906
119236.7891
119380.8359
119533.3906
119662.2344
119765.1406
119845.9375
119973.1406
120178.2344
120289.6406
120332.1875
120447.0859
120646.4375
120678.9375
120729.9375
120752.2891
120790.2344
120809.6875
121002.3906
121008.4375
121041.9844
121122.8359
121197.3906
121247.1406
121364.6406
121452.4844
121552.8359
121577.1406
121705.5859
121786.1406
121858.5391
121879.5391
121965.0859
122130.7891
122245.5859
122261.0391
122335.6875
122416.4844
122726.6875
122789.4375
122816.8359
122867.2344
123045.6406
123344.6406
123362.2891
123442.8906
123478.6406
123527.2891
123635.1875
123653.6406
123771.7344
123791.4844
123874.3906
124089.6406
124166.7344
124240.3359
124294.7891
124387.4844
124501.1875
124613.7891
124838.2344
125075.1875
125165.5859
125274.5859
125382.1875
125455.2344
125508.9844
125662.2344
125958.3906
126128.7891
126243.9375
126404.2891
126453.9844
126560.9375
126719.5391
126747.0391
126777.4375
126931.1406
127058.2891
127306.7344
127411.3359
127460.9844
127494.8906
127966.4844
128088.5859
128254.1406
128401.0859
128449.4844
128542.3906
128669.0391
128767.1875
128813.3906
129073.3359
129124.0859
129169.0859
129257.6406
129320.5391
129395.3906
129425.1406
129467.5391
129624.8906
129795.2891
129819.5391
129990.0391
130051.4375
130102.0859
130220.1875
130379.0391
130728.1875
130772.5859
130789.5859
131056.6875
131079.5938
131159.7344
131282.1406
131327.3438
131548.7344
131632.4375
131663.2813
131710.7344
131791.8438
131877.8438
132009.7344
132074.0938
132219.8906
132237.0313
132329.8438
132369.6875
132403.7813
132483.0938
132511.5313
132594.0938
132737.9844
132863.6875
132941.8438
132995.2813
133153.5938
133241.0938
133270.3906
133600.2813
133685.1406
133758.7344
133790.6406
133969.3906
134131.3438
134312.2813
134411.6406
134475.7813
134647.1875
134745.5938
134787.2344
134975.1875
134993.4844
135045.4375
135128.7813
135207.6406
135278.9844
135489.5938
135504.7344
135577.3438
135623.1875
135830.3438
135853.7813
135947.7813
136077.2813
136142.9375
136342.4375
136407.0313
136526.6875
136669.3438
136903.0938
136983.3438
137039.3438
137202.5938
137255.9375
137481.2344
137567.9844
137630.6406
137705.5938
137748.2344
137888.3906
137913.7813
137981.0938
138139.5313
138380.8906
138444.4844
138557.0313
138592.2344
138703.4844
138772.0938
138813.5938
138875.0938
139023.0938
139101.3906
139214.2813
139277.1406
139400.7344
139523.5313
139629.8906
139775.7813
139865.7344
139919.8906
140000.9844
140117.3438
140197.8438
140322.6406
140366.9844
140388.1875
140439.9844
140476.4844
140510.8906
140571.7344
140682.8438
140765.2813
140825.1875
140970.9844
141123.6875
141294.9844
141487.6406
141608.5938
141637.8438
141739.0938
141828.4844
141871.4375
141903.7813
142081.6406
142147.2813
142219.5313
142422.3438
142537.6875
142546.6406
142596.2344
142701.7813
142750.4844
142820.7813
142970.1875
142992.1406
143041.9844
143119.3906
143283.7344
143346.0313
143557.8438
143613.1406
143776.6406
143923.2344
143951.1875
144078.3906
144140.5313
144274.0938
144365.1875
144455.9844
144481.6406
144654.0938
144677.4844
144875.0938
144915.6406
145007.9375
145246.1875
145438.0313
145590.7813
145676.0313
145711.6875
145771.7813
145806.6406
145897.0938
145914.6875
145944.1406
145977.4375
146064.3906
146195.0313
146237.2344
146321.7813
146444.0313
146510.6406
146595.7813
146638.2344
146650.7813
146819.0938
146850.0313
146974.2344
147148.3906
147178.7813
147292.2813
147385.9844
147415.0938
147436.3906
147692.5313
147758.1406
147797.5938
147926.0313
147996.3438
148107.0938
148251.2344
148309.4375
148330.4375
148355.8906
148382.0313
148468.8438
148548.8438
148781.4844
148923.7813
148962.4375
149151.4375
149241.4844
149338.6406
149358.9844
149484.0313
149515.1406
149599.0313
149685.5313
149709.1875
149788.0938
149901.0313
150055.4844
150092.0313
150137.3438
150234.1875
150435.2344
150568.4375
150674.7813
150746.5938
150791.5938
150911.7344
150940.7344
151034.7344
151061.9375
151131.3906
151238.9844
151479.4844
151646.3906
151789.8438
151873.4844
152014.2344
152097.5938
152140.9844
152179.2813
152467.5938
152513.4844
152564.5313
152608.2813
152771.2344
152800.9375
152854.6406
152886.6406
152990.4844
153104.4375
153183.8906
153229.5313
153318.3438
153732.8438
153898.3906
153950.1875
154005.9844
154063.9375
154166.2813
154189.9375
154277.8906
154370.9844
154399.5938
154513.9844
154533.6875
154559.6406
154710.1875
154772.6875
154835.4375
154863.7813
154921.8438
155120.0938
155138.0313
155210.8438
155324.5938
155394.0313
155440.6875
155575.3906
155698.9375
155805.4844
155854.3438
155893.9844
155923.5313
156014.1406
156127.0938
156150.1406
156184.4375
156240.0313
156447.7344
156588.2344
156699.8906
156732.1406
156903.9844
156999.4844
157082.7344
157111.2813
157206.4375
157243.2813
157327.1406
157442.8438
157530.9375
157671.5313
157757.6406
157803.8438
157960.3438
158017.6875
158166.4844
158232.6406
158339.0313
158472.1406
158508.0938
158554.1406
158589.9375
158714.0938
158747.4844
158785.1406
158822.9375
158952.6875
158981.4375
159095.8438
159147.6406
159182.4375
159217.4844
159257.4844
159479.5313
159521.7344
159689.1875
159781.6875
159928.1406
160014.9375
160051.8906
160149.8438
160332.5938
160356.5313
160415.4375
160449.9844
160572.7344
160641.7813
160702.3906
160871.6406
160918.8906
160948.9844
161153.4844
161295.0938
161411.4375
161458.6875
161570.3906
161658.6406
161703.9375
161750.7813
161851.6875
161906.3906
162048.4375
162113.3438
162179.5313
162306.8438
162356.9844
162416.2813
162590.5313
162778.6406
163052.1875
163457.8906
163644.5313
163697.6406
163727.3438
163883.3438
163955.9375
164100.2344
164140.8906
164420.0313
164482.9844
164533.1406
164704.6875
164767.6406
164823.5313
164921.1406
165038.3438
165110.9375
165167.1406
165181.0938
165329.0938
165392.6406
165532.4375
165593.7813
165721.0313
165846.6875
165870.1406
166038.1875
166109.7813
166142.0313
166181.4375
166210.2813
166312.7813
166407.6406
166463.7344
166526.9844
166560.2813
166640.6875
166716.8438
166759.9844
166864.4844
166867.1406
166892.3438
166956.7813
166993.2813
167166.8438
167206.8906
167259.5938
167354.6875
167403.3438
167557.4375
167638.0938
167677.1875
167725.9844
167826.1875
167911.7813
168071.5938
168108.1875
168158.6406
168192.3906
168361.1875
168386.4375
168508.6406
168547.2344
168570.7813
168603.7344
168637.9844
168679.4375
168729.7813
168793.3906
168829.3438
168901.9375
169256.1875
169294.4375
169359.5313
169463.5313
169695.5938
169763.2344
169868.9844
169893.0313
169916.6406
170037.2344
170103.9375
170237.5313
170266.2813
170355.6406
170514.6406
170622.4844
170661.8906
170815.6406
170884.5938
171066.8906
171416.0938
171451.1875
171594.4844
171617.0938
171716.2344
171966.0938
171989.3438
172122.2344
172153.7344
172288.7344
172516.7344
172621.6875
172704.7813
172740.8438
172814.8906
172949.5313
173036.1406
173096.9375
173178.7813
173238.8906
173278.9375
173301.8438
173469.1406
173561.0938
173605.6406
173701.9375
173762.7344
173796.1406
173817.1875
173978.9844
174087.7813
174129.9375
174294.4375
174353.7344
174434.7813
174483.6875
174516.1406
174553.4375
174760.6406
174788.4844
174879.9844
175033.7344
175182.7344
175230.8438
175334.1406
175479.1875
175519.9844
175566.4375
175640.4375
175684.6875
175731.3438
175780.4844
175801.4375
175918.1406
176003.1406
176331.7813
176361.5313
176563.6875
176597.7344
176650.0313
176707.4375
176829.2344
176909.8906
176942.4844
177022.5313
177100.8438
177163.7344
177259.2344
177367.8906
177423.3906
177476.2813
177692.0313
177781.0313
177918.5938
178140.6406
178329.5938
178421.6406
178445.2344
178465.4375
178595.0313
178622.4844
178719.8438
178752.7344
