8.800000191
1691.5
4564.549805
4564.649902
7665.5
7677.950195
7748.25
7752.399902
7752.5
8706.400391
11191.90039
13311.40039
13311.59961
15715.2002
15720.2002
15721.9502
17932.30078
17932.55078
20328.90039
21576.59961
21577.80078
21610.19922
21694.5
22602.59961
22637.80078
22930.59961
26016.65039
26193.34961
27110.5
28007.80078
28007.90039
28066.44922
28638.15039
28688.30078
28697.90039
28702.05078
28703.40039
28714.65039
28795.05078
30081.19922
30081.34961
30105.44922
30107.30078
30118.09961
30189.80078
30693.19922
32154.15039
35304.44922
35304.55078
36082.10156
36082.44922
36082.55078
36728.64844
38146.64844
38146.75
41816.55078
42113.14844
42113.30078
43184.60156
43184.75
45634.75
47493.35156
47522.64844
47543.75
47544
47544.14844
47544.64844
47744.94922
47998.05078
48810.19922
49226.44922
52499.64844
53394.05078
53641.05078
53705.35156
54987.30078
55221.55078
55265.39844
56112.10156
56112.39844
56144.80078
56158.44922
56196.10156
57740.39844
57740.55078
58063.94922
58064.30078
60099.35156
60099.64844
60513.64844
60531.30078
60532.25
63605.44922
64141.19922
64141.44922
65628.45313
65628.75
65993.20313
66585.45313
66585.75
66726.64844
67455.75
67455.89844
67456.04688
68546.89844
69873.39844
69873.60156
70077.64844
73251.39844
73850.60156
74447.20313
74447.35156
76767.5
77351.45313
77478.75
77810.39844
80261.35156
80261.54688
81193.85156
81350.75
84099.35156
84615.5
84615.70313
86009.04688
86214.14844
86214.60156
86845.29688
88149.64844
88149.79688
89249.64844
91577.25
91577.35156
94037.04688
94911.5
95611.89844
99079.14844
99576.29688
100383.6484
100574.2031
100574.7031
100607
102522.7969
102810.7031
102888.0469
102888.2031
104588.7969
104959.25
104959.6484
106219.5469
107100.9531
108255.1016
109117.1484
109411.2969
109411.4531
110918.1016
110918.25
111002.25
112125.5469
112125.75
113131.1484
113131.4531
113131.6016
113782.2969
115641.25
116598.3984
118990.5469
119564.5469
120878.8984
121384.5
123543.3984
123543.6016
123543.7969
123893.4531
123893.6016
124031.2031
124965.7031
126622.5469
126622.8984
127172
127949.7031
127950
128928.25
128987.0469
130289.7031
130892.0469
131749.1563
133075.1563
135558.7969
135558.9063
135592.25
135592.4063
135592.5938
136252.9063
136253.2031
136957.2031
137610.25
139131.6563
139963.0469
141709.0469
142210.4063
142210.5469
142573.0469
142573.25
143695.2969
143855.6563
145178.7969
146169.1563
146906.1563
151068.8438
151090.2031
151308.4063
151372.1563
151372.5
152427
152745.4531
159510.1563
159510.3438
160867.1563
162335.9531
162336.0469
162871.2969
162871.4531
162890.1563
163995.7031
164422.5938
165340
165781.2969
165781.5469
167775.2969
167775.7031
168554.5938
168554.7031
169072.25
169208.75
169209
169209.0938
170960.0469
170990.2969
