1786.550049
1821.25
1838.199951
1936.150024
2378.100098
2685.800049
2722.050049
2951.25
2988.449951
5251.049805
7316
12618.5498
17780.65039
17793.05078
17819.69922
17867.55078
17998.30078
18688.30078
21813.94922
21911.34961
22148.69922
22175.65039
23983.65039
28093.94922
28123.59961
28137.90039
28304.44922
28383.40039
28461.44922
30655.80078
31630.80078
31638.84961
32535.05078
32642.25
32754.40039
33586.55078
33604.89844
33671.64844
33730.19922
34570.69922
34696.10156
34757.05078
37695.60156
39588.39844
39779.80078
39802.19922
39941.55078
40089.30078
40406.5
41080.25
42616.30078
42911.14844
44588.44922
45027.55078
45202.14844
45780.69922
47000.55078
48168.55078
48247.94922
50119.94922
50383.64844
51086.10156
51158.30078
52681.05078
52750.25
53060.64844
53832.85156
54007.94922
54127.69922
54285.55078
56004.85156
58492.44922
58715.80078
59284.89844
60191.85156
60218.64844
60220.89844
60280.69922
60780.39844
61763.60156
63674.80078
65151.75
65351.94922
66024.5
67110.89844
68113.10156
70592.75
71052.5
71679.54688
71743.14844
72508.20313
73029.75
73968.85156
74971.60156
78191.89844
78205.64844
78655.20313
82390.64844
85343.5
85490.35156
86199.25
86916
88271.89844
91402.54688
92966.75
92997.04688
93522.10156
94216.10156
97793.45313
98152.54688
98228.20313
99473.75
99512.45313
104829.0469
105795.2031
106259.1484
106909.75
107002.3516
107910.3516
110255.4531
111130.1484
112237.3984
112373.8516
113009.2031
115101.5
117287.75
117330.2969
117418.6484
117439.6484
119437
120151.5
121132.25
121958.7031
122221.2969
122400.75
123337.3516
123800.4531
124372.9531
125842.9531
126005.25
128574.7031
128625.7969
128809.7031
130197.4531
130246.8516
130388.8984
133014.5
135761.8438
135919.6563
136947.6563
137303.0469
138707.4531
139982.0469
141091.6563
141822.0938
142066.5469
142095.75
142622.4063
142649.4063
142693.8438
143355.4531
144214.5469
144399.1563
144462.2969
145435.75
146795.4531
148178.2969
148399.25
148828.9531
148840
148927.4063
151672.5
151835.75
151945.2031
153502.5469
155064.25
155736.4531
156219.5469
156251.5
156508.0938
156952.7969
157760.5
159915.2969
159955
161856.9531
163094.1563
164303.3438
165654.2031
166388.9531
168277.3438
168297
168620.7969
169942
170863.4063
170893.75
171395.75
171435.75
171587.7031
172922.9531
173669.5469
173904.1563
174101.5938
174450.0469
175080.7031
175405.2969
176111.5938
176511.4063
177212.9063
177884.2031
180082.3438
180137.0938
180792.9531
180966.5469
182182.7969
183156.9063
183224.1563
185098.5
