28.23749924
125.4875031
286.5375061
354.9375
433.8875122
572.6875
618.4375
757.2874756
899.9874878
1166.737549
1230.987549
1362.4375
1409.837524
1537.787476
1563.337524
1591.737549
1634.637451
1727.237549
1750.587524
1880.737549
1968.837524
2027.087524
2093.637451
2193.1875
2313.487549
2340.837402
2448.337402
2485.6875
2662.9375
2857.987549
2924.1875
2950.6875
3079.237549
3216.737549
3291.737549
3350.837402
3400.087402
3543.987549
3662.587402
3822.787598
3871.1875
3912.9375
4202.887695
4258.587402
4396.237305
4485.137695
4514.237305
4552.9375
4573.387695
4600.137695
4739.637695
4769.287598
4801.737305
4849.787598
4867.737305
4895.137695
4974.1875
5006.887695
5039.9375
5204.4375
5255.737305
5481.387695
5524.837402
5550.837402
5630.637695
5712.337402
5741.487305
5969.387695
6028.587402
6069.137695
6168.9375
6193.087402
6241.987305
6328.887695
6465.537598
6487.4375
6555.737305
6720.637695
6810.087402
6827.487305
6944.837402
7013.287598
7231.287598
7357.637695
7457.837402
7489.987305
7535.587402
7572.487305
7600.237305
7675.787598
7720.487305
7756.987305
7853.587402
7942.9375
7994.837402
8077.6875
8131.387695
8238.1875
8282.9375
8428.987305
8450.1875
8483.037109
8562.887695
8595.387695
8649.137695
8710.087891
8748.787109
8915.137695
9022.387695
9061.537109
9139.087891
9262.537109
9297.837891
9399.787109
9463.037109
9615.337891
9760.587891
9848.287109
9904.4375
9975.987305
9993.637695
10028.1875
10136.8877
10187.6377
10287.1377
10343.6377
10436.1875
10495.8877
10634.4375
10950.8877
10996.9375
11029.28711
11077.2373
11096.7373
11235.58789
11322.3877
11399.33789
11533.4873
11592.2373
11632.6377
11647.83789
11674.4375
11710.9375
11796.58789
11824.33789
11962.9375
12113.83789
12155.9375
12211.28711
12361.2373
12459.6875
12508.3877
12593.6377
12640.03711
12729.4375
12794.9873
12870.28711
12955.4873
12981.3877
13039.08789
13172.1377
13329.03711
13438.58789
13508.7373
13537.58789
13591.78711
13687.8877
13771.7373
13827.6875
13895.2373
13956.4375
14006.4375
14047.53711
14075.33789
14145.28711
14195.78711
14263.7373
14287.4375
14366.83789
14596.08789
14623.78711
14787.9873
14842.1377
14880.08789
14976.4375
15055.58789
15121.2373
15211.1377
15404.3877
15440.4375
15542.8877
15574.1377
15617.9873
15665.7373
15717.9375
15760.58789
15913.28711
16028.1875
16100.9873
16133.1875
16212.33789
16294.28711
16328.9375
16351.3877
16399.6875
16507.9375
16594.63672
16628.98828
16688.58789
16795.03711
16840.53711
16938.78711
17063.08789
17146.63672
17174.1875
17248.38672
17267.58789
17333.53711
17375.23828
17399.23828
17481.53711
17546.03711
17621.83789
17712.83789
17862.63672
17954.23828
18106.1875
18159.08789
18217.63672
18239.23828
18290.58789
18360.83789
18382.23828
18417.13672
18472.23828
18536.73828
18569.73828
18600.33789
18629.83789
18654.6875
18724.63672
18796.53711
18857.4375
18942.23828
19054.33789
19102.53711
19147.58789
19172.53711
19238.88672
19260.53711
19298.33789
19349.4375
19465.38672
19521.9375
19746.73828
19783.23828
19875.23828
19912.48828
19975.98828
20056.13672
20153.38672
20224.08789
20294.73828
20371.33789
20428.78711
20483.53711
20501.28711
20553.53711
20582.1875
20698.08789
20769.08789
20840.33789
20887.03711
20949.53711
20986.23828
21169.9375
21321.23828
21374.08789
21491.53711
21629.98828
21670.78711
21710.53711
21744.1875
21849.13672
21871.73828
21889.6875
22068.4375
22112.28711
22155.83789
22191.23828
22250.33789
22356.38672
22394.1875
22432.33789
22474.58789
22520.1875
22592.08789
22717.63672
22848.88672
23007.73828
23280.33789
23326.33789
23415.83789
23444.33789
23528.48828
23544.9375
23566.23828
23729.03711
23763.33789
23790.48828
23855.1875
23940.9375
24011.6875
24034.03711
24093.28711
24119.53711
24198.23828
24329.88672
24365.83789
24389.98828
24447.6875
24489.4375
24594.53711
24711.38672
24742.4375
24795.4375
24901.1875
25043.23828
25115.23828
25195.08789
25285.73828
25429.98828
25513.38672
25569.98828
25731.4375
25821.83789
25900.23828
26097.1875
26128.03711
26202.23828
26228.6875
26272.53711
26314.6875
26469.9375
26490.03711
26522.03711
26553.6875
26658.33789
26680.08789
26717.4375
26851.53711
26963.23828
27058.28711
27105.53711
27162.28711
27207.88672
27223.63672
27318.13672
27375.9375
27465.63672
27607.48828
27669.4375
27752.53711
27785.73828
27826.03711
27973.53711
28072.08789
28112.88672
28127.88672
28162.23828
28196.23828
28380.23828
28442.73828
28561.73828
28608.98828
28646.78711
28680.28711
28833.73828
29102.33789
29143.88672
29268.63672
29330.78711
29367.03711
29427.08789
29451.13672
29522.53711
29580.48828
29705.03711
29856.6875
29942.23828
30026.48828
30048.13672
30069.9375
30254.53711
30300.48828
30364.9375
30409.4375
30612.1875
30690.6875
30763.88672
30836.13672
30910.78711
30943.78711
31059.63672
31126.98828
31188.33789
31239.33789
31378.03711
31505.53711
31554.4375
31614.6875
31679.63672
31763.4375
31930.58789
32081.33789
32152.13672
32409.88672
32438.48828
32495.1875
32686.28711
32713.98828
32746.53711
32778.1875
32853.4375
32879.4375
33050.58594
33097.48828
33261.83594
33473.73828
33526.53906
33696.23828
33763.23828
33852.48828
33915.03906
34004.63672
34131.03906
34188.63672
34213.58594
34266.58594
34308.78906
34469.6875
34491.88672
34552.33594
34701.88672
34720.58594
34952.98828
35120.28906
35289.33594
35345.48828
35534.98828
35589.23828
35613.23828
35759.98828
35781.83594
35817.98828
36008.23828
36122.23828
36179.9375
36272.73828
36311.88672
36333.08594
36374.73828
36581.38672
36618.98828
36645.4375
36722.98828
36921.9375
36953.03906
36991.53906
37054.28906
37193.78906
37294.38672
37361.03906
37410.13672
37618.4375
37649.53906
37708.4375
37739.23828
37795.83594
37891.38672
37926.08594
38189.63672
38311.9375
38396.08594
38428.28906
38560.63672
38583.33594
38628.23828
38793.83594
38991.4375
39038.58594
39067.4375
39240.23828
39349.23828
39370.83594
39525.78906
39647.88672
39689.28906
39786.78906
39919.38672
39951.4375
39992.4375
40040.9375
40116.23828
40275.13672
40393.83594
40539.78906
40591.23828
40621.9375
40728.4375
40845.28906
40879.23828
40933.63672
41066.53906
41115.48828
41146.63672
41255.73828
41446.9375
41511.33594
41622.6875
41698.63672
41767.48828
41798.38672
41834.48828
41877.03906
41925.88672
41949.6875
42057.4375
42085.58594
42162.48828
42241.9375
42362.58594
42496.83594
42602.63672
42662.78906
42805.63672
42855.03906
42922.48828
42979.73828
43150.53906
43209.9375
43308.28906
43470.1875
43593.38672
43721.6875
43887.9375
44058.28906
44169.1875
44195.63672
44240.53906
44329.28906
44417.98828
44487.08594
44704.03906
44821.4375
44889.48828
44924.83594
44942.63672
45009.78906
45148.73828
45178.33594
45202.38672
45246.1875
45274.23828
45410.88672
45511.38672
45587.53906
45659.08594
45712.58594
45755.83594
45803.63672
45924.83594
45972.53906
46027.4375
46048.33594
46084.73828
46113.9375
46184.08594
46223.9375
46276.78906
46355.6875
46455.98828
46495.13672
46585.48828
46617.4375
46623.83594
46720.1875
46759.83594
46996.28906
47103.88672
47343.9375
47369.6875
47505.83594
47519.58594
47535.78906
47572.53906
47596.6875
47653.08594
47683.13672
47729.13672
47795.53906
47819.33594
47872.98828
47909.88672
47960.53906
48044.78906
48065.33594
48103.73828
48249.4375
48323.03906
48388.98828
48513.28906
48620.08594
48727.83594
48829.63672
49021.23828
49074.28906
49114.38672
49200.98828
49309.73828
49355.1875
49394.33594
49433.03906
49509.1875
49540.23828
49717.63672
49742.08594
49843.73828
49984.23828
50048.48828
50073.23828
50177.08594
50358.03906
50547.38672
50598.63672
50626.28906
50658.6875
50709.03906
50759.33594
50836.98828
50900.08594
51023.23828
51120.08594
51227.88672
51282.9375
51310.63672
51387.1875
51457.23828
51539.13672
51579.53906
51709.08594
51735.9375
51862.98828
51928.6875
51962.03906
52164.28906
52296.73828
52385.33594
52448.4375
52505.23828
52532.33594
52627.4375
52805.13672
52877.78906
52954.88672
53042.08594
53114.73828
53250.48828
53339.78906
53388.33594
53445.9375
53541.6875
53677.83594
53873.9375
53889.4375
53912.63672
53943.6875
53966.58594
54001.1875
54066.63672
54193.33594
54224.48828
54252.13672
54344.88672
54457.38672
54715.83594
54792.73828
54840.53906
54898.23828
54950.28906
55044.58594
55118.63672
55169.13672
55195.28906
55256.1875
55320.6875
55443.83594
55472.33594
55705.13672
55775.23828
55804.98828
55865.88672
55891.38672
55960.78906
55995.13672
56048.78906
56087.33594
56114.48828
56132.73828
56232.88672
56265.08594
56346.58594
56544.73828
56621.28906
56676.33594
56808.48828
56826.1875
56857.03906
56886.88672
56956.73828
57061.6875
57079.88672
57162.23828
57261.28906
57316.08594
57357.38672
57512.08594
57644.03906
57662.28906
57696.88672
57794.63672
57839.23828
57941.03906
58013.13672
58085.78906
58191.88672
58250.4375
58285.33594
58404.08594
58509.58594
58876.6875
59110.6875
59224.83594
59277.73828
59406.28906
59518.88672
59581.48828
59606.33594
59650.03906
59788.23828
59824.23828
59918.38672
60031.1875
60146.78906
60456.33594
60479.83594
60506.28906
60556.03906
60617.28906
60642.33594
60804.63672
60924.4375
60986.58594
61044.48828
61101.38672
61130.88672
61166.33594
61287.9375
61330.48828
61413.98828
61789.88672
61899.9375
61923.38672
61989.9375
62019.08594
62351.88672
62447.03906
62500.08594
62536.6875
62633.23828
62678.48828
62720.38672
62755.48828
62780.13672
62862.9375
62970.1875
63104.1875
63206.33594
63408.48828
63437.58594
63468.48828
63548.83594
63590.03906
63649.23828
63826.38672
63950.13672
64060.13672
64111.63672
64241.73828
64269.4375
64342.9375
64416.83594
64440.83594
64478.4375
64581.13672
64683.23828
64746.13672
64784.78906
64811.98828
64850.1875
64937.38672
65051.33594
65116.48828
65172.08594
65401.6875
65437.78906
65567.1875
65706.23438
65743.6875
65827.08594
65869.78906
65940.73438
66000.48438
66052.08594
66430.14063
66554.89063
66583.64063
66820.9375
66900.78906
67034.48438
67206.33594
67353.58594
67417.73438
67477.53906
67545.89063
67628.73438
67808.23438
67826.48438
67896.48438
67918.1875
67935.6875
67952.39063
68029.33594
68065.53906
68330.28906
68455.1875
68481.14063
68550.98438
68585.48438
68626.03906
68723.4375
68791.6875
68882.9375
68906.23438
69030.83594
69065.33594
69089.33594
69106.1875
69260.28906
69344.98438
69469.4375
69513.28906
69595.73438
69641.4375
69778.14063
69905.78906
69973.9375
70060.33594
70134.48438
70190.14063
70249.58594
70394.73438
70490.48438
70579.39063
70609.4375
70659.4375
70949.39063
71042.39063
71079.4375
71130.23438
71246.53906
71285.08594
71332.4375
71526.39063
71581.4375
71704.39063
71772.83594
71871.39063
71932.03906
71980.64063
72060.28906
72174.64063
72265.83594
72309.28906
72421.89063
72461.53906
72523.98438
72827.48438
72881.39063
72913.98438
73197.83594
73250.39063
73315.48438
73601.58594
73659.89063
73692.48438
73836.33594
73862.4375
73878.73438
74079.4375
74280.14063
74318.83594
74350.73438
74454.58594
74531.1875
74649.89063
74825.48438
74977.14063
75129.1875
75205.33594
75228.9375
75310.4375
75351.39063
75371.48438
75416.39063
75492.14063
75850.03906
76111.03906
76277.58594
76377.4375
76519.08594
76574.28906
76616.73438
76767.78906
76805.73438
76834.14063
76986.39063
77017.89063
77044.58594
77053.53906
77175.73438
77202.73438
77239.14063
77257.64063
77296.73438
77375.4375
77421.4375
77539.53906
77604.1875
77680.9375
77698.08594
77720.28906
77771.33594
77949.23438
78067.83594
78123.08594
78224.9375
78267.53906
78347.89063
78443.6875
78474.1875
78546.03906
78644.14063
78742.4375
78816.48438
78919.48438
78986.48438
79061.58594
79180.6875
79244.98438
79318.28906
79334.6875
79387.78906
79591.48438
79620.53906
79653.33594
79671.03906
79694.89063
79900.4375
79958.48438
79988.1875
80042.03906
80060.98438
80161.83594
80239.39063
80301.53906
80344.73438
80428.58594
80529.73438
80645.78906
80931.64063
80941.28906
80987.98438
81104.4375
81259.58594
81372.39063
81399.33594
81569.03906
81600.98438
81659.03906
81699.08594
81728.1875
81850.58594
81872.98438
81909.14063
81932.23438
82059.39063
82101.98438
82196.1875
82223.14063
82302.48438
82338.83594
82506.89063
82809.83594
82895.78906
82950.83594
82973.98438
83176.9375
83197.6875
83288.64063
83314.58594
83334.1875
83409.48438
83428.03906
83449.53906
83555.03906
83636.58594
83679.4375
83766.98438
83857.9375
83908.64063
84001.14063
84059.9375
84090.23438
84197.14063
84241.73438
84269.23438
84315.73438
84354.23438
84510.28906
84534.6875
84584.9375
84660.73438
84717.64063
84795.28906
84819.89063
84843.64063
84879.48438
84978.98438
85043.23438
85167.58594
85254.6875
85353.4375
85439.89063
85498.53906
85714.9375
85765.9375
85784.39063
85879.9375
85977.1875
86006.78906
86079.98438
86110.28906
86169.03906
86368.23438
86515.4375
86547.48438
86580.33594
86596.83594
86709.03906
86753.1875
86780.6875
86797.64063
86858.64063
86954.28906
87054.89063
87099.83594
87195.9375
87358.9375
87413.14063
87436.53906
87504.98438
87523.58594
87620.23438
87642.58594
87683.89063
87704.89063
87774.48438
87896.9375
87958.89063
87995.1875
88022.58594
88073.89063
88386.23438
88447.98438
88528.58594
88588.14063
88624.08594
88675.9375
88727.78906
88799.23438
88850.64063
88869.83594
88930.83594
88981.23438
89027.08594
89132.78906
89237.4375
89350.39063
89402.39063
89661.14063
89687.53906
89733.33594
89792.03906
89818.58594
89874.39063
90063.9375
90189.39063
90220.78906
90271.98438
90314.4375
90364.89063
90416.08594
90514.64063
90558.53906
90662.58594
90679.64063
90714.14063
90802.39063
90866.6875
90977.08594
91089.53906
91115.33594
91220.53906
91259.58594
91346.1875
91416.08594
91498.23438
91552.28906
91715.83594
91887.03906
91914.03906
91978.73438
92025.03906
92234.39063
92341.78906
92373.9375
92520.53906
92636.6875
92654.4375
92693.03906
92747.53906
92823.83594
92867.39063
92976.58594
93191.14063
93225.08594
93378.23438
93414.64063
93458.58594
93513.83594
93557.58594
93617.28906
93662.4375
93775.1875
93791.23438
93903.48438
93944.89063
93989.08594
94016.58594
94038.6875
94128.48438
94144.1875
94204.98438
94242.4375
94279.48438
94497.33594
94673.64063
94696.28906
94781.1875
94815.58594
94887.98438
94936.03906
94990.28906
95120.78906
95441.58594
95483.58594
95562.78906
95651.48438
95706.53906
95740.48438
95833.39063
95936.08594
95980.48438
96115.23438
96162.98438
96274.89063
96294.64063
96329.48438
96361.9375
96383.4375
96520.33594
96557.6875
96611.23438
96809.4375
96875.28906
97045.6875
97116.33594
97142.78906
97176.1875
97224.9375
97291.48438
97329.53906
97437.33594
97507.83594
97669.58594
97686.48438
97814.64063
97911.78906
97933.58594
97989.83594
98030.33594
98128.64063
98188.78906
98229.6875
98353.98438
98446.14063
98579.33594
98597.98438
98656.1875
98708.28906
98741.28906
98897.14063
98954.08594
98989.48438
99033.23438
99102.98438
99233.4375
99267.33594
99296.03906
99318.9375
99447.14063
99579.1875
99625.1875
99647.89063
99679.6875
99729.6875
99762.08594
100000.8906
100052.3906
100289.1875
100419.2344
100460.2891
100505.9375
100522.1406
100621.7344
100797.0859
100837.2891
100914.4844
100938.6406
100977.3906
101014.3906
101322.7344
101478.7344
101497.8359
101556.9375
101588.4375
101627.8906
101867.1406
101932.7344
102011.1406
102040.3906
102097.8906
102318.9375
102404.0859
102447.2344
102512.8906
102554.3906
102597.5391
102747.5391
102853.1875
102927.2891
102959.5391
103001.1406
103328.4375
103385.1406
103510.7891
103670.9375
103763.9375
103841.5859
103948.9844
104009.2344
104101.6875
104145.4844
104264.7891
104317.7891
104446.3906
104482.9844
104593.3906
104692.5859
104940.6875
105111.7891
105312.0391
105367.6875
105529.6406
105560.7344
105592.3359
105646.8906
105713.7891
105876.6406
105906.9844
106117.5859
106211.2891
106265.9375
106323.7344
106349.0391
106384.5391
106411.4844
106482.1875
106554.8359
106637.7344
106960.6875
106997.2891
107100.4375
107151.9844
107286.8906
107397.4844
107444.0859
107607.9844
107638.1875
107676.8359
107757.9844
107834.6406
107971.4844
107999.6406
108044.5391
108101.2344
108143.9844
108215.5391
108300.2891
108334.2891
108705.9375
108760.7891
108797.1875
108854.2891
108972.3359
109042.7891
109160.8906
109487.6406
109678.4844
109696.8359
109752.6875
109893.4844
110067.5859
110142.4375
110284.0391
110425.6875
110640.2344
110788.6875
110855.1406
110997.0859
111172.8906
111250.0391
111294.3359
111475.8359
111640.4375
111788.7891
111823.4844
111905.4375
112034.8906
112103.6875
112174.5391
112267.4375
112406.2344
112519.5859
112678.3359
112777.2891
112839.1406
112884.7891
112909.6406
113011.3359
113194.0859
113270.1875
113418.3359
113543.3359
113622.9844
113645.2891
113660.1875
113794.9375
113874.7344
113939.3359
114052.6406
114260.9844
114492.7891
114549.5859
114624.7891
114753.8906
114827.0391
115047.0859
115137.6875
115164.8359
115256.8359
115393.1406
115452.4844
115467.0859
115524.9844
115824.1875
115866.2344
115945.7891
116126.9375
116165.5859
116311.5859
116569.5391
116651.2891
116685.4375
116733.7344
116852.0859
117051.9844
117143.9375
117190.2891
117283.6406
117318.1406
117420.7344
117590.8906
117716.8906
117928.9844
118010.7344
118080.2344
118133.6875
118210.4375
118326.8359
118379.0859
118681.7344
118777.2891
118819.8359
118961.0859
118990.5859
119178.0859
119284.1406
119299.9844
119525.5391
119754.5391
119767.9844
119881.9844
120017.7344
120027.0859
120071.8359
120136.8359
120165.0859
120323.0391
120390.3359
120451.0391
120540.3359
120779.8906
120816.3906
120853.2891
120952.3906
121005.4844
121029.0391
121065.1406
121141.5859
121191.3906
121213.9375
121252.6406
121310.3906
121746.7891
121890.8359
121916.3359
121942.7344
122028.4844
122069.0859
122092.2344
122301.0859
122407.5859
122745.9844
122811.1875
122820.1406
122857.2891
123014.4375
123119.3359
123162.2344
123191.7344
123456.3359
123494.5859
123700.3359
123895.5391
123977.7891
124047.5859
124106.3359
124151.8359
124270.2891
124429.5859
124624.0859
124868.4844
125051.2891
125067.9844
125122.3906
125158.1875
125212.4844
125285.1406
125363.4375
125499.6406
125564.1875
125601.7344
125620.5391
125737.8906
125775.3359
125840.4375
126000.2891
126181.5859
126216.3906
126289.3359
126325.7344
126341.4375
126447.2891
126474.4375
126490.8359
126834.5859
126907.1875
127092.1875
127162.3906
127307.7344
127420.1406
127509.9844
127545.6406
127817.9844
127897.7891
127930.4844
127961.8906
127978.6406
128000.8906
128054.9375
128146.1406
128172.8359
128481.5391
128506.7891
128685.7344
128711.9844
128794.2891
129199.6875
129285.2344
129335.7344
129424.7344
129464.0859
129508.8359
129604.5391
129637.6406
129804.4844
129820.0859
129888.9844
129927.2344
130067.8906
130173.6875
130210.3906
130321.1875
130350.2344
130398.5391
130421.5391
130537.9844
130567.9844
130598.8906
130633.1406
130703.8906
130725.1875
130774.5859
130869.7891
130911.5859
130995.9375
131043.4375
131098.5938
131148.0938
131212.9375
131309.8906
131334.2344
131396.0938
131543.3906
131619.7344
131686.5938
131709.1406
131790.7344
131938.9375
132007.3438
132063.4375
132140.0938
132178.9844
132308.8906
132411.9375
132565.3906
132601.7813
132712.7813
132742.0313
132814.0313
132878.8906
133000.4844
133049.0938
133071.5313
133108.5313
133517.6406
133630.8438
133652.4844
133675.2813
133718.7344
133868.3906
133948.1875
133975.7813
134007.5313
134163.7344
134260.2344
134566.4844
134751.5938
134782.5313
134803.7813
135076.5313
135111.1875
135147.6406
135168.9844
135208.7813
135585.2344
135658.8906
135979.9375
135993.0313
136036.9844
136219.8906
136448.6406
136588.7813
136621.0313
136680.9844
136762.9375
136814.7813
136896.9375
137078.8906
137101.3438
137167.9844
137269.9844
137313.1406
137457.8906
137519.2344
137693.1406
138001.2344
138127.7344
138148.7813
138171.6406
138381.5938
138406.4375
138741.6875
138904.1406
138967.5938
139045.8438
139158.6875
139232.1406
139286.9375
139306.4375
139334.7344
139380.5313
139456.6875
139509.8906
139546.5938
139572.5938
139729.7813
139788.1406
139838.2344
139878.6406
140091.1875
140244.5313
140308.6875
140371.2813
140430.3906
140467.3906
140547.8438
140654.3438
140846.3438
140905.3438
141021.4375
141112.9844
141144.4844
141274.5313
141527.8906
141546.7344
141609.0313
141708.2344
141768.0313
142074.5313
142138.9375
142172.3438
142232.2344
142289.5938
142379.6406
142484.4844
142527.4844
142583.1875
142701.6406
142847.9844
142985.0938
143012.5313
143070.8438
143241.1406
143381.0313
143413.5938
143519.2344
143641.6875
143789.9375
143802.9844
143822.9375
143846.9375
143867.5313
143893.3438
143960.4375
143992.7344
144241.3906
144287.2344
144452.7344
144514.4375
144572.6406
144685.5313
144738.1875
144796.2344
144832.7344
144916.8438
145060.8906
145085.9844
145264.2813
145327.1406
145439.7344
145467.9844
145536.7344
145589.3438
145695.1406
145936.0313
145980.1406
146029.9375
146062.5938
146252.7813
146336.2344
146491.2344
146598.5313
146646.4844
146803.3438
146857.7344
147007.3438
147068.5938
147251.7813
147330.6406
147400.7344
147594.9844
147679.5938
147741.7344
147901.1875
147920.5313
147958.6406
148086.4375
148186.8438
148371.8906
148391.5938
148538.2813
148631.5938
148707.9844
148817.3906
148863.7813
148982.3438
149038.9375
149063.9375
149205.0313
149381.4844
149448.3438
149466.5938
149550.3438
149657.1875
149680.5938
149741.7813
149820.1406
149899.3438
149916.0313
149938.9844
150043.9844
150159.2344
150235.7344
150358.9375
150404.0313
150441.4375
150566.5938
150651.3438
150764.5938
150863.9844
150959.7344
151064.8906
151146.9375
151222.2344
151282.0313
151403.2813
151479.2813
151675.2344
151732.1406
151818.7813
151953.2813
151981.0938
151998.1875
152044.4844
152077.5313
152126.7344
152231.1406
152287.0313
152318.5938
152364.4375
152383.9844
152404.7344
152489.1406
152532.7813
152591.9375
152659.3906
152712.9844
152733.2813
153049.3906
153089.7813
153151.2813
153249.0938
153294.0938
153352.7344
153386.0938
153460.9375
153561.8906
153672.9375
153695.1875
153790.9375
153838.1406
153894.6875
154034.4844
154054.3438
154083.8906
154195.6406
154310.0313
154382.1406
154411.7344
154444.5313
154472.1406
154604.3906
154684.8438
154761.5938
154784.3438
154894.4375
154954.6406
154980.3438
155105.6875
155121.9844
155171.5313
155235.8906
155327.0938
155341.8438
155452.7813
155518.9375
155579.4375
155603.8906
155697.1875
155758.3438
155785.1406
155879.3906
155910.7344
156177.9375
156228.0938
156376.1875
156402.2813
156458.0938
156540.2344
156609.5313
156817.7344
156938.7813
156984.8906
157067.7344
157170.1406
157237.2344
157256.9844
157509.4375
157565.6406
157644.1875
157692.2813
157743.5938
157995.7813
158015.4375
158112.7344
158191.5313
158251.5313
158341.0938
158521.7344
158574.8906
158704.6875
158728.8438
158768.9844
158962.8906
159046.8906
159154.7344
159186.7344
159298.0938
159326.1875
159581.4844
159662.3906
159704.7344
159728.5313
159874.7344
159916.6875
159961.7813
160059.5938
160131.0938
160161.0313
160187.5938
160252.5313
160266.5313
160377.1406
160420.9375
160488.5313
160636.9375
160708.2813
160736.3906
160766.6406
161070.2344
161210.2813
161244.1875
161264.6875
161281.1406
161458.6875
161553.4375
161608.0938
161721.8438
161772.0313
161798.9844
161966.6875
162013.4844
162154.2813
162164.0938
162200.1406
162233.3438
162255.5938
162267.7813
162282.6406
162526.1406
162543.5313
162560.6875
162596.9375
162620.5313
162721.0313
162770.6875
162811.8438
162880.3906
163109.9375
163119.0313
163162.1406
163326.1406
163359.7344
163458.1875
163495.1875
163542.2813
163579.3438
163721.9375
163748.1406
163890.0938
163937.8438
163965.7344
163982.0313
164005.6875
164118.9375
164212.5938
164375.9844
164588.3906
164633.5938
164691.4375
164769.9844
164892.6406
164966.3906
165098.2344
165166.0938
165242.2813
165309.7813
165361.8906
165440.6406
165560.2813
165646.2344
165688.2813
165737.3906
165787.8438
165835.6406
165871.5938
165925.0313
165957.3438
166109.2813
166154.3438
166193.7813
166270.9844
166350.3906
166369.8906
166428.0313
166538.8906
166568.0313
166609.7813
166661.5938
166678.8906
166702.9375
166795.0313
166859.3438
166922.0313
166961.1875
167023.3906
167124.5938
167238.0313
167323.5313
167466.9844
167490.5313
167567.4844
167683.3906
167712.9844
167784.9844
167894.3906
167927.9375
168092.6406
168121.6406
168215.3438
168326.1875
168389.7344
168566.8906
168626.4844
168730.2813
168758.5938
168890.2813
168991.9844
169057.6406
169133.3438
169194.3438
169371.3906
169483.9375
169749.6406
169868.5313
169901.3438
169945.1875
170105.3438
170144.9375
170273.6406
170370.5313
170407.8438
170518.2344
170636.5938
170709.5313
170769.3906
170802.5313
170897.6875
170973.4844
171017.3438
171257.7813
171310.8906
171350.3438
171481.9375
171512.1875
171586.2344
171615.7344
171744.8438
171771.8906
171889.0313
171925.8438
171964.9375
172019.8438
172070.9375
172262.0938
172323.2344
172489.2344
172593.9844
172660.7813
172712.1875
172744.2344
173089.5313
173416.0313
173450.9375
173560.2344
173577.5938
173611.8906
173688.0313
173715.6875
173769.0938
