28.88750076
28.98749924
126.1374969
573.4375
758.0875244
1167.337524
1538.4375
1727.837524
1969.4375
1969.587524
2059.037598
2193.887451
2341.637451
2858.637451
3217.387451
3292.487549
4396.837402
4396.9375
4397.037598
5256.337402
5525.4375
5525.587402
5970.137695
6329.6875
7358.387695
7536.237305
7573.1875
9062.087891
10496.6377
10997.58789
12956.1875
14007.08789
14880.78711
15121.83789
15574.7373
15574.8877
16689.33789
16939.38672
18159.78711
18537.4375
19148.28711
19148.38672
21374.88672
22394.98828
23280.9375
23529.13672
24595.13672
25043.78711
25732.03711
25732.1875
27466.33789
29367.73828
29523.1875
29705.58789
29857.4375
30410.08789
30410.23828
31764.1875
33474.28906
33474.4375
33763.83594
33915.6875
34470.4375
34470.58594
34953.58594
35289.98828
35535.63672
36375.4375
36375.53906
36723.58594
36723.6875
37194.38672
37295.03906
38190.23828
38312.58594
38429.03906
38561.33594
38992.13672
39068.1875
39349.9375
39919.98828
40116.88672
40845.98828
40934.23828
41067.33594
41511.98828
41699.38672
42363.28906
42855.63672
43722.38672
43888.58594
44058.88672
44418.6875
44925.4375
45149.58594
46495.88672
47344.63672
47506.48828
48389.63672
48513.88672
48728.53906
48830.1875
48830.53906
49718.33594
50358.58594
50358.78906
50548.03906
50759.98828
51120.73828
51120.88672
51228.4375
51311.38672
51311.53906
51709.73828
52297.53906
52385.9375
52505.9375
52627.98828
52628.13672
52805.73828
52955.53906
53115.4375
53251.13672
53251.33594
53542.33594
53678.53906
54067.58594
54345.48828
54345.63672
54458.03906
54458.23828
54716.58594
54793.48828
54898.83594
54898.98828
55444.53906
55705.83594
55961.38672
57080.53906
57162.88672
57795.33594
59111.28906
59407.08594
59519.63672
59582.13672
59824.83594
60031.78906
60457.08594
60480.48828
60480.58594
60925.03906
60987.1875
61790.4375
61900.58594
61924.03906
62019.83594
62447.6875
62633.88672
62679.13672
62970.9375
63206.88672
63438.23828
63469.08594
63549.53906
64060.78906
64270.08594
64683.88672
64746.9375
64812.6875
65052.03906
65402.38672
65438.38672
65744.28906
66001.08594
66052.73438
66430.73438
66430.89063
67035.08594
67206.98438
67207.23438
67629.4375
67808.89063
67897.1875
67918.78906
67953.08594
68331.03906
68455.73438
68456.03906
68551.78906
68626.64063
68626.78906
68724.14063
68883.73438
69031.4375
69345.6875
69470.14063
69513.83594
69514.08594
69642.1875
69778.78906
70579.9375
70660.14063
71042.98438
71043.14063
71080.14063
71247.14063
71773.48438
71872.03906
71981.14063
71981.28906
72266.4375
72422.4375
72422.64063
72914.64063
73198.39063
73198.64063
73251.03906
73660.6875
73836.9375
73837.03906
74080.03906
74280.78906
74319.4375
74351.48438
74531.73438
74826.08594
75205.9375
75311.08594
75416.98438
75693.89063
76278.1875
76378.08594
76519.64063
76617.28906
76806.4375
76987.08594
77297.4375
77681.64063
77949.83594
78123.6875
78225.64063
78546.83594
79388.48438
79592.14063
79592.28906
79901.03906
80042.73438
80302.23438
80646.48438
81105.08594
81260.28906
81399.9375
81601.58594
81851.28906
81932.89063
81932.98438
81933.1875
82303.1875
82507.48438
82896.4375
82951.6875
83289.23438
83289.33594
84001.73438
84316.33594
84535.28906
84535.53906
85168.23438
85715.58594
85766.58594
85977.9375
86080.58594
86110.98438
86515.98438
86516.14063
86709.64063
86954.89063
87413.78906
87437.1875
87505.6875
87524.28906
87620.89063
88448.6875
88799.89063
88851.39063
89027.78906
89351.03906
89661.78906
89734.1875
90190.08594
90416.78906
90559.1875
90663.23438
90663.33594
91260.53906
91416.64063
91716.4375
92235.03906
92342.33594
92342.4375
92374.53906
92374.6875
92521.1875
92824.4375
92868.03906
93191.83594
93378.9375
93415.23438
93415.53906
93459.23438
93904.14063
93904.33594
93989.64063
93989.83594
93989.98438
94129.1875
94497.89063
94498.14063
94674.33594
94781.83594
95442.1875
95442.28906
95484.1875
95563.4375
95652.03906
95707.23438
95707.39063
96330.1875
96558.39063
96876.03906
97225.6875
97670.4375
97912.4375
97912.58594
98030.98438
98189.39063
98354.58594
98354.6875
98580.08594
98897.83594
98990.14063
99267.98438
99447.9375
100001.5391
100001.6875
100419.9844
100460.9844
100622.4844
100837.9375
100978.0391
101015.0391
101323.2891
101498.4375
101498.5391
101557.5859
101867.7344
101933.3359
102040.9844
102098.4844
102319.4844
102319.6406
102404.7891
102447.9375
102513.4844
102554.9844
102927.8906
102960.0859
103001.7344
103671.4375
103764.5391
103764.7891
103842.3359
103842.4375
103949.9375
104009.8359
104146.1406
104318.3906
104318.5391
104318.6406
104447.0391
104483.7344
104593.9844
104941.3359
105112.4844
105312.6875
105530.3906
105561.3359
105592.9375
105714.3359
105877.2344
105907.6875
106118.2344
106211.8906
106266.6406
106555.5391
106638.3359
106638.4844
106638.6406
106998.0391
107100.9844
107152.5391
107287.5859
107398.0859
107398.3359
107444.7344
107835.2891
107835.3906
107972.1875
108000.2891
108045.1875
108101.8906
108216.2891
108706.5859
108761.4844
108761.6406
108854.9375
108972.8906
108973.0859
109043.3906
109161.5859
109488.2344
109554.5391
109679.0859
109697.5391
109753.3359
109753.4844
110068.1875
110143.0391
110143.1406
110143.2891
110426.4375
110640.8359
110789.3906
110855.7891
110997.6406
111173.4844
111250.6406
111294.8906
111476.4844
111640.9844
111641.1406
111641.2344
111789.4375
111824.1406
111905.9844
112035.4375
112104.2891
112104.4844
112175.0859
112268.0391
112406.8359
112520.2891
112520.3906
112678.9844
112777.8906
112777.9844
112839.6875
112839.9844
112885.4844
112910.3906
113012.0859
113270.7891
113270.9375
113418.8906
113623.5391
113645.9844
113795.5391
113939.9375
113940.0391
114261.7344
114550.1875
114625.3906
114754.4844
114827.7344
115047.6875
115138.3359
115257.3906
115393.7891
115525.6406
115824.7891
115866.8359
115946.4375
116127.5391
116127.7344
116166.2344
116166.3359
116312.2344
116570.1406
116651.8906
116652.0391
116652.1875
116686.1406
116852.6875
116852.8906
117052.5391
117144.5391
117190.8906
117318.7344
117421.3906
117717.5391
117929.5859
118011.2891
118080.7891
118080.9844
118134.2891
118210.9844
118327.4375
118379.8359
118682.2891
118778.0391
118820.4375
118820.6406
118961.6875
118991.1875
119178.7344
119284.7891
119284.9844
119300.6875
119526.1406
119768.6406
119882.5859
120018.2891
120027.7891
120072.5859
120137.3906
120391.0391
120451.7344
120451.8906
120780.5391
120816.9844
120817.2344
120952.9375
121006.1875
121029.7344
121029.8359
121142.2344
121192.0859
121214.5391
121253.2891
121310.9844
121747.3359
121891.4844
121916.8906
122029.2344
122069.8906
122301.6875
122408.1406
122746.5391
122811.7891
123015.0859
123163.0391
123192.3359
123456.9375
123495.2891
123700.9375
123896.1406
124048.1406
124048.3906
124106.9375
124152.5859
124270.9375
124430.0859
124624.6875
125051.8359
125068.5859
125158.7891
125285.7344
125364.0391
125500.2344
125500.4844
125564.8359
125602.3359
125841.0859
126000.8359
126182.1406
126182.2344
126216.9844
126290.1406
126447.8906
126475.0859
126491.5391
126835.1875
127092.8906
127162.9375
127308.3359
127420.6875
127420.7891
127546.2344
127818.5391
127898.3906
127898.5391
127931.1406
128482.0859
128507.3906
128686.2891
128712.6406
128794.8359
128794.9375
129200.2891
129285.8906
129336.3906
129425.3906
129464.8906
129509.4375
129509.5859
129605.1406
129638.3906
129638.4844
129805.2344
129820.6406
129889.5859
129889.8906
130068.5391
130174.2344
130211.0859
130321.7891
130399.2344
130538.8359
130704.6406
130775.2344
130775.3906
130870.3906
130912.2344
130996.6406
130996.7891
131044.0391
131099.2813
131148.6875
131213.5938
131334.8438
131334.9844
131543.9844
131544.0938
131620.3438
131620.5313
131791.4375
132008.0313
132064.0938
132309.4375
132412.4844
132566.0938
132602.4375
132713.5313
132742.6406
132879.6406
133049.6875
133072.1875
133518.1875
133653.0313
133653.2344
133675.9375
133719.3438
133869.0313
133948.8906
133976.6406
134008.1406
134008.3438
134164.3438
134164.4844
134260.8906
134567.0938
134752.2344
134783.0938
134783.2813
134804.3906
134804.5313
135077.0938
135111.7813
135111.9375
135148.2813
135169.5313
135209.4375
135585.7813
135659.4844
135659.5938
135980.5938
135993.6875
136037.4844
136220.4375
136449.2344
136589.3906
136621.6406
136681.5938
136763.5313
136815.4375
136815.5938
136897.5313
137079.4844
137101.8906
137270.5938
137313.7344
137458.6406
137519.9375
137693.6875
138001.8438
138128.3906
138149.3438
138172.3906
138172.4844
138382.1875
138407.0313
138742.2813
138904.7344
138968.2344
138968.3438
139046.4375
139232.8438
139287.7344
139335.3438
139381.1406
139457.2813
139730.4375
139788.7344
139788.9375
139838.8906
139839.0938
140091.7813
140245.2813
140309.3438
140431.0313
140468.0313
140548.4844
140654.8438
140905.8906
141022.0313
141022.2344
141113.6875
141145.1406
141275.1406
141528.4375
141609.6406
141708.7813
141768.7344
142075.1406
142139.5313
142172.9844
142232.8438
142290.2344
142485.0938
142528.1406
142583.9375
142702.2344
142702.4375
142848.5313
142985.7344
143013.0938
143013.2344
143071.3906
143071.6406
143241.6875
143241.7813
143242.0313
143381.6875
143381.7813
143414.1875
143519.9375
143642.2813
143790.4844
143803.5938
143803.8906
143823.6406
143847.5938
143961.0313
144242.0938
144287.8906
144515.0313
144573.3438
144686.2344
144738.9844
144833.3438
144917.6406
145061.4375
145264.8906
145327.6406
145440.3438
145468.6406
145537.2813
145589.8906
145695.7344
145936.6406
145936.8906
145980.7813
146030.5938
146063.1875
146253.3438
146336.7813
146440.0313
146491.9844
146599.1406
146599.4375
146647.0938
147008.0313
147069.2813
147252.3906
147331.2813
147401.3906
147595.6875
147595.7813
147680.1875
147680.4375
147742.3906
147901.7344
147921.3438
148087.0313
148372.5313
148372.6875
148538.8438
148632.1406
148632.4375
148708.6875
148982.9375
149039.6875
149064.6875
149205.6875
149382.1406
149467.2344
149550.9844
149657.7813
149742.3906
149820.7344
149820.8906
149899.9844
149916.7813
149939.7344
150044.6406
150160.0313
150359.6406
150404.7344
150567.1406
150765.1406
150864.5938
150960.3438
151147.5313
151147.6875
151222.7813
151222.9844
151282.6875
151403.8906
151479.8438
151675.8906
151676.0938
151732.7813
151819.4844
151953.8438
151981.7344
151998.9375
152045.0313
152078.1406
152127.2813
152231.7344
152287.5938
152489.7344
152592.4844
152592.6406
152659.9375
152660.0313
153049.9844
153050.2344
153090.3438
153151.8438
153152.0938
153249.6875
153249.9844
153294.6875
153294.8438
153386.8438
153461.7344
153562.5313
153673.5313
153673.7813
153695.7813
153791.5938
153895.3438
154035.0938
154084.5938
154084.6875
154196.2344
154310.6875
154472.9375
154604.9844
154762.1875
154785.0938
154895.0938
154955.3438
154955.4844
155106.2344
155106.4844
155122.6875
155172.1406
155327.7344
155519.6406
155519.7344
155580.0313
155604.4844
155758.9375
156178.5313
156178.7344
156228.7344
156376.7813
156376.8906
156402.8906
156540.8906
156541.1406
156610.1406
156818.3438
156939.3906
156939.6406
156985.4844
157068.3438
157170.7344
157237.8906
157257.5313
157510.0938
157566.2344
157566.5938
157644.8438
157996.4375
158016.1406
158113.2813
158192.0938
158252.0938
158252.2344
158341.6406
158342.0313
158522.3438
158522.5938
158575.4844
158705.2344
158729.4844
158729.6406
158769.5938
159047.4844
159187.3438
159298.7344
159326.7813
159582.0938
159663.0313
159705.3438
159729.1875
159875.3438
159917.3438
160060.1406
160060.3906
160131.6875
160161.6406
160161.8906
160188.2344
160267.2344
160421.5313
160421.6406
160489.1875
160489.3438
160637.4844
160737.0313
160737.2344
160767.2344
161210.8438
161265.2813
161459.3438
161554.1406
161608.6875
161722.4844
161772.7344
161772.8438
161799.7344
161967.3438
162014.0313
162154.8906
162234.1875
162526.7344
162621.2344
162771.3906
162880.9844
163110.5313
163162.7813
163326.7344
163458.8906
163542.8906
163579.9844
163580.0938
163722.4844
163722.8438
163748.8906
163890.6406
163938.4844
163966.4375
164213.1875
164334.5938
164376.6875
164588.9844
164634.1875
164770.5938
164967.0313
165098.7813
165166.6875
165242.8438
165243.0938
165310.4844
165362.4844
165441.2344
165441.3438
165441.5313
165560.9844
165646.8906
165688.8906
165738.1406
165836.2344
165957.9375
165958.0313
166109.8906
166155.0313
166271.5938
166271.6875
166350.9844
166370.5938
166539.4844
166539.6406
166568.6406
166662.2344
166679.4375
166679.6406
166703.5313
166703.7344
166860.0938
166922.6406
166961.8438
167238.6406
167238.8438
167324.1406
167324.3906
167467.7344
167467.8438
167568.0938
167683.9844
167684.1406
167785.5313
167928.5313
168093.2813
168093.4844
168122.1875
168215.9375
168326.8438
168326.9375
168567.5313
168627.1406
168627.2813
168730.8906
168759.2344
168890.8438
168891.1875
168992.5938
169134.0938
169194.9375
169195.2344
169371.9844
169484.4844
169750.1875
169869.1875
169901.9375
169945.7344
169945.8906
169946.0313
170105.8906
170145.5938
170371.0938
170408.4375
170408.6406
170518.8906
170637.1875
170770.1875
170803.0938
170803.4375
170974.0938
171018.0938
171258.3906
171311.4844
171350.9844
171351.1406
171482.5313
171512.7813
171586.8438
171745.3906
171772.5313
171889.7813
171926.3906
172071.5938
172262.7344
172262.9844
172323.8438
172489.8906
172594.5938
172594.7813
172661.2813
172712.7813
172744.8438
172744.9375
172745.0313
173090.0938
173416.6875
173451.5313
173560.7813
173612.4844
173688.5938
173688.9375
173769.6875
