206.2375031
303.9375
862.5875244
1020.087524
1020.287476
1158.387451
1158.487549
1230.337524
1311.537476
1464.387451
1464.637451
1610.087524
1698.787476
1734.887451
1735.087524
1745.837524
1764.6875
1973.137451
2422.137451
2563.6875
2760.987549
2761.337402
3084.9375
3143.4375
3404.6875
3775.9375
4787.387695
4825.487305
4825.737305
5034.1875
5150.787598
5151.037598
5187.287598
5353.4375
5689.1875
6568.287598
7221.4375
7358.837402
7406.537598
7486.087402
7535.1875
7832.137695
8075.1875
8144.737305
8358.287109
8449.337891
8627.487305
9324.1875
9844.387695
9844.637695
9844.787109
9844.887695
10382.3877
10928.1875
11434.2373
11434.3877
11471.9873
11472.1875
11518.1377
12158.4375
12158.6875
12347.9873
12391.3877
12391.4873
12462.7373
12462.83789
12631.78711
12631.8877
12732.4873
12782.8877
12822.8877
13058.58789
13332.6377
13332.7373
13414.1377
13414.33789
13462.8877
13462.9873
13614.78711
13809.4873
13943.83789
13944.2373
14232.1377
14284.2373
14335.7373
14385.8877
14569.03711
15633.6875
16097.4873
16292.58789
16345.1377
16345.3877
16407.73828
16407.9375
17055.63672
17368.03711
17368.23828
17412.33789
17572.1875
17719.03711
18994.9375
19128.1875
19268.78711
19268.88672
19517.23828
20172.23828
20215.23828
20215.38672
20368.9375
20416.78711
20416.88672
20588.9375
20717.98828
20718.08789
20718.1875
20801.23828
20869.38672
20924.08789
21012.28711
21431.13672
21606.98828
21607.08789
21709.9375
21710.03711
21757.58789
21757.73828
21818.9375
22105.73828
22543.23828
22616.58789
22776.88672
23059.58789
23059.83789
23247.33789
23516.08789
23587.78711
23640.53711
23640.9375
23853.53711
24174.9375
24579.6875
24674.48828
24674.63672
24674.83789
24901.08789
24901.23828
25289.13672
25289.4375
25460.33789
25460.53711
25564.1875
25702.88672
25703.13672
25980.48828
26093.9375
26362.4375
26475.1875
26598.48828
26688.83789
26689.23828
26908.03711
26908.1875
27158.88672
27307.03711
27307.23828
27476.98828
27477.13672
27477.23828
27477.33789
27673.63672
27673.73828
27674.03711
27761.63672
27850.78711
27908.23828
27959.4375
27959.58789
28061.63672
28540.9375
28835.1875
28835.28711
28970.73828
28999.28711
29308.1875
29616.38672
29775.78711
29775.98828
29931.53711
30231.78711
30231.9375
30338.48828
30422.38672
30422.58789
30682.4375
30682.6875
30771.98828
30959.6875
31246.9375
31399.23828
31399.38672
31445.33789
31620.63672
31620.78711
31647.58789
31972.1875
32022.78711
32154.6875
32322.73828
32366.83789
32414.08789
32443.13672
32443.4375
32546.88672
32547.08789
32547.28711
32644.6875
33083.6875
33083.9375
33163.08594
33307.53906
33307.73828
33418.38672
33418.48828
33489.53906
33629.08594
33629.28906
34413.98828
34467.9375
34468.1875
34492.88672
34869.98828
35021.48828
35395.28906
35395.63672
35419.23828
35525.9375
35699.53906
35699.6875
35936.28906
36103.58594
36379.88672
36413.6875
36630.1875
36630.4375
36898.48828
37043.88672
37201.13672
37472.9375
37726.88672
37750.33594
37750.58594
37750.6875
37940.63672
38013.88672
38225.73828
38326.33594
38519.13672
38651.6875
38651.78906
38651.98828
38773.6875
38802.03906
38841.58594
38896.1875
38991.4375
39110.6875
39307.4375
39410.38672
39553.98828
39750.13672
39750.38672
40004.73828
40069.73828
40083.6875
40215.6875
40429.48828
40557.83594
40587.08594
40754.9375
40755.08594
40967.88672
41250.13672
41323.78906
41592.53906
41592.6875
41654.88672
41690.38672
41802.13672
41802.48828
42156.28906
42156.53906
42377.08594
42570.48828
42878.78906
42878.88672
42973.88672
43121.03906
43144.63672
43239.03906
43305.88672
43306.08594
43407.98828
43502.6875
43801.08594
43801.23828
43890.23828
43969.53906
43969.6875
44093.13672
44133.4375
44260.53906
44563.78906
44689.78906
44890.1875
45028.23828
45171.73828
45206.48828
45544.48828
45544.58594
45544.73828
45653.53906
45741.78906
45842.13672
45842.23828
46030.23828
46057.6875
46124.48828
46208.23828
46557.63672
46557.73828
46689.73828
46689.88672
46878.58594
47024.08594
47211.38672
47289.58594
47380.88672
47380.98828
47475.08594
47505.33594
47564.1875
47564.38672
47628.13672
47628.28906
47628.38672
47660.6875
47661.03906
47661.1875
47808.73828
47878.4375
47878.63672
47913.98828
47914.13672
47951.53906
48024.4375
48257.33594
48257.48828
48377.88672
48704.28906
48826.03906
48983.08594
49051.33594
49223.38672
49368.08594
49653.83594
49806.13672
49945.78906
50057.98828
50118.88672
50119.1875
50182.73828
50212.63672
50361.53906
50442.58594
50621.48828
50679.9375
50680.13672
50743.78906
50743.9375
51196.48828
51196.63672
51311.48828
51448.53906
51607.23828
51713.4375
51897.98828
52035.98828
52205.78906
52563.4375
53078.23828
53615.23828
53835.33594
53835.48828
53835.73828
54125.58594
54390.6875
54508.9375
54710.58594
55026.73828
55093.03906
55307.78906
55408.28906
55567.28906
55734.33594
56035.73828
56236.08594
56776.48828
56776.58594
56844.28906
56949.88672
57114.78906
57194.23828
57194.4375
57317.28906
57317.48828
57643.78906
57839.03906
57839.23828
57900.9375
57901.1875
58000.63672
58125.28906
58369.4375
58402.83594
58474.98828
58582.48828
58871.73828
59492.4375
59532.48828
59532.73828
59795.63672
59938.73828
59939.13672
59998.83594
60149.1875
60993.03906
61168.28906
61168.38672
61183.48828
61533.73828
61533.98828
61584.48828
61983.9375
62130.9375
62396.28906
62533.88672
62604.58594
62955.23828
62955.38672
63026.6875
63087.33594
63196.4375
63316.58594
63316.73828
63459.73828
63949.78906
63949.98828
64321.58594
64442.53906
64777.88672
65079.4375
65113.9375
65218.33594
65458.88672
65904.6875
65980.33594
65980.4375
65980.58594
66190.83594
66925.03906
66971.6875
67808.28906
68366.1875
68686.23438
68786.78906
68786.89063
69251.08594
69299.9375
69386.64063
69414.08594
69445.33594
69502.03906
69614.9375
69887.4375
69999.08594
70047.73438
70047.89063
70114.9375
70115.23438
70134.4375
70244.03906
70324.39063
70430.14063
70465.78906
70673.9375
70710.64063
71417.89063
71701.64063
71701.73438
71813.64063
71813.78906
72068.98438
72216.53906
72467.4375
72507.39063
72654.9375
72905.03906
72957.33594
73731.23438
73778.9375
74002.53906
74067.6875
74067.89063
74326.58594
74326.78906
74580.23438
74850.08594
75109.53906
75691.39063
75964.64063
76046.73438
76104.48438
76334.6875
76401.6875
76401.78906
76585.64063
76629.78906
76812.98438
77350.6875
77472.53906
77472.83594
77644.83594
77668.14063
77722.1875
77916.78906
77964.23438
78096.64063
78172.28906
78391.58594
78437.89063
78579.89063
78580.03906
78580.1875
78806.14063
79105.28906
79105.4375
79592.14063
79592.23438
79592.4375
79613.78906
79873.1875
79873.48438
80019.1875
80041.9375
80185.6875
80463.98438
80591.48438
80803.78906
81055.4375
81055.6875
81156.48438
81496.9375
81579.33594
81579.48438
81646.4375
81676.78906
81676.98438
81731.6875
81915.39063
81938.1875
81983.4375
81983.73438
82148.4375
82243.33594
82243.4375
82363.98438
82416.33594
82619.6875
82720.23438
82921.58594
83210.03906
83460.64063
83677.98438
83881.39063
83979.23438
83979.33594
84017.39063
84289.98438
84411.83594
84545.53906
84545.64063
84545.89063
84720.39063
84720.53906
84802.1875
84929.73438
84929.9375
84999.89063
85108.4375
85127.73438
85236.98438
85237.14063
85237.33594
85481.14063
85481.39063
85995.08594
85995.33594
85995.48438
86177.48438
86238.73438
86239.23438
86516.53906
86604.03906
86685.03906
86685.1875
86762.1875
86866.03906
86926.39063
86926.6875
87172.48438
87238.39063
87305.39063
87418.64063
87418.83594
87464.89063
87526.58594
87526.73438
87737.83594
87738.03906
87890.6875
87890.9375
87960.73438
87961.08594
88030.39063
88030.64063
88030.73438
88030.83594
88162.08594
88273.48438
88472.78906
88596.4375
88636.33594
88636.4375
88705.03906
89204.1875
89505.64063
89532.4375
89599.64063
89838.6875
90155.64063
90155.73438
90273.83594
90274.08594
90408.28906
90408.39063
90445.39063
90575.89063
90600.58594
90600.6875
90809.33594
90809.48438
90835.73438
91029.89063
91115.4375
91188.4375
91367.4375
91452.08594
91452.1875
91644.23438
91644.33594
91644.4375
91664.58594
91804.6875
91804.83594
92206.73438
92443.1875
92565.08594
92601.08594
92662.98438
92705.33594
92744.83594
92745.03906
92900.53906
92900.83594
93348.83594
93348.98438
93478.33594
93605.39063
93705.4375
93854.58594
93914.58594
94149.1875
94196.39063
94256.39063
94256.6875
94293.6875
94293.9375
94342.58594
94342.78906
94861.39063
94861.64063
95079.23438
95120.64063
95320.39063
95720.78906
95755.33594
95755.64063
95976.28906
96029.53906
96029.6875
96094.48438
96094.64063
96094.89063
96262.83594
96262.98438
96361.9375
96559.73438
96724.23438
96724.4375
96791.03906
96791.28906
96857.1875
97235.08594
97235.23438
97314.9375
97404.83594
97569.23438
97686.64063
97939.73438
97939.89063
97940.03906
98013.6875
98053.4375
98053.64063
98104.1875
98104.4375
98104.53906
98104.73438
98378.39063
98535.58594
98659.98438
98660.14063
98731.98438
98846.28906
99218.1875
99218.28906
99318.14063
99318.33594
99463.64063
99463.73438
99664.4375
99709.9375
99710.03906
99810.39063
99810.53906
99944.1875
99944.33594
99992.9375
100010.0859
100266.1875
100392.7344
100479.3906
100616.2344
100664.1875
100789.6406
100859.7891
100905.9375
100970.6406
101255.1406
101255.2344
101255.3359
101309.1406
101511.3359
101511.4844
101596.9375
101747.7344
101814.5391
101814.7344
101952.1406
101952.3359
102081.0859
102123.1875
102123.4844
102347.1406
102347.2344
102374.5859
102374.8906
102446.7344
102446.8906
102568.7891
102759.2344
102759.3359
102788.1406
102858.1875
102858.2891
102858.4844
102858.5859
102936.5391
102998.4844
103069.7891
103276.2344
103304.8906
103394.7344
103577.6406
103577.8906
103638.3359
103690.3359
103794.1875
103929.5859
104054.9844
104055.1875
104204.5859
104283.2344
104283.5391
104427.9375
104573.4844
104638.3906
104638.6875
104767.1875
104767.3359
104936.4844
104936.5859
105079.9844
105100.4375
105161.6406
105220.5391
105259.3906
105259.7344
105385.1406
105432.1875
105462.5859
105545.4375
105676.3906
105676.6875
105724.4844
105891.4375
105891.5859
105891.7891
105938.7344
105938.8359
106008.1875
106056.3359
106120.1875
106348.3906
106348.5391
106387.5391
106544.6875
106607.3359
106607.5859
106865.5859
106865.7344
106865.9375
106892.7891
107188.0391
107329.3906
107405.2891
107405.5391
107504.2891
107677.3359
107677.4375
107815.4375
107815.5859
108092.0391
108253.9375
108254.0859
108254.4375
108295.1875
108350.5391
108420.8359
108420.9375
108490.7344
108591.5859
108649.2344
108795.5391
108947.7344
109030.7891
109252.2891
109290.7891
109428.2891
109552.0859
109737.6875
109737.8359
109789.4844
109949.9375
109990.5859
110048.7891
110048.9375
110049.0859
110334.9375
110335.0859
110441.1875
110488.3359
110488.6875
110560.9844
110588.6875
110588.8359
110588.9844
110738.6875
110863.4844
111115.7344
111261.2344
111261.4375
111302.1875
111589.2344
111589.4375
111704.1875
111704.4844
111838.1406
111875.6406
111958.5391
112030.5859
112030.6875
112143.8359
112167.4375
112246.5859
112362.7891
112362.8906
112525.8359
112525.9844
112725.6875
112725.9844
112775.2344
112805.2344
113265.7344
113265.9375
113293.3906
113293.5859
113452.1875
113537.2344
113572.3906
113823.9375
113886.0859
114019.5859
114067.2344
114067.4375
114118.4844
114352.3359
114352.4844
114546.9375
114684.5859
114842.7344
114842.8906
114843.1875
114913.5391
114913.8359
114947.5391
114947.7891
115089.1875
115274.0859
115331.8359
115496.4375
115560.8906
115560.9844
115652.8359
115701.1406
115834.2891
115887.9375
115919.5391
115919.6406
116056.1875
116130.3359
116241.2891
116361.6875
116398.7344
116398.9844
116474.4844
116474.6875
116548.2344
116853.0391
116910.9844
116911.1406
116962.6875
116962.8906
117135.5859
117135.6875
117216.8359
117245.7891
117245.9844
117283.2344
117283.3359
117283.4375
117444.2344
117444.3906
117533.3906
117586.8906
117755.1406
117921.5391
117921.6875
117955.2891
117955.5391
118050.9844
118051.0859
118113.6406
118208.0859
118262.9375
118371.2891
118371.4375
118513.1406
118891.3359
118891.4375
118891.5859
119023.7891
119144.1406
119144.2344
119208.7891
119232.3359
119349.6875
119349.8906
119405.1875
119474.3906
119670.6406
119723.9375
119824.6875
119934.4375
119953.9375
119954.0391
119998.0859
120055.8359
120201.8359
120412.3906
120478.7344
120569.5391
120603.0391
120713.7344
120713.8906
120989.3359
121095.1875
121121.2344
121212.7891
121284.4844
121306.3359
121516.0391
121612.3359
121752.6875
121752.8359
121831.1875
121831.4375
121904.7891
121905.2344
122036.1406
122111.5859
122111.7344
122111.8906
122182.5859
122325.5391
122325.7891
122509.9844
122510.2891
122854.3359
122854.5859
122919.1406
123029.1875
123134.5859
123134.8906
123163.2344
123293.6875
123293.9844
123639.3359
123639.5391
123707.8906
123734.3359
123734.4375
123855.7891
124025.0859
124049.9844
124050.0859
124050.2891
124204.5859
124289.3359
124289.4844
124424.0859
124424.2891
124539.0391
124688.7344
124688.9375
124866.1875
124894.3359
125033.5391
125112.8906
125200.5391
125316.3906
125460.9844
125461.1406
126288.2891
126288.4844
126440.0859
126479.9844
126603.4375
126651.2344
126684.4375
126715.3359
126715.5859
126762.3359
126927.3906
127135.8906
127286.5391
127314.9844
127654.3359
128102.0391
128102.1406
128102.2891
128187.2891
128187.5859
128252.2344
128315.7891
128418.8906
128419.1875
128489.9375
128490.1875
128519.9375
128596.3906
128596.5859
128640.7891
128690.7344
128690.9844
128993.1406
129031.9375
129032.1406
129113.0391
129113.2344
129134.6875
129269.3906
129421.4375
129525.4375
129525.7344
129676.5859
129934.6406
129979.2344
130106.3906
130244.1406
130244.3359
130394.5391
130443.2344
130549.2891
130650.2344
130650.4375
130688.8359
130806.5859
130806.7344
130965.0859
131014.3359
131299.4375
131523.9375
131524.1406
131608.4375
131608.7344
131693.1875
131725.3906
131757.5313
131850.6875
131850.7813
131968.9375
132091.5313
132124.8906
132125.1875
132284.0313
132284.4844
132388.1406
132513.3906
132620.8438
132621.2813
132690.4375
132719.2813
132719.5938
132934.9844
133015.2344
133275.8438
133298.9375
133299.0938
133661.5938
133942.7813
134070.7813
134090.1406
134158.7344
134509.2813
134581.9844
134809.5313
134809.8906
134922.3438
135040.9375
135041.0313
135088.2813
135088.4375
135316.2813
135345.2344
135345.7344
135494.1875
135494.3906
135613.1875
135714.0313
135714.1406
135769.7813
135953.1875
135953.2813
136009.3438
136047.6875
136094.2344
136113.2813
136390.3438
136452.4844
136515.5313
136558.0938
137676.6875
138359.6406
138359.8906
138479.2813
138479.3906
139692.9375
140825.1875
140981.8906
141044.4844
141351.2813
141634.1875
141987.9375
143343.5938
143670.2344
143744.9375
143946.6406
144062.3438
144128.0938
144398.9844
144860.2813
145441.3438
145575.8438
145721.0313
145837.7813
145838.1875
146115.8906
146248.4844
146585.5313
146783.6406
146783.7344
146841.8438
146862.8438
146863.0938
146863.3906
147821.2813
147821.4375
147969.3438
148691.3906
148847.3906
149250.2813
149605.3438
149770.3438
149977.1406
150028.4375
150064.8438
150369.3438
150369.4844
150553.8438
150631.9375
150815.5938
151166.0938
151166.2813
151242.9375
151610.1875
151729.5313
151801.7813
151863.9375
152030.8906
152190.0938
152190.3438
152607.2344
152723.0313
152753.9375
152754.5313
153110.2344
153110.3438
153169.4844
153219.0313
153672.2813
153672.4844
153765.8438
153766.0313
153766.3438
153800.6406
154060.3438
154179.8438
154179.9375
154254.7344
154254.8438
154254.9844
154431.1406
154431.2813
154489.9844
154532.2813
154532.3906
154563.3438
154563.5313
154865.1875
155344.6406
155750.6875
155750.8438
155980.8438
156333.2813
156333.6406
156414.9844
156480.6875
156480.7813
156636.1406
156688.0938
156720.1406
156985.3438
157511.1406
157591.3906
157919.4844
158046.1875
158347.1406
158347.2813
158756.6875
158757.0938
158944.3438
158944.5938
158944.7344
158982.4844
158982.5938
159134.2344
159423.1406
159601.5313
159601.8438
159982.2813
159982.4844
160185.8906
160186.1406
160221.2813
160221.3906
160221.6875
160431.6875
160431.8438
160431.9375
160506.6875
160857.4844
161103.0938
161103.2344
161130.8906
161131.3906
161328.9844
161329.1406
161329.2344
161491.2813
161883.0938
162208.0313
162390.7344
162390.9844
162483.2813
162702.9844
162744.3438
162873.8906
162873.9844
163049.0938
163200.9844
163347.9844
163677.4375
163746.3906
163857.2813
163857.6406
163885.5313
163942.1406
164168.3438
164270.4844
164270.6875
164578.3906
164578.5938
164578.6875
164716.1406
164953.0938
165173.8906
165308.1875
165308.3906
165439.0938
165439.1875
165478.4844
165515.9844
165689.6875
165803.0938
166009.1406
166009.3906
166099.7344
166291.4844
166383.2344
166537.9375
166583.8906
166584.2344
166663.5938
166663.7344
166663.8906
166712.6406
167106.9375
167281.7344
167281.9375
167351.4844
167398.3906
167762.1406
167762.2344
167808.7344
167808.8438
167829.0938
167829.2344
167941.2813
167983.5938
168440.4375
168440.5938
168584.6406
168822.7813
168822.9375
168942.7813
169026.4375
169026.5938
169142.1875
169379.1406
169438.9375
169573.9375
169747.1406
169747.2813
169862.5313
169894.9375
169895.2344
169931.1875
169931.5313
170015.7344
170167.9375
170336.6406
170336.8438
170480.3438
170480.5313
170581.1875
170731.7813
170814.6406
170814.7344
170902.7813
170947.9844
171002.0313
171120.0938
171149.0938
171191.3438
171343.5938
171577.3438
171631.0938
171669.2813
171727.7344
171818.0313
171913.2344
171913.4375
171958.0313
172045.3438
172240.3438
172306.6875
172353.1875
172417.1875
172417.3906
172453.5938
172549.4844
172632.7813
172632.8906
172670.0313
172670.1875
172870.2813
172970.2344
173020.5313
173224.4844
173323.5313
173350.5313
173467.1875
173650.8438
173739.4375
173946.7813
174170.2344
174170.3906
174195.2344
174270.3906
174270.5938
174391.3906
174436.2344
174482.9375
174799.8438
174851.1875
175015.5938
175015.7344
175130.8438
175233.5313
175333.1406
175429.6406
175429.7344
175560.0313
175668.0313
175668.1875
175668.2813
175807.4844
175992.1875
176055.2344
176055.4844
176464.6406
177349.1406
177471.1406
177754.9375
177819.3906
177864.1875
177962.1406
178003.1406
178154.8906
178375.8438
178375.9844
178376.1875
178419.2344
178419.4844
178586.2813
178586.7344
178781.0938
178781.4844
178819.5313
178819.9375
178955.8906
179066.7813
179066.8906
179138.3906
179281.3438
179557.6875
179557.9844
179767.1406
180405.4844
180461.6406
180765.7813
181153.8906
181552.6875
181656.7344
181790.4844
181790.7344
181846.0938
181963.8438
182868.9844
183222.8438
183222.9375
183624.1406
184036.2344
184036.3906
184355.3438
184622.9844
184783.1875
184783.5938
184896.2813
184968.3906
185079.0938
185079.3438
185079.4375
185385.2813
185385.4844
185427.5938
185480.9844
185481.0938
185568.1875
185568.6875
