206.4375
265.2374878
271.1375122
304.1375122
378.3875122
423.2875061
545.2374878
638.8875122
826.2374878
862.7374878
886.4874878
1020.387512
1158.587524
1230.637451
1311.737549
1464.637451
1490.487549
1610.287476
1656.337524
1699.087524
1735.237549
1746.087524
1779.6875
1827.837524
1973.4375
2232.337402
2302.837402
2358.237549
2422.4375
2563.987549
2693.887451
2761.237549
2792.537598
2871.737549
2930.287598
2968.037598
2993.9375
3002.637451
3085.137451
3143.537598
3188.737549
3404.6875
3513.137451
3682.837402
3746.387451
3776.237549
3943.287598
4028.1875
4060.4375
4109.987305
4323.1875
4385.887695
4492.037598
4568.6875
4787.387695
4825.737305
4855.987305
4894.587402
4963.037598
5034.287598
5150.837402
5187.237305
5314.537598
5353.737305
5388.6875
5510.837402
5578.087402
5689.387695
5727.1875
5805.1875
5941.337402
6008.287598
6099.987305
6203.987305
6352.537598
6486.287598
6568.387695
6605.787598
6655.037598
7047.637695
7199.987305
7221.587402
7320.537598
7358.837402
7406.637695
7486.387695
7535.487305
7574.287598
7631.037598
7641.037598
7713.1875
7832.337402
7916.237305
7939.787598
8075.237305
8144.987305
8203.487305
8358.537109
8449.537109
8479.4375
8596.987305
8627.587891
8645.6875
8934.887695
9025.137695
9147.137695
9290.1875
9324.387695
9404.237305
9547.787109
9697.537109
9766.837891
9844.737305
9941.287109
9994.1875
10100.6377
10304.6875
10382.4375
10405.4873
10462.1875
10643.8877
10693.53711
10740.03711
10928.4873
11031.28711
11180.6377
11434.4873
11472.28711
11518.33789
11550.83789
11691.2373
11771.2373
11958.1377
12158.7373
12348.1377
12391.6377
12439.53711
12462.9375
12631.83789
12700.7373
12732.6875
12783.1377
12823.1377
12854.9873
13022.33789
13058.8877
13094.2373
13238.7373
13332.83789
13385.4873
13414.3877
13463.1377
13614.83789
13771.33789
13809.6377
13944.1377
14039.4873
14232.1875
14284.4375
14335.9375
14385.8877
14510.7373
14569.1875
14618.6875
14748.7373
14776.6377
14810.53711
14896.03711
14940.4873
15010.33789
15157.6377
15328.08789
15418.28711
15633.6875
15672.58789
15741.33789
15770.58789
15822.7373
16097.78711
16115.78711
16158.9375
16188.33789
16258.4375
16292.78711
16345.4375
16407.9375
16478.73828
16526.98828
16628.88672
16674.83789
16889.83789
17001.33789
17055.88672
17152.9375
17172.88672
17202.33789
17368.33789
17412.63672
17450.4375
17501.9375
17572.28711
17673.53711
17675.6875
17719.33789
17736.9375
17805.23828
17834.53711
17878.08789
17982.6875
18043.28711
18075.58789
18161.28711
18226.1875
18363.83789
18431.28711
18556.33789
18656.53711
18855.53711
18891.53711
18995.13672
19047.1875
19128.4375
19223.6875
19269.03711
19317.08789
19395.48828
19517.48828
19614.58789
19660.88672
19754.1875
19857.23828
20172.33789
20215.48828
20369.08789
20417.08789
20462.08789
20589.1875
20665.78711
20718.28711
20801.53711
20869.6875
20924.03711
21012.58789
21077.28711
21217.78711
21297.98828
21381.08789
21431.23828
21607.28711
21710.23828
21733.88672
21757.78711
21801.83789
21819.13672
21877.33789
21906.23828
22083.33789
22105.83789
22229.6875
22478.13672
22543.53711
22616.78711
22732.1875
22777.08789
22805.13672
22837.28711
23020.6875
23059.88672
23159.33789
23200.48828
23247.4375
23516.28711
23587.9375
23640.83789
23673.98828
23778.58789
23853.78711
23875.4375
23896.6875
24011.88672
24124.38672
24175.1875
24235.98828
24291.38672
24347.6875
24579.83789
24628.9375
24674.73828
24807.83789
24827.9375
24901.38672
24935.6875
25154.63672
25289.4375
25348.13672
25460.63672
25484.38672
25486.9375
25564.33789
25703.13672
25880.63672
25980.73828
26094.1875
26198.88672
26362.6875
26386.38672
26475.48828
26547.1875
26591.58789
26598.63672
26657.28711
26689.13672
26908.23828
26927.4375
27067.58789
27089.58789
27159.03711
27307.28711
27332.53711
27477.28711
27580.33789
27643.83789
27673.98828
27761.83789
27851.08789
27908.48828
27959.63672
28061.88672
28085.63672
28236.88672
28295.6875
28541.13672
28835.4375
28970.83789
28999.4375
29080.98828
29215.88672
29308.13672
29376.08789
29412.9375
29466.53711
29612.88672
29616.53711
29776.08789
29931.88672
30232.03711
30299.4375
30338.83789
30422.58789
30512.38672
30597.13672
30626.08789
30682.73828
30772.1875
30892.1875
30924.28711
30959.83789
31012.4375
31145.88672
31247.13672
31313.73828
31399.48828
31445.63672
31481.6875
31523.53711
31620.83789
31647.78711
31972.33789
32023.03711
32154.83789
32322.73828
32366.78711
32414.38672
32443.4375
32474.53711
32546.98828
32577.38672
32608.23828
32644.9375
32682.08789
32853.13672
33031.6875
33083.98828
33163.28906
33307.78906
33418.6875
33489.73828
33502.83594
33568.98828
33629.38672
33640.03906
33693.58594
33805.58594
33933.08594
33971.23828
34198.28906
34286.83594
34316.28906
34414.03906
34437.63672
34468.23828
34493.08594
34544.98828
34555.28906
34634.53906
34740.53906
34870.23828
35021.48828
35075.13672
35287.4375
35395.58594
35419.38672
35467.98828
35526.23828
35657.53906
35699.78906
35870.78906
35900.1875
35936.38672
35997.9375
36103.73828
36380.08594
36413.9375
36537.9375
36630.48828
36898.73828
37044.13672
37107.83594
37201.38672
37286.1875
37473.23828
37495.08594
37727.1875
37750.53906
37851.88672
37940.88672
38014.13672
38077.9375
38104.38672
38226.03906
38282.58594
38326.63672
38519.38672
38651.9375
38724.33594
38773.83594
38802.28906
38841.78906
38896.48828
38991.58594
39025.38672
39110.73828
39307.63672
39410.6875
39502.63672
39554.1875
39750.4375
40004.9375
40070.03906
40071.98828
40083.98828
40130.48828
40155.03906
40191.38672
40215.9375
40429.73828
40444.23828
40558.13672
40587.28906
40730.73828
40755.13672
40918.53906
40968.03906
40981.08594
41006.88672
41250.38672
41323.98828
41485.38672
41592.83594
41655.1875
41690.6875
41728.6875
41756.23828
41802.48828
41873.38672
41928.48828
42156.53906
42218.38672
42329.63672
42377.33594
42471.6875
42536.53906
42570.73828
42663.03906
42689.38672
42779.13672
42879.03906
42974.03906
43121.13672
43144.88672
43239.28906
43306.13672
43378.78906
43408.13672
43502.98828
43734.33594
43801.28906
43890.38672
43969.78906
44021.58594
44093.38672
44133.53906
44260.78906
44454.03906
44563.98828
44689.9375
44779.33594
44890.38672
45028.4375
45171.98828
45206.6875
45544.78906
45653.78906
45701.03906
45741.9375
45842.4375
45962.28906
46030.58594
46057.88672
46124.73828
46208.53906
46231.98828
46419.03906
46494.88672
46512.58594
46557.9375
46689.98828
46878.83594
46893.08594
46987.08594
47024.38672
47211.53906
47289.78906
47381.23828
47475.38672
47505.38672
47564.48828
47628.4375
47661.03906
47809.03906
47878.73828
47914.23828
47951.78906
48024.48828
48060.53906
48257.63672
48306.08594
48378.03906
48416.08594
48448.48828
48546.6875
48704.53906
48826.13672
48983.38672
49051.53906
49114.23828
49223.6875
49368.1875
49654.08594
49806.48828
49946.08594
49986.1875
50034.1875
50058.03906
50119.1875
50182.78906
50212.9375
50230.73828
50291.1875
50321.08594
50442.78906
50500.9375
50621.73828
50680.13672
50707.13672
50743.9375
50774.9375
50823.38672
50869.63672
50988.38672
51047.58594
51196.73828
51259.88672
51286.58594
51309.48828
51311.63672
51422.4375
51448.48828
51607.38672
51713.6875
51734.98828
51817.58594
51897.98828
51938.88672
52035.88672
52128.58594
52157.73828
52205.9375
52284.33594
52455.83594
52478.38672
52563.6875
52595.78906
52773.6875
52814.38672
52901.13672
52921.4375
52935.13672
53049.58594
53078.4375
53168.48828
53299.78906
53423.38672
53488.08594
53592.9375
53615.53906
53621.88672
53660.78906
53722.13672
53810.28906
53835.63672
54100.13672
54125.73828
54390.83594
54432.4375
54465.9375
54509.03906
54535.48828
54589.23828
54710.73828
54815.78906
54837.83594
55026.98828
55093.28906
55117.58594
55307.98828
55408.33594
55567.48828
55606.38672
55672.53906
55734.63672
55837.33594
55913.78906
55987.83594
56036.03906
56113.28906
56236.38672
56260.28906
56285.03906
56455.13672
56549.53906
56578.03906
56776.78906
56844.48828
56950.08594
57114.78906
57194.4375
57317.48828
57378.88672
57427.13672
57568.53906
57643.98828
57839.1875
57901.23828
58000.6875
58125.48828
58174.78906
58369.73828
58403.13672
58475.33594
58491.9375
58528.33594
58582.63672
58624.13672
58655.73828
58716.03906
58871.78906
58922.23828
58951.9375
59037.73828
59197.98828
59234.48828
59412.1875
59492.38672
59532.6875
59591.03906
59692.08594
59795.98828
59834.83594
59939.03906
59959.78906
59998.9375
60149.48828
60344.73828
60500.28906
60527.6875
60592.4375
60625.48828
60749.78906
60993.28906
61123.13672
61168.48828
61183.73828
61291.78906
61399.88672
61534.03906
61584.63672
61639.1875
61844.88672
61866.9375
61984.23828
62015.83594
62091.13672
62131.1875
62169.58594
62204.98828
62357.88672
62396.53906
62426.28906
62513.48828
62534.03906
62604.73828
62735.98828
62832.63672
62955.53906
63026.98828
63053.58594
63087.58594
63196.63672
63316.83594
63367.9375
63459.53906
63549.38672
63636.98828
63691.6875
63723.23828
63950.08594
64087.58594
64210.03906
64321.63672
64442.63672
64622.98828
64669.88672
64778.03906
64867.58594
64891.33594
64955.1875
65079.53906
65218.4375
65257.13672
65459.13672
65533.73828
65630.58594
65711.33594
65904.98438
65929.4375
65980.64063
66043.83594
66190.9375
66240.4375
66296.89063
66432.14063
66446.78906
66504.6875
66646.4375
66812.28906
66901.28906
66925.28906
66971.9375
67080.48438
67236.08594
67359.89063
67460.78906
67490.6875
67808.48438
67883.98438
68333.98438
68366.4375
68570.9375
68591.48438
68686.23438
68786.9375
68955.9375
69060.89063
69108.58594
69131.98438
69251.14063
69300.14063
69342.83594
69386.73438
69414.1875
69445.4375
69502.1875
69515.83594
69580.03906
69614.98438
69887.6875
69957.64063
69999.33594
70048.03906
70115.23438
70134.58594
70244.23438
70324.64063
70430.4375
70465.83594
70492.98438
70624.08594
70674.14063
70710.89063
70773.98438
70859.1875
70950.73438
71036.78906
71099.64063
71324.83594
71418.08594
71501.53906
71530.39063
71557.98438
71604.58594
71608.23438
71701.83594
71723.53906
71813.78906
71865.14063
71947.83594
72069.08594
72216.78906
72233.14063
72297.64063
72467.58594
72507.58594
72607.1875
72655.1875
72695.89063
72905.28906
72929.4375
72957.58594
72983.6875
73072.64063
73133.28906
73144.23438
73351.58594
73385.48438
73476.73438
73529.58594
73652.73438
73731.4375
73779.23438
73807.78906
73864.78906
73926.73438
74002.6875
74067.89063
74094.03906
74326.83594
74364.73438
74390.73438
74580.48438
74614.98438
74677.9375
74850.4375
74935.73438
75109.53906
75132.33594
75232.6875
75321.73438
75463.73438
75624.33594
75691.64063
75889.08594
75964.83594
76046.9375
76104.6875
76127.98438
76207.03906
76278.23438
76334.83594
76401.9375
76585.83594
76630.03906
76813.1875
76852.89063
76873.64063
76917.53906
76967.98438
77029.98438
77141.53906
77248.03906
77350.83594
77389.03906
77472.73438
77507.4375
77645.14063
77668.39063
77691.23438
77722.4375
77766.83594
77916.98438
77937.64063
77964.33594
78052.58594
78096.73438
78172.53906
78203.1875
78391.64063
78437.89063
78549.39063
78580.14063
78634.08594
78696.6875
78806.39063
79010.73438
79105.58594
79247.83594
79313.28906
79434.14063
79592.4375
79614.03906
79628.6875
79685.58594
79754.39063
79873.48438
80019.48438
80042.23438
80070.78906
80185.83594
80225.78906
80236.98438
80273.23438
80305.23438
80464.14063
80580.6875
80591.78906
80803.83594
80867.83594
80990.58594
81012.73438
81055.73438
81156.53906
81208.73438
81273.28906
81497.03906
81579.53906
81646.73438
81677.03906
81731.73438
81915.64063
81938.48438
81983.6875
82007.14063
82148.53906
82243.33594
82276.64063
82364.14063
82385.64063
82416.58594
82447.64063
82619.83594
82720.1875
82858.9375
82921.78906
83105.1875
83127.39063
83210.28906
83255.98438
83314.03906
83341.03906
83460.9375
83575.03906
83678.1875
83881.64063
83979.53906
84017.73438
84140.23438
84198.33594
84289.98438
84412.14063
84496.39063
84545.83594
84593.28906
84720.58594
84802.39063
84929.9375
85000.14063
85022.14063
85108.6875
85127.9375
85179.9375
85237.28906
85280.9375
85299.6875
85372.53906
85481.4375
85509.28906
85585.48438
85682.98438
85802.98438
85865.58594
85995.39063
86054.23438
86114.28906
86177.4375
86200.03906
86239.03906
86279.64063
86460.58594
86516.64063
86604.1875
86685.28906
86762.33594
86866.1875
86926.6875
87030.14063
87127.23438
87172.73438
87238.58594
87305.64063
87362.28906
87418.98438
87465.14063
87526.89063
87622.39063
87738.1875
87890.98438
87961.03906
88030.73438
88162.08594
88253.53906
88273.64063
88323.58594
88472.98438
88491.9375
88596.6875
88636.64063
88661.9375
88705.33594
88747.83594
88917.1875
88994.48438
89050.33594
89204.4375
89353.08594
89505.78906
89532.58594
89599.83594
89644.89063
89687.73438
89839.03906
89983.9375
90003.98438
90155.9375
90199.08594
90274.14063
90408.53906
90445.64063
90576.03906
90600.78906
90644.83594
90689.14063
90744.14063
90809.53906
90836.03906
90912.33594
90977.23438
91030.14063
91054.64063
91115.73438
91264.33594
91367.73438
91452.48438
91644.4375
91664.64063
91782.14063
91804.98438
92207.08594
92443.48438
92565.33594
92601.39063
92663.14063
92705.53906
92745.03906
92790.28906
92847.14063
92877.83594
92900.83594
92963.9375
93063.53906
93097.58594
93152.64063
93319.9375
93349.14063
93478.4375
93605.64063
93671.28906
93705.6875
93854.98438
93914.9375
94149.4375
94196.6875
94256.73438
94293.98438
94342.73438
94416.98438
94491.6875
94541.53906
94572.03906
94659.89063
94685.73438
94769.33594
94861.58594
94881.08594
94960.23438
94987.64063
95079.39063
95120.64063
95203.89063
95242.33594
95260.4375
95320.48438
95409.9375
95460.14063
95549.28906
95610.58594
95679.08594
95721.08594
95755.6875
95807.9375
95976.64063
96029.83594
96094.83594
96263.14063
96362.08594
96559.98438
96631.78906
96724.53906
96757.64063
96791.28906
96857.33594
96944.58594
97031.08594
97161.9375
97235.39063
97315.08594
97405.03906
97448.89063
97569.39063
97632.53906
97654.28906
97686.89063
97940.08594
98013.83594
98053.64063
98104.53906
98166.64063
98231.4375
98378.64063
98535.6875
98660.14063
98732.33594
98783.6875
98798.1875
98846.33594
99052.64063
99112.08594
99218.33594
99318.4375
99413.08594
99463.9375
99664.6875
99710.23438
99810.6875
99944.48438
99968.4375
99993.23438
100010.3906
100096.7344
100266.3906
100289.1875
100393.0391
100479.3906
100616.4844
100664.2891
100789.9844
100860.0859
100906.0859
100915.9844
100970.9375
101255.4375
101309.2344
101468.4375
101511.6406
101597.1875
101748.0391
101814.8359
101952.3906
102081.3359
102123.4844
102269.3906
102347.2891
102374.9375
102446.9844
102568.9844
102641.3906
102759.5391
102788.3359
102858.5391
102936.8359
102998.7891
103070.0859
103164.6406
103206.5859
103276.5391
103305.1406
103394.9844
103577.9844
103638.6406
103690.5859
103728.3906
103794.3359
103929.7891
104055.1875
104204.7891
104283.5391
104428.0859
104573.7891
104638.7344
104767.4844
104936.7344
105080.2344
105100.6875
105161.9375
105220.7891
105259.6875
105385.1875
105432.4844
105462.7891
105545.6875
105676.7344
105724.7344
105891.7891
105939.0391
106008.3906
106056.4375
106120.4375
106175.6875
106204.9844
106258.3906
106315.7891
106348.5859
106387.4844
106544.9844
106607.6406
106740.9375
106831.7344
106865.8906
106893.0859
106914.0391
106958.8906
107188.2891
107329.6406
107405.4844
107504.5859
107561.6875
107584.4844
107677.4375
107774.7891
107815.7891
107917.6406
107952.4375
107987.2344
108092.2344
108254.2344
108295.4844
108350.7344
108420.9844
108490.9375
108591.8906
108649.5859
108786.2891
108795.7891
108871.9844
108920.3359
108948.0391
108964.1406
109030.9375
109252.5391
109290.9844
109428.5391
109454.2891
109551.9844
109737.9844
109789.7891
109950.1875
109990.8906
110049.0391
110335.2344
110441.5391
110488.6406
110561.2891
110588.9375
110739.0391
110863.6875
111034.4375
111116.0391
111195.1875
111261.4844
111302.4375
111335.7344
111589.4844
111704.5391
111838.4375
111875.8906
111958.6875
112030.8906
112144.2891
112167.4375
112186.1875
112220.6406
112246.8359
112269.4375
112363.0391
112395.2891
112526.1406
112587.1406
112725.9375
112775.4375
112805.5859
112824.2344
112954.9844
113033.1406
113064.8359
113265.9844
113293.6406
113322.1875
113452.4375
113505.2891
113537.3359
113572.5859
113653.0859
113682.9375
113824.0391
113886.3359
113972.7344
114019.9844
114067.4844
114118.7344
114352.6875
114547.2891
114579.5859
114630.2344
114684.8906
114843.0859
114913.8906
114947.8359
115023.2891
115089.3359
115274.3359
115332.1875
115496.7344
115561.1406
115652.8359
115701.3359
115748.9375
115834.4844
115888.0859
115919.7344
115942.6406
116016.8359
116056.4375
116130.5391
116241.4375
116361.9375
116399.0391
116474.8359
116548.5859
116607.4844
116853.3906
116911.2891
116962.8906
117135.7891
117217.1406
117246.0859
117283.4844
117310.4375
117386.4844
117444.5859
117533.4844
117587.0859
117755.2344
117921.8359
117955.5391
118051.1875
118055.8359
118113.8359
118208.3906
118263.0859
118371.5859
118429.0391
118513.2344
118570.7344
118816.0391
118845.8906
118891.5859
118937.3359
119023.9375
119047.3906
119080.4375
119144.3906
119208.8906
119232.4375
119349.9844
119405.3359
119474.5859
119522.5391
119670.9844
119698.6875
119724.1875
119824.9375
119934.6875
119954.2344
119998.2344
120056.0391
120202.1406
120286.8906
120412.6875
120478.9375
120569.7891
120603.1875
120714.0859
120989.5391
121095.4844
121121.3906
121213.0859
121284.7344
121306.3906
121363.1875
121516.1875
121612.4844
121752.8906
121831.4375
121905.0859
121932.3906
122036.3359
122058.8906
122111.8906
122182.8359
122325.7891
122348.5859
122380.9844
122510.2344
122552.6875
122591.7344
122621.3906
122763.8906
122854.5859
122885.7344
122919.3906
123029.4844
123134.9375
123163.5859
123293.9375
123401.7344
123550.9375
123639.6406
123708.1406
123734.5391
123856.0859
124025.4375
124050.2891
124079.4844
124204.8359
124289.5391
124321.1875
124348.6406
124397.6875
124424.3359
124478.4375
124513.6406
124539.2344
124578.7344
124688.9844
124866.5391
124894.5391
125033.7344
125113.1406
125164.2891
125200.7891
125274.2344
125316.5859
125395.5859
125461.3359
125497.6406
125581.6875
125616.6406
125642.7344
125698.1406
125735.4375
125761.1875
125866.1875
125957.2891
126003.1875
126084.4375
126126.8906
126208.7891
126288.5859
126314.4844
126440.4375
126480.0859
126522.7891
126603.7344
126651.3359
126684.6406
126715.5391
126762.5391
126811.3906
126927.5859
127136.1406
127286.6875
127315.2344
127382.4844
127398.5859
127423.3906
127601.4844
127654.5859
127686.1406
127786.2344
128102.3359
128114.1406
128187.5859
128252.4844
128316.0391
128419.1875
128490.2344
128519.9375
128596.6875
128641.1406
128691.0859
128819.0859
128840.7344
128873.4844
128993.3906
129032.1875
129113.3359
129134.8359
129269.5859
129334.3359
129421.5859
129525.7344
129676.8906
129841.5391
129934.9375
129979.4844
130056.8359
130106.6875
130201.3906
130244.3906
130394.8359
130443.4844
130549.4844
130650.5859
130689.0391
130719.0859
130806.8359
130965.4375
131014.5859
131064.3906
131255.7813
131281.9844
131299.6406
131392.9844
131524.1875
131608.7813
131693.4844
131725.5938
131757.7813
131850.9375
131902.3438
131969.0938
132091.6875
132125.1875
132284.3438
132388.4375
132513.6406
132621.1875
132690.5938
132719.5938
132812.2813
132843.5313
132935.1875
133015.4844
133065.1875
133189.4375
133276.1406
133299.1406
133315.9375
133330.0938
133364.3906
133390.8906
133469.2344
133564.9844
133590.9844
133661.9375
133721.3906
133808.0313
133854.3906
133942.9844
134071.0313
134090.3438
134158.8906
134278.1406
134341.0313
134509.5313
134582.2344
134809.8438
134922.6406
135041.3438
135088.6406
135316.5938
135345.5313
135494.4375
135613.4375
135714.3438
135770.0938
135842.7344
135867.5938
135889.2344
135953.3906
136009.5313
136047.9375
136071.6875
136094.4844
136113.4375
136299.7813
136361.2344
136390.4844
136422.4844
136452.6875
136515.8438
136558.2344
137039.6406
137653.3438
137676.7813
138149.2813
138323.0313
138359.8906
138393.1875
138479.5938
138559.1406
138613.2344
138635.0938
138716.3438
138790.6875
139024.9844
139201.1875
139284.3438
139478.4844
139692.9844
139711.7344
139995.4844
140077.2344
140101.7813
140133.1875
140190.9844
140207.1875
140257.8438
140326.3906
140496.3906
140499.7344
140568.4844
140765.7344
140825.2813
140876.2344
140981.9844
141044.7344
141083.4375
141351.4375
141420.9375
141446.8438
141550.1875
141634.2813
141859.6406
141904.9375
141938.4375
141988.1406
142251.7344
142292.3438
142364.2344
142410.7813
142435.3438
142475.4844
142535.2813
142628.3438
142685.6406
142766.2813
142830.9844
142957.5938
143016.4844
143061.3906
143115.3438
143153.1875
143379.5938
143432.8438
143670.4844
143745.1406
143773.1875
143843.0938
143946.8906
144062.5938
144099.0313
144128.1406
144202.2813
144312.6875
144399.1406
144446.4375
144502.3906
144632.6875
144718.3906
144860.5938
145000.2813
145033.7813
145179.7813
145205.3438
145247.0938
145336.0313
145361.4375
145441.5313
145442.8906
145576.0313
145721.1406
145805.6406
145838.0938
145946.6406
146026.4375
146116.0313
146248.6406
146272.0938
146306.0313
146365.6875
146481.0938
146498.7813
146520.9844
146585.7813
146647.8438
146688.6875
146783.8906
146842.0313
146863.1406
146946.7813
147049.2344
147105.8438
147131.2344
147286.7344
147350.8906
147377.1875
147605.7813
147649.4375
147687.5938
147752.4375
147872.7344
147969.6406
148071.5938
148170.9844
148303.5313
148371.0313
148403.6875
148567.0938
148691.6875
148712.6406
148847.5938
148941.6875
149068.7813
149128.5938
149218.0938
149250.4844
149312.5313
149420.2344
149553.6406
149605.4844
149655.2813
149716.0313
149770.5313
149834.8906
149977.3438
150028.5938
150065.0938
150112.5938
150134.0938
150178.4375
150214.4375
150243.4844
150312.3906
150333.5938
150369.5938
150554.1406
150632.1406
150666.1406
150749.5313
150815.8438
150878.0313
150900.7344
151017.1406
151079.9844
151166.3438
151243.2344
151274.2344
151340.8906
151459.5938
151586.4375
151610.3906
151657.9375
151729.8438
151802.0313
151863.7813
151926.4844
152030.8438
152122.1875
152190.2813
152237.4844
152341.1875
152366.7344
152458.6875
152533.3906
152607.5313
152679.6875
152723.2344
152754.1406
152811.6406
152911.1875
153110.3906
153169.4844
153219.3438
153243.5313
153295.3906
153383.9844
153526.2344
153672.5938
153703.0313
153766.1875
153800.9375
153831.4844
153903.6406
154060.4844
154179.8906
154255.0313
154284.4844
154325.7344
154431.4375
154490.1875
154532.5313
154563.5938
154601.7344
154763.6875
154825.5938
154865.4375
154904.1406
155008.4375
155165.3438
155268.0313
155344.8438
155420.5938
155462.3906
155495.3906
155638.1406
155750.8906
155782.1406
155981.1875
156068.2813
156155.2813
156180.9375
156268.3438
156296.5938
156333.6406
156389.4844
156415.2344
156480.8438
156542.3906
156636.4375
156688.3906
156720.3906
156779.8906
156907.5313
156985.5313
157064.6875
157131.5938
157167.6406
157216.9844
157322.8438
157511.3906
157537.3906
157591.4375
157726.3906
157919.7344
158046.2813
158104.1875
158144.7813
158236.2813
158253.7813
158347.4375
158402.2344
158437.3906
158504.6875
158532.3438
158554.3906
158623.3906
158756.9375
158824.6406
158856.5313
158944.6875
158982.8438
159016.3906
159062.4375
159134.4844
159166.0313
159290.7813
159335.7813
159423.4375
159490.6875
159519.2813
159601.7813
159632.6406
159697.8906
159853.0938
159879.7813
159982.5313
160068.0313
160186.1406
160221.6406
160324.0938
160343.4375
160431.9844
160506.9375
160693.2344
160796.2813
160857.5313
160953.2813
161103.3438
161131.1875
161159.5938
161187.3438
161329.2813
161491.5938
161707.1875
161781.8438
161804.7813
161883.3906
161917.3438
162104.3438
162208.3906
162324.6875
162390.9844
162483.4375
162703.2344
162744.5938
162874.2344
163049.2813
163201.2813
163348.3438
163389.8906
163448.3438
163483.4844
163677.6406
163746.6875
163857.6406
163885.7813
163942.2813
164130.0938
164168.4844
164216.8906
164270.7344
164337.4375
164381.0313
164411.7344
164578.7344
164626.4375
164716.1406
164953.3906
164976.1406
165047.7344
165087.3438
165109.9375
165174.1406
165236.5938
165278.0938
165308.4844
165439.3438
165478.7813
165516.1875
165559.0313
165689.8438
165803.1406
165866.5938
166009.3438
166054.4844
166099.9375
166159.9375
166291.4844
166383.3438
166537.9375
166584.1406
166663.8438
166712.8906
166808.3906
166872.6875
167106.9844
167141.4844
167282.0313
167351.6406
167398.6406
167450.8906
167554.3906
167625.6875
167762.3906
167808.8906
167829.3438
167885.2813
167941.2813
167983.7344
168077.3906
168124.1406
168183.0313
168206.2813
168285.2813
168388.3438
168440.6406
168517.2813
168584.8438
168740.0938
168788.7813
168822.9844
168942.9375
169026.7344
169142.3438
169299.6406
169379.3906
169438.9844
169574.2813
169612.8906
169659.3438
169747.2813
169862.6875
169895.2344
169931.4844
170016.0313
170168.1875
170290.5938
170336.8438
170480.6875
170519.8906
170581.4375
170732.0938
170814.8438
170903.0313
170948.1406
171002.2813
171026.8906
171120.4375
171149.3438
171191.4844
171343.6875
171577.5938
171631.3906
171669.4844
171727.9844
171818.3438
171842.1875
171863.6406
171913.4844
171958.2813
172045.3438
172114.6406
172240.4844
172306.9844
172353.4844
172417.4375
172453.5313
172549.7344
172632.9844
172670.2344
172705.9844
172789.9844
172808.1875
172870.5313
172970.4375
173020.6875
173125.7813
173162.6875
173224.6875
173323.6406
173350.8438
173467.5938
173521.0938
173651.0313
173739.6875
173813.8906
173836.5938
173880.5313
173947.0313
174041.6406
174170.5938
174195.4375
174270.6875
174334.5938
174391.4844
174436.4375
174482.9844
174538.1406
174604.6875
174659.0313
174799.9375
174851.4844
175015.7344
175063.4375
175131.0313
175179.4844
175233.7813
175333.3438
175429.8438
175541.5313
175560.1875
175593.9375
175668.2344
175779.2813
175807.7344
175867.3906
175950.1875
175992.3906
176055.4844
176104.4375
176142.6406
176247.7344
176304.6406
176464.8906
176525.7813
176544.7813
176612.0313
176676.6875
176722.5313
176769.2344
176818.4375
176888.5938
177011.0938
177052.6875
177240.3438
177349.4375
177471.2344
177560.9844
177647.7344
177754.9844
177819.6875
177864.4375
177962.4375
178003.3906
178036.4375
178112.3438
178155.1875
178198.3438
178239.2813
178376.1406
178419.5938
178518.7344
178586.6406
178604.6875
178639.1406
178733.0938
178781.3438
178819.8438
178956.1875
179066.8906
179084.5938
179108.9375
179138.4844
179192.5938
179262.4844
179281.5938
179378.6875
179460.4375
179482.3906
179557.9844
179573.3906
179647.6875
179767.2813
179806.2344
179882.5313
179938.0938
180054.8438
180111.5313
180264.9844
180405.6406
180461.8438
180489.4844
180569.4375
180766.0313
180894.0313
180995.0938
181154.0313
181182.7344
181275.3438
181312.6406
181376.1875
181395.5313
181552.9375
181619.4375
181701.9375
181757.5938
181790.6875
181846.2813
181913.9375
181964.1406
182077.8906
182146.7813
182244.7813
182330.5938
182366.0313
182445.0938
182574.7344
182631.0938
182734.6875
182799.4844
182832.1406
182869.2344
182907.8906
183041.0938
183124.4844
183223.1406
183240.1875
183280.2813
183283.8438
183302.0938
183331.4844
183425.3438
183552.1875
183624.4375
183649.5938
183880.8906
183995.1406
184036.4375
184129.0313
184189.4375
184355.4844
184376.7344
184399.3438
184527.0313
184623.1875
184783.5938
184896.5938
184968.6875
185079.4375
185385.5938
185427.8438
185481.2813
185509.1875
185568.4375
185678.4844
