1138.6875
1743.587524
2103.037598
3730.9375
7343.737305
7404.4375
7675.037598
7767.887695
8192.337891
8296.287109
9419.987305
9962.287109
9985.137695
10921.1377
11263.4375
11671.03711
12169.03711
12678.9375
12749.8877
12828.83789
14278.7373
15092.28711
15830.2373
16824.1875
17236.78711
17453.98828
17511.1875
17537.53711
18729.83789
18951.48828
19057.23828
19871.83789
21458.28711
21785.98828
22627.13672
23557.98828
23590.73828
23672.73828
23805.9375
23831.58789
24917.58789
25648.88672
25928.98828
26099.83789
27142.6875
27442.78711
27972.73828
28115.9375
28146.63672
28177.53711
28801.13672
29010.83789
29813.28711
30292.9375
30377.58789
31387.83789
31945.58789
32211.38672
32281.28711
32618.38672
32990.08594
33833.63672
33909.63672
34367.9375
34445.4375
34539.78906
34777.33594
34991.6875
35966.58594
35990.48828
36102.4375
36220.73828
36401.4375
36701.58594
37255.33594
37488.48828
37519.53906
37543.78906
37587.6875
37638.23828
37877.83594
37894.63672
38259.08594
38363.9375
38440.58594
38634.28906
38742.53906
39610.63672
39703.48828
40493.38672
40701.58594
41021.63672
41411.28906
41541.28906
41765.78906
41787.13672
42166.1875
42169.83594
42196.13672
42343.78906
42388.48828
42431.38672
43231.9375
43362.4375
44247.23828
44518.73828
44899.23828
45011.13672
45121.88672
45315.28906
45582.33594
45598.03906
45822.28906
45904.08594
46199.58594
46412.28906
46799.63672
46886.53906
46983.63672
47095.13672
47171.73828
47273.78906
47645.98828
47767.4375
47810.6875
47979.13672
48026.63672
48234.4375
48415.63672
48710.88672
49065.78906
49160.73828
49267.48828
49408.63672
49462.1875
49584.33594
49622.03906
49641.63672
50625.9375
50715.48828
51108.4375
51336.83594
51357.13672
51407.58594
51586.23828
51702.13672
51815.48828
51921.9375
52193.38672
52281.28906
52380.03906
52497.6875
52601.38672
52815.28906
53175.13672
53418.88672
53563.88672
53697.4375
54033.13672
54326.73828
54430.6875
54477.28906
54708.03906
54987.38672
55194.13672
55205.13672
55349.4375
55410.38672
55488.23828
56076.73828
56126.78906
56222.58594
56483.83594
56547.13672
56619.88672
56695.48828
57008.28906
57120.98828
57375.9375
57728.78906
57924.08594
58033.83594
58187.33594
58266.6875
58315.33594
58473.83594
58574.13672
58816.03906
58995.73828
59684.58594
59890.9375
60031.03906
60554.78906
60704.83594
61121.6875
61310.78906
61613.98828
61822.9375
61929.1875
62096.83594
62311.48828
62547.6875
62695.38672
62817.13672
63040.33594
63288.33594
63579.83594
63710.08594
63876.58594
64090.9375
64215.08594
64292.03906
64488.78906
64732.23828
64983.08594
65012.88672
65256.63672
65337.88672
65401.23828
65495.08594
66000.78906
66112.6875
66187.1875
66453.98438
68184.28906
68279.08594
70632.48438
70770.48438
72497.53906
73504.48438
76577.64063
77697.83594
81952.58594
83133.14063
85664.14063
86229.33594
86347.08594
87298.03906
87571.73438
87970.9375
88576.28906
88651.1875
89197.9375
89751.33594
90488.89063
93542.4375
94052.64063
96074.98438
96133.39063
96284.39063
96326.28906
96339.08594
96367.9375
96399.98438
96498.4375
98256.1875
98734.58594
98823.14063
99352.64063
100009.3359
100256.2891
101232.9375
101647.8359
103430.8906
103763.0391
103862.1875
104383.9375
104440.7344
106073.0859
106160.8359
106232.4844
106502.2344
106708.3906
106808.6875
106890.5391
107378.5859
107465.8359
107607.9375
107703.6406
108048.1406
108162.2891
108714.1875
108866.4844
109320.5391
110163.1406
110416.0859
110504.2891
110867.5859
111057.6406
111150.8359
111195.9375
112060.8906
112348.8359
112530.6875
113091.2344
113535.4375
113706.9375
114221.6406
114262.0859
114655.1875
114862.6406
114921.5859
115388.1406
115703.2891
116155.1406
116684.4375
116994.4375
117661.7344
117818.9844
117968.6406
118020.8906
118136.8906
118162.6406
118497.8906
118654.4375
118975.1406
119079.4375
119147.1406
119243.3906
119312.4844
119360.6406
119396.7891
119710.2891
119916.5391
120031.4375
120228.7344
120362.0859
120528.8906
120568.2344
120711.1406
121162.9375
121339.7344
121444.5859
121739.1875
121917.3906
122095.7344
122478.5391
122552.3906
122632.5391
122696.6406
122959.6406
123029.3906
123244.4844
123421.7891
123539.4844
123562.8359
123759.7891
123823.0391
123922.4375
124264.2344
124387.9844
124676.8359
124880.1875
125196.9844
125257.6406
125466.5859
125951.8359
126291.2891
127026.1406
127280.0859
127460.2344
127614.8906
127682.2891
127760.3359
127804.7891
127979.0859
128438.6875
128526.2891
128623.9375
128865.9375
128940.7344
128992.2344
129055.4844
129172.3906
129277.4844
129395.6875
129499.9375
129715.6875
129818.8359
130151.1406
130253.5859
130459.7891
130577.0391
130908.9375
131000.7344
131369.0313
131390.4375
131480.2813
131579.1875
131679.3438
131738.6875
132037.7344
132151.6875
132297.0938
132683.1875
132754.2344
132910.3906
133025.2344
133440.3438
133482.4375
133615.8438
133817.9375
134117.6406
134356.3906
134433.8438
134859.9844
135336.8438
135349.4375
135422.3906
135615.3906
135744.2813
135784.0313
136266.0313
136481.0938
136592.3438
136723.8906
136854.4375
137066.9375
137285.3906
137333.6875
137610.4844
137658.9375
137810.8906
138112.3438
138150.7344
138232.4844
138273.0938
138514.8906
138556.6875
138620.4844
138725.6875
138987.8438
139199.8906
139318.7813
139531.0938
139722.1406
140368.0313
140648.8438
140691.4375
140772.0938
140975.5938
141087.1406
141210.0938
141269.5938
141502.5313
141539.3438
141714.5938
141778.8906
141871.2813
141978.0938
142043.1406
142185.9844
142216.4375
142509.0313
142768.3906
142852.8906
142934.9844
143150.2344
143284.4844
143327.2344
143376.7813
143425.2344
143603.4844
144345.4375
144405.2813
144587.5938
144715.2344
144958.4375
145084.9375
145204.1875
145239.1875
145427.7813
145903.6875
146053.4375
146117.8438
146275.1875
146329.1406
146809.0938
146842.1875
147055.6406
147221.7344
147261.9844
147424.1406
147629.3438
147696.8438
147846.3438
147930.6875
148201.6406
148586.4375
148743.3438
148927.8906
149016.2344
149127.5313
149175.1875
149397.5313
149508.1875
149583.8438
149627.9375
149687.0938
149865.1406
150267.1406
150584.1406
150759.3438
150863.6406
150952.7813
151024.2813
151080.5313
151213.4375
151404.1406
151530.9844
151621.7344
151698.0938
151821.8438
151942.5313
152066.9844
152124.2344
152365.6875
152446.2344
152625.3906
152799.8906
152825.4844
152985.1406
153153.6875
153265.6406
153431.5938
153479.2813
153668.4844
153749.5313
153986.8906
154128.9375
154218.8438
154279.7813
154892.7344
154952.9375
155228.7813
155546.6875
155645.7344
155779.4375
156001.6406
156108.2813
156285.1875
156319.3906
156657.9375
156856.6875
157001.0938
157030.9844
157103.5313
157312.8906
157437.5313
157778.6875
157805.3438
157909.2813
158059.8906
158096.5938
158130.7813
158211.2813
158471.4844
158528.2813
158701.7813
159065.8438
159067.8906
159093.2813
159261.0938
159450.9375
159569.0313
160475.5313
160722.1406
160766.5938
160922.4844
161090.4844
161241.3906
161360.0938
161533.2344
161763.3438
161963.2344
162012.1406
162562.1406
162590.0313
162758.2813
162855.2344
162918.4375
163282.3906
163571.8906
163649.5313
163723.9844
163873.9844
163902.2344
164151.7813
164359.1875
164620.5938
164688.3438
164783.5313
164901.4375
164921.5938
165142.5938
165199.5313
165279.6406
165369.4844
165583.5938
166046.2813
166201.3906
166238.9375
166366.0938
166488.1875
166507.3906
166705.9375
166827.2344
167820.5313
168508.7344
169027.5313
170697.2813
171003.8906
171479.7813
171807.9375
172279.8438
172887.2813
173029.1875
173270.7344
173786.9844
174114.2344
174437.1406
174532.1875
