1094.650024
1180.449951
1275.949951
2908.5
3046.050049
3327.600098
3436.899902
10517.59961
10664.59961
10682.7002
10684.4502
10730
10985.2998
11076.59961
14071.7998
17231.80078
17566.5
18891.5
18917.5
18997.30078
19116.94922
20523.30078
20615.44922
20636.5
20659.15039
21822.44922
26070.40039
26092.90039
26113.05078
26229.5
26490.59961
31666.90039
32229.44922
38366.19922
38417.64844
41076.10156
41354.55078
45484.80078
45638.44922
48626.60156
49829.60156
49850.80078
51016.89844
51058.60156
51070.85156
51222.55078
51336.80078
51759.19922
52715.94922
52755.55078
52801.39844
52847.10156
52876.75
52968.89844
54859.60156
55884.30078
57500.05078
57575.19922
57696.05078
58457.69922
59381.85156
59596.75
62818.5
64525
66305.29688
67891.45313
68175.70313
71872.60156
80316.39844
82359.35156
85359.14844
86641.89844
91102.85156
91262.60156
94068.75
96766.10156
96788.60156
99987
100075.7969
104534.25
107083.8984
111502.2969
111697
113048.2969
113791.3516
114534.1016
117185
117217.4531
121733.8984
121842.0469
122157.3516
124405.2969
125089.2031
126067.25
132515.75
133259.5938
139160.7031
139183.7031
140850.2031
143204.8438
143400.5938
146284.2969
146590.8438
148566.8438
151703.5
154234.5938
155114.4531
155952.75
158579.2969
158587.2031
160588.6563
166883.8438
166901.7031
166933.25
166958.7031
166965.9063
167171.0469
167281.3438
169169.4063
169904.0938
170645.9531
173615.7031
173676.4531
