392.8641968
431.4642029
5627.164063
5675.964355
7800.214355
7846.964355
10056.41406
11220.56445
11236.41406
12147.16406
12251.06445
13111.56445
13227.61426
13956.56445
14467.06445
14759.76465
14930.71387
15108.66406
15175.41406
15988.01465
16258.06445
16924.76367
17385.86523
22829.66406
24178.01367
24193.26367
24260.26367
31324.46484
32312.91406
32370.56445
33379.51563
34867.16406
35156.01563
36630.91406
36742.46484
37494.61328
37602.0625
38495.71484
38596.41406
38709.26563
38856.3125
38911.51563
39424.71484
39553.61328
39564.61328
39590.0625
39605.26563
40667.11328
40882.01563
42175.91406
42419.01563
42497.21484
42553.0625
42634.61328
43016.36328
43110.91406
43191.41406
43232.16406
43270.5625
43311.36328
43452.76563
43508.91406
43591.26563
43639.91406
43704.41406
43778.21484
43817.86328
43867.01563
44024.01563
44802.61328
44863.01563
45973.36328
49244.16406
49621.11328
49625.26563
49628.46484
49632.3125
49636.16406
49639.96484
49644.01563
49647.76563
49651.91406
49655.8125
49659.96484
49664.16406
49668.5625
49673.16406
49677.96484
49682.8125
49687.86328
49692.96484
49697.91406
49703.51563
49709.01563
49714.86328
49720.96484
49727.71484
49734.61328
49743.5625
49752.51563
49764.41406
49782.36328
49801.21484
49820.51563
49842.0625
49865.16406
49893.21484
49920.11328
49951.36328
49988.5625
50920.61328
51188.21484
52219.41406
58326.46484
59273.96484
59293.46484
59331.16406
59444.46484
62327.76563
64883.11328
68370.36719
68499.46094
70029.8125
70883.3125
71595.96094
71681.66406
71951.66406
72274.51563
73487.16406
74551.5625
76411.41406
76474.21094
77330.5625
77984.86719
78178.41406
86755.11719
87848.01563
87883.41406
88785.76563
89242.5625
89824.26563
89875.71094
89946.96094
89998.8125
90075.01563
90884.51563
91959.46094
92058.3125
92148.76563
92427.0625
93340.96094
93451.86719
93548.26563
93655.3125
93672.76563
93741.41406
93882.0625
93945.16406
94057.51563
94090.66406
94145.11719
94290.71094
94327.8125
94443.86719
95208.61719
95216.66406
95224.21094
95296.96094
95342.91406
105978.6172
109329.6641
110117.3125
116120.1641
116238.6172
116330.4141
116450.7656
117118.6172
117132.3125
118208.1641
118226.3125
120080.2109
121648.3672
121705.8672
121801.7109
121949.8125
123079.4141
123944.8125
123986.9609
125899.3125
127181.5625
129424.2656
129639.3125
133924.0156
133998.9688
134077.8125
134111.3594
134703.7656
134939.9688
135281.0156
135313.7188
135383.4219
135443.5625
137970.7188
138250.6094
139149.1094
139225.5156
139459.4688
139865.8594
141391.1719
142192.8125
142327.8594
142866.8125
143523.5156
143980.0625
144525.4688
144639.2656
146898.6719
147652.1719
147758.7656
147935.9688
150162.8125
150185.7188
150293.0156
150347.8125
150758.0156
151213.7188
151264.5625
151635.5625
151656.6094
151671.7656
151752.5156
151798.0625
151841.6719
151846.9688
152385.3125
154711.3594
154723.4219
160775.5625
168311.1719
169528.8125
174219.8594
175285.5625
178256.1094
178431.9688
187776.0625
188436.5625
188652.2656
188893.6094
189958.1719
190013.0156
190157.3594
191012.9219
191064.0625
191116.4688
191551.4219
191941.0156
191967.9219
192149.1094
192353.6719
193429.8594
193739.8594
225873.4219
262997.75
274716
279772
295406.625
295590.9063
295855
