969.8179932
5429.768066
5455.617676
5468.467773
5481.317871
5492.768066
5518.617676
5647.717773
5688.467773
5964.268066
5972.117676
5994.967773
6018.867676
6034.867676
6051.817871
6081.567871
6107.467773
8203.118164
8255.567383
8260.717773
8294.017578
8302.767578
8332.618164
8377.417969
8440.317383
8493.417969
9122.517578
9215.767578
9241.717773
9251.868164
9308.767578
9333.067383
9371.368164
9394.868164
9437.217773
9475.167969
9553.817383
10217.31738
10282.71777
10338.41797
10374.51758
10418.46777
10540.56738
11289.61816
11328.06738
11366.21777
11418.41797
11453.96777
11507.36816
11573.61816
11649.96777
12002.01758
12175.31738
12343.66797
12379.61816
12410.66797
12442.26758
12509.66797
13980.86816
15333.16797
15633.66797
15667.56738
15702.86816
15722.71777
16656.36719
16698.06836
16740.11719
16796.21875
16828.36719
16864.06836
16948.06836
17722.66797
17810.66797
17883.61719
17965.66797
18017.71875
18181.31836
18202.26758
18689.71875
18746.26758
18784.56836
18850.31836
18890.76758
18965.56836
19014.21875
19142.61719
19736.06836
19813.31836
20106.41797
21880.56836
21904.06836
21936.31836
21968.46875
22008.46875
22041.61719
22099.71875
22170.11719
22893.61719
22926.66797
22932.86719
22947.31836
22952.76758
22985.61719
23051.11719
23073.46875
23076.06836
23132.31836
23171.91797
23240.96875
23262.36719
23882.91797
23927.71875
23946.26758
23962.61719
23998.16797
24015.21875
24034.06836
24102.61719
24159.46875
24231.31836
24945.81836
24999.51758
25056.76758
25073.11719
25075.36719
25103.31836
25142.46875
25146.06836
25235.21875
25977.56836
26013.61719
26059.36719
26086.46875
26114.96875
26134.06836
26187.71875
26422.91797
26936.71875
26973.31836
26990.26758
27020.11719
27046.21875
27074.71875
27198.51758
27678.51758
27702.06836
27747.81836
29108.91797
29964.26758
30005.91797
30048.06836
30087.16797
30146.56836
30147.61719
30765.16797
31026.06836
31070.66797
31100.26758
31128.81836
31211.21875
31238.96875
31991.16797
32072.01758
32086.56836
32173.36719
32175.16797
32235.46875
32991.36719
33106.01953
33145.61719
33181.21875
33234.46875
33238.66797
33265.16797
34018.21875
34055.61719
34093.56641
34123.76953
34146.36719
34171.16797
34271.41797
35649.36719
37105.16797
37147.36719
37217.61719
37975.96875
38098.96875
38629.86719
38706.26953
38714.61719
38730.26953
38744.86719
38969.21875
39013.56641
39162.96875
39256.61719
39398.66797
39961.21875
40002.86719
40058.91797
40090.56641
40144.26953
40438.96875
40973.61719
41066.96875
41097.76953
41116.66797
41179.16797
41239.46875
43863.96875
43957.31641
44044.46875
44090.26953
44165.71875
44816.01953
44824.41797
44915.11719
44952.71875
45038.61719
45075.96875
45883.96875
45965.31641
45984.06641
45986.56641
46021.76953
46066.16797
46076.76953
46119.56641
46132.51953
46168.41797
46989.46875
47045.41797
47112.31641
47191.81641
47270.51953
47895.71875
47982.16797
48045.16797
48115.71875
48135.01953
48234.06641
50935.26953
50984.11719
51027.86719
51179.61719
51750.36719
51768.06641
51914.06641
51932.61719
51937.86719
51965.96875
51977.86719
51996.01953
52032.46875
52058.81641
52066.56641
52105.91797
52121.61719
52186.46875
52901.51953
52942.51953
52974.91797
52998.41797
53029.66797
53061.06641
53074.01953
53139.46875
53206.31641
54022.66797
54054.01953
54082.21875
54138.46875
54217.51953
54951.76953
54993.31641
55027.16797
55074.61719
55109.46875
55221.06641
55289.66797
58118.26953
58151.86719
58182.06641
58205.71875
58257.66797
58305.51953
58520.21875
58756.56641
59016.06641
59146.16797
59213.41797
59216.86719
59262.36719
59335.51953
60139.26953
60183.31641
60271.21875
60305.56641
61183.41797
61273.36719
61314.66797
62298.41797
62421.11719
62453.06641
62500.01953
65384.91797
65446.26953
65449.21875
65584.36719
65649.61719
66305.16406
66443.76563
66531.96875
66608.61719
67513.11719
67602.26563
67705.91406
68467.61719
68500.86719
68718.91406
69595.86719
69608.71875
69664.86719
69729.71875
72173.66406
72260.07031
72379.21875
73268.82031
74217.86719
74270.57031
74318.32031
74462.46875
75341.46875
76411.07031
79727.71875
79767.51563
79771.86719
79811.16406
79827.32031
79871.76563
79973.91406
80111.36719
80707.41406
80761.26563
80772.07031
80804.76563
80831.51563
80852.01563
80928.07031
81076.36719
81896.16406
81942.61719
82139.11719
82876.57031
82930.71875
82986.66406
83048.36719
83083.71875
83898.86719
83953.66406
83958.16406
84016.07031
84095.11719
86929.26563
87005.96875
87150.11719
87895.82031
88025.07031
88195.16406
88613.32031
89010.16406
89108.01563
90097.91406
90131.71875
90275.57031
91018.41406
91096.82031
91192.91406
91255.76563
92097.76563
92132.86719
92172.91406
92228.76563
94669.07031
94759.16406
94921.46875
94944.57031
95897.61719
96827.46875
97890.76563
97992.76563
98771.46875
98869.57031
99853.66406
100870.7188
101351.1641
101436.6172
101461.0156
101530.3203
101573.7188
102473.7188
102548.1172
102640.9141
102734.0156
103416.8203
103508.6641
103729.1641
104573.2188
104643.4688
105497.7656
105669.5156
105802.4141
108343.9688
108403.7188
108506.2188
109250.5156
109312.3672
109339.7656
109377.2188
109523.9141
109589.5703
109956.1172
110031.6641
110393.0703
110507.5703
110580.2656
110653.8203
110684.3672
110766.9141
111403.1641
111502.4141
111575.9688
111620.9688
111691.8672
112409.9141
112474.4141
112517.1641
112557.0156
113411.0156
115489.2656
115594.2188
115684.6641
115687.3203
116627.3672
116733.4688
116768.5156
116817.4688
116928.3203
117627.3672
117747.9141
117827.9688
117987.5703
118672.2188
118711.9141
118764.2188
118824.6641
118900.2188
119696.0156
119784.5703
119824.2188
119881.6172
119919.7656
119942.8672
120583.5703
120657.8203
121647.8672
121681.3672
121705.3672
121801.0703
121949.1641
123229.6641
123589.1172
131567.3125
133015.5156
133535.7656
137341.4688
137530.8125
137600.0156
137694.9688
138469.0156
138531.6719
138664.3125
138771.7656
139225.0156
139315.0156
139458.875
139547.2188
139592.8125
139617.4219
139891.125
140483.5625
140622.1719
140698.2188
140850.375
140896.375
141055.5156
141238.0156
141558.7656
141610.9688
141737.375
145814.375
145883.5156
147256.875
147625.5625
147681.6719
147883.3125
148778.875
148851.5156
148951.9688
149063.875
149499.2656
149800.125
149880.0156
152069.9688
152630.125
153019.2656
153726.6719
154522.625
155162.1719
156191.0625
156898.7656
157146.7188
159216.5625
159416.125
160301.8125
163155.875
165072.7656
165478.2188
166557.5625
166598.9219
166634.625
166700.875
167548.3125
167598.9688
167668.875
167686.625
167857.5625
168625.7656
168713.875
168904.4219
169575.3125
169642.6719
169706.4688
169867.4688
170591.625
170668.375
170729.8125
170798.2656
170849.7656
170952.3125
170968.3125
173804.0156
173877.2188
174996.7656
175988.6719
177165.1719
177894.875
177914.875
178747.1719
183820.0156
186340.0156
188475.4219
189158.375
189820.9219
189949.7656
190057.1719
190108.4219
191380.3125
192189.6719
192279.2656
193029.125
193398.3125
194604.375
194775.8125
194804.2188
195347.5625
195637.625
196344.8125
198058.4219
199168.375
199368.5625
200096.2656
200915.125
201717.8125
203434.9688
204084.375
205313.7188
206094.9688
206358.625
208079.7656
209890.5156
211233.5156
212313.6719
212802.125
214395.8125
214684.9688
224474.4219
225339.9219
274715.4688
279771.375
295406.0313
