7037.863281
10329.91309
11431.06348
12329.06348
12381.11328
12438.21289
12536.56348
13526.51367
13586.06348
14258.41309
14303.81348
14348.61328
14415.16309
14461.31348
14521.86328
14572.41309
14667.86328
15395.91309
15419.96289
15455.11328
15485.26367
15516.16309
15549.71289
15617.71289
15662.41309
15731.61328
15785.61328
15901.36328
15967.01367
16030.71289
16066.01367
16101.16309
17240.51367
17299.3125
17581.91406
24856.26367
25577.16406
25699.96289
25798.16406
25862.66406
26794.36328
26911.96289
26952.0625
27794.66406
27864.16406
28757.0625
28829.91406
40555.61328
42484.91406
42550.26172
42662.16406
43420.21484
45553.91406
45594.26172
45663.01172
45722.0625
45777.26172
45835.3125
45893.8125
45940.16406
45974.86328
45977.26172
45996.11328
46023.21484
46039.5625
46079.21484
46108.46484
46243.21484
46284.66406
46361.76172
46411.51172
46480.91406
46508.8125
46542.91406
46622.36328
46712.5625
46773.0625
46878.01172
46972.86328
47048.8125
47130.21484
47185.66406
47390.26172
47444.16406
47877.11328
47988.66406
48592.76172
49057.01172
49801.46484
51181.3125
54660.66406
54705.8125
54745.61328
55595.8125
55618.11328
55631.61328
55651.26172
55654.66406
55777.16406
55917.76172
63794.91406
64898.91406
71057.26563
71265.91406
71284.96094
71308.91406
71873.46094
71918.61719
71951.26563
72023.26563
72163.46094
72699.51563
73046.76563
73159.86719
78597.26563
86390.21094
86460.51563
87109.76563
87182.46094
87213.16406
87236.71094
87256.66406
87267.46094
87321.51563
87355.01563
87399.71094
87460.16406
87593.3125
87826.8125
88002.36719
88346.96094
90434.36719
91491.96094
92283.5625
92309.86719
92356.3125
92459.96094
92569.3125
93391.66406
93518.21094
93583.91406
96575.0625
96643.36719
96672.76563
96706.36719
96744.11719
96801.3125
97937.91406
97967.26563
98078.3125
98135.91406
98175.66406
98878.51563
98915.26563
98945.3125
99819.21094
99868.21094
99957.01563
100860.8672
100888.2656
100981.2109
101110.3672
101163.9609
107292.3672
107943.7656
110291.8125
110478.8125
110519.4141
110538.1641
110571.0156
110633.9609
110641.5156
110759.0156
110800.7656
110865.7109
110956.0156
110957.9609
111408.8672
111435.9141
111510.5625
112218.9141
112596.2656
115964.0156
116426.4141
118911.1172
118950.9141
118986.5156
119053.3125
119664.4609
119690.7109
119724.9141
119762.4141
119836.6172
120691.8125
120728.5625
120765.7109
121875.1641
121904.4141
121965.6641
122048.4609
123088.9141
123152.5156
127187.4609
137663.7188
137949.8125
138719.5156
139184.4063
140702.6563
141795.0625
146898.9688
146971.4688
147064.0156
147144.6094
148394.3594
149947.3125
150332.5156
150429.9063
151439.9688
151518.7188
153162.0156
153275.1563
153350.9688
154777.5625
154859.3125
155219.3125
155254.7656
155268.1563
155345.0625
155903.6563
156571.7656
156609.7188
156661.5625
156676.0625
156773.0625
156826.8594
156873.7188
156878.6563
156902.7188
156952.2188
157032.4063
157038.2188
157124.7188
157311.9688
157370.3594
157437.6094
157522.5156
157569.5625
157640.1563
157732.1563
157768.9688
158418.1094
158437.1563
158700.0156
158742.1094
158791.1094
158973.5625
159194.9688
159245.9063
159691.4688
161336.6094
163592.8594
163641.0625
163685.4063
165483.9688
165534.3594
165574.1094
165649.4063
165727.1094
165779.1563
165823.0625
165838.9688
165856.4688
165885.5156
165899.6094
165930.9063
165975.1094
166016.5625
166986.1563
167286.1563
167363.4688
169042.5625
170273.0625
170400.0156
170495.6094
170687.6094
170861.9688
170904.0156
171095.9688
171129.0625
171235.0625
172354.1563
172447.4063
172514.1094
173193.2188
173228.1094
173235.4063
173285.9688
175678.3125
175699.6563
175799.1094
176389.5625
177002.2656
178535.6094
179222.1094
179287.2188
194011.3125
194053.3594
194120.6563
194141.3125
194184.1563
194204.4063
194232.9063
194305.6094
194318.4063
194337.4688
194340.5156
194356.5625
194370.4688
194376.2656
194388.5156
194594.1094
194625.0156
194660.2656
194832.9688
194860.4688
194889.8594
194929.1094
195266.9063
195405.9063
195661.6094
195733.3594
195763.1094
195805.4063
195863.2188
195866.6563
195908.4063
195935.6094
196045.7188
196049.4063
196100.2188
196213.0625
196268.4063
196355.3594
196408.0625
196422.4688
196449.4688
196503.6094
196548.1094
196728.6094
196808.0156
196854.5156
196911.2188
197063.1563
197098.2188
197108.9063
197238.0625
197331.4063
197540.4063
197627.4063
197745.4688
197772.7656
201078.8594
201139.3125
201228.8594
201281.2656
201622.4063
201726.1563
201814.8125
201988.4688
202062.2656
209784.3594
210821.1094
211842.3125
226817.8125
237040.3125
237059.2188
237065.1563
237093.2188
237116.5156
237122.7188
237155.6563
237192.0156
237205.4063
237244.7656
237267.6094
237285.7188
237329.5625
237333.0625
237359.9063
237394.2656
237415.2656
237449.0156
237491.6563
237531.6563
237538.8125
237587.9688
237626.9063
237662.8594
237688.5156
237716.4688
237742.4688
237821.7656
237862.6563
237874.0156
237907.1563
237909.0625
237938.4063
237979.8594
238016.6094
238068.4688
238104.2188
238161.5156
238199.6563
238237.6563
238274.3125
238352.0156
238383.8125
238422.2656
238524.7656
238726.2656
238771.7656
238858.8125
238912.2188
238942.8125
238976.1563
238995.9063
239148.0156
239256.9688
239311.1094
239371.0156
239413.6563
239626.0156
239660.2656
239706.9688
244185.9063
251789.9063
251807.0156
252007.0625
253414.6563
253454.7656
253497.9688
253521.6094
253571.8594
253574.6094
253610.2188
253735.9688
253808.6563
253836.0625
253839.8125
253865.0156
253868.9688
253901.2656
253903.7656
253943.4063
253946.5156
253966.7188
254019.8594
254022.7656
254061.8594
254147.0625
254356.8125
254546.4063
254672.2188
254734.4063
254812.8125
254896.8125
255151.0625
255194.8125
255668.2188
255715.4688
255774.2656
255829.0625
255863.2656
255929.2656
256495.8594
256532.3594
256560.6563
256878.7188
257020.4063
259543.1563
259592.5156
262663.125
262725.75
291168.9688
297616.0625
297749.125
297831.8125
297907.625
297971
298031.625
298071.9063
298098.875
298140.4063
298171.0625
298226.5625
298266.125
298299.4063
298383.5
298441.8125
298495.1563
298528.8125
298566.7188
298641.875
298697.3125
298727.25
298770.5
298811.375
298865.125
