346.7200012
351.8699951
1209.119995
1610.719971
1799.670044
1861.569946
1866.719971
2043.469971
2096.120117
2416.969971
2424.919922
2531.77002
3566.870117
4404.27002
4467.419922
4479.569824
4787.220215
5247.419922
5420.069824
5963.419922
6025.720215
9681.120117
11980.46973
13029.12012
15811.62012
15842.82031
16202.07031
17101.4707
17160.11914
18937.86914
25304.2207
26270.66992
26383.57031
27359.4707
27524.61914
27584.26953
29584.07031
29632.57031
29703.2207
29739.91992
29798.61914
29853.61914
29867.4707
29913.26953
29964.2207
29979.9707
29991.66992
30093.86914
30111.76953
30168.86914
30235.9707
30265.32031
30329.11914
30468.41992
30484.16992
30516.91992
30550.01953
30649.01953
30727.57031
30788.57031
31052.16992
31079.07031
31260.01953
31300.76953
31310.57031
31478.91992
31538.51953
31658.9707
31667.32031
31923.91992
32318.86914
32360.51953
32425.76953
32426.61914
32470.76953
32555.36914
33471.87109
33487.92188
33501.57031
33570.42188
33661.76953
33749.21875
33762.01953
33794.92188
33920.07031
36338.71875
39956.76953
40942.67188
41063.71875
45395.51953
45472.21875
49047.57031
49510.57031
49625.82031
52597.51953
52711.07031
52764.92188
52799.82031
52807.21875
52846.46875
52893.51953
52896.07031
52944.51953
52962.32031
52982.96875
52991.12109
53023.92188
53056.82031
53098.26953
53112.96875
53159.76953
53167.42188
53247.21875
53299.62109
53326.12109
53736.71875
53791.62109
53796.62109
53839.07031
53903.76953
53950.12109
53982.42188
54096.21875
54146.42188
54192.57031
54306.71875
54351.87109
54436.42188
56353.26953
56447.62109
56554.57031
56888.92188
56992.17188
57002.96875
57181.17188
60308.17188
60376.92188
60405.92188
60493.07031
61458.12109
61863.46875
62053.42188
62101.17188
63414.17188
63430.07031
64557.67188
64928.62109
68675.92188
68831.21875
68859.27344
69606.11719
69643.71875
70699.36719
71791.52344
76831.61719
76896.71875
76936.92188
78916.77344
78932.21875
78937.07031
78961.42188
78999.71875
79737.67188
79815.61719
79988.42188
80006.52344
80027.57031
80087.57031
80135.52344
80219.46875
80224.17188
80358.11719
80446.71875
80488.17188
80502.57031
80530.96875
80602.21875
80735.92188
80818.11719
80860.27344
81086.36719
81180.82031
81200.02344
81221.67188
81305.11719
81333.27344
81433.77344
81834.32031
85013.02344
85076.07031
85118.21875
85163.42188
85176.27344
85228.02344
86046.82031
86092.86719
86116.21875
86158.21875
86202.07031
86241.17188
86282.52344
86343.67188
86372.21875
86406.17188
86437.32031
86463.07031
86468.61719
86484.07031
86501.21875
86574.82031
86790.27344
86901.52344
87149.92188
87198.86719
87425.86719
88784.57031
88825.96875
89392.77344
89439.96875
89627.21875
89756.11719
89812.02344
90313.77344
91380.67188
91381.67188
91422.42188
91479.67188
91504.07031
91512.11719
91568.92188
91595.36719
91615.42188
91626.57031
91660.77344
91729.96875
91797.36719
92169.57031
92383.21875
92385.57031
92472.17188
92476.46875
92567.52344
92569.27344
92612.96875
92628.61719
92645.86719
92696.17188
92766.82031
92785.21875
93409.42188
93411.86719
93468.77344
93474.92188
93542.82031
93578.96875
93643.17188
93671.07031
93687.32031
93756.42188
93923.42188
94610.52344
97148.21875
98003.92188
98161.86719
98174.42188
98237.36719
98322.86719
98341.17188
98896.77344
98906.02344
98937.67188
99037.57031
99039.77344
99047.71875
99072.92188
99183.57031
99290.71875
99292.17188
99336.42188
99564.86719
99567.52344
99748.57031
99919.02344
99999.71875
100047.3672
100048.4219
100086.1172
100121.0703
100158.7188
100164.5234
100312.0234
100338.3672
100452.7734
100493.5234
100570.5703
100975.6719
101004.0234
101108.8672
101159.8672
101182.2734
101339.6719
101379.5703
101419.6719
101480.3672
101534.2734
101571.1719
102461.4688
102800.5234
102841.0234
102867.1172
102903.3672
105882.4688
106785.0703
106895.5234
107872.3672
108966.5234
110760.8203
110764.0234
110786.5234
110793.9219
110809.5234
110815.7188
110853.7188
110869.7734
110872.0234
111045.8203
111110.4688
111146.2734
111207.0703
111266.6719
111324.2188
112022.1172
112110.9219
112164.7734
112212.5234
112336.9688
112488.7734
112552.0703
112611.0703
113030.4688
113054.0234
113104.0703
113107.8672
113126.7734
113130.4219
113146.3203
113192.1172
113216.9219
113219.8203
113247.5703
113331.8672
114016.9219
114091.1719
114178.4688
114239.9688
115062.0234
115108.2188
115276.3672
115293.0234
115304.1172
118055.0703
118079.3672
119113.6719
119148.1719
119157.7734
119202.8203
119206.3672
119299.9219
119397.6719
119408.0703
119415.6719
119438.0703
119458.8672
120196.0234
120431.1719
120474.5234
120599.3203
120603.1172
120668.6172
120675.9688
121178.3203
121308.6172
122147.3203
122296.3203
122314.0234
122455.4688
122474.3203
123197.4688
123241.5234
123362.5234
123590.7734
123718.4688
123840.7188
123926.0234
124118.5234
125584.7734
126083.2734
126240.1172
126300.1172
126326.1172
126330.8672
126370.5234
126560.4219
126591.2188
127133.2188
127179.6172
127211.1172
127286.3672
127514.9219
127734.8203
129526.6172
130440.5703
131763.1719
131865.6719
131876.0625
131919.1719
131949.2188
131971.4688
133987.9688
135709.6719
136785.2188
136797.4219
136878.0156
136926.8125
137129.375
137168.0625
137250.875
137257.0625
137355.875
137415.625
138080.5156
139115.5156
139576.0156
144551.9688
144572.7188
144582.4219
144616.625
144746.0625
144853.9688
144873.3125
145519.1719
145585.4688
145697.8125
145898.3125
146553.9688
146615.0625
146690.625
146749.7656
146752.1719
146779.625
146781.5156
146814.1719
146855.625
146877.625
147219.4688
148354.1719
148586.4219
148795.7188
148899.125
149216.0625
149296.0156
149363.4688
149545.7188
150473.5156
151550.8125
152488.8125
152586.8125
153520.125
154559.4688
154650.4688
155882.4688
155924.9688
156004.0156
156014.6719
156073.1719
156124.4219
156203.6719
156295.8125
156307.9688
156340.125
156579.5625
156763.8125
156782.3125
156808.0156
156909.2656
156956.7656
157025.9688
157419.5156
157972.125
158073.625
160544.5156
160576.9688
160684.2188
161087.0625
161168.9688
161379.7188
161531.2656
161535.6719
161572.2656
162172.4219
162332.2188
162463.9219
162515.3125
162554.3125
162608.7656
162654.7656
162687.4688
162732.3125
162777.875
162833.2188
162871.4688
162895.5156
162927.3125
162952.3125
162998.875
163045.7188
163097.875
163201.5625
163237.7656
163297.7656
163339.5156
163412.9219
163434.5625
163478.2188
163483.2656
163505.0625
163563.5625
163604.4688
163625.1719
163643.875
163723.2656
163800.3125
163835.9219
163944.4219
164031.6719
165020.625
165058.2656
166205.5625
166211.2188
174189.2656
175307.9688
175329.7656
175464.6719
176465.0156
176580.7188
177270.4688
177324.2188
177530.9219
177595.7656
177623.0625
177670.8125
177717.6719
177726.6719
177845.1719
177886.375
178786.625
178828.0625
178903.0156
179232.875
179280.6719
179481.4688
179596.4219
179737.2188
179808.625
180003.2656
180042.5625
180060.9688
180084.7188
180087.1719
180125.5156
180165.1719
180170.8125
180218.5625
180265.7656
180323.4688
180668.375
180719.8125
180866.375
181525.1719
181542.0156
181638.8125
181996.7656
182034.5156
182058.9219
182061.7188
182109.2188
182947.9219
183848.5156
183923.375
183979.8125
184038.5156
184040.125
184980.5625
185038.0625
185087.8125
185166.8125
186961.7656
191399.6719
193698.625
194042.4219
194070.8125
194110.4688
194162.0156
194222.5156
204473.125
204513.8125
204583.875
205932.375
206009.1719
214698.8125
214765.7656
215181.8125
215202.375
215232.4219
215279.9688
215325.3125
215354.0156
215386.9688
215415.4219
215443.7188
215506.4219
215539.3125
215572.9688
215629.7188
215655.4219
215659.4688
215678.625
215702.0156
215719.5156
215752.2188
215770.2188
215796.625
215829.0156
215862.625
215866.7656
215931.625
215988.375
216047.0625
216116.2188
216232.9219
216404.3125
216570.125
216601.1719
216633.4688
216654.4688
216704.4219
216722.4688
216740.9688
216760.2656
216812.4219
216822.5625
216921.5625
217012.625
217094.9688
217718.875
217770.9219
218690.9219
229027.0156
229072.5625
229117.2188
229166.4219
229250.8125
229626.1719
229663.2188
229792.625
229916.0156
230062.8125
230262.4219
230312.125
239004.5625
239293.5156
241661.875
242963.7188
243108.0156
246721.375
247374.8125
247418.5156
247481.0625
247503.0156
247526.5156
247571.0625
248657.9219
248680.8125
249139.0156
249243.3125
249297.125
249408.4688
249496.9688
249543.9219
249582.0625
249609.9219
249635.9219
249646.4688
249649.4688
249699.7656
249724.0156
249784.4688
249862.125
249897.5625
250117.7656
250840.0156
250906.125
251014.125
251039.7656
251102.8125
251155.6719
251833.7188
251904.0156
252181.1719
252194.2656
252301.125
252357.1719
252403.1719
252447.5625
252488.875
252524.7188
252556.625
252629.7188
252685.7188
252757.0156
252788.5625
252840.5625
252887.0625
252929.7188
253003.375
253054.125
253118.8125
253351.3125
253432.1719
253567.125
253618.5156
253692.3125
253753.5625
253902.2656
253946.625
254004.9219
254019.125
254065.9219
254142.1719
254326.375
254361.4219
254406.8125
254435.8125
254467.9219
254505.0156
254515.7656
254563.8125
254566.375
254682.3125
254747.875
254784.0625
254891.3125
254901.0625
254913.6719
254935.3125
254953.3125
255002.5625
255025.1719
255250.9219
255426.0156
257063.7188
257086.4688
257095.2188
258057.9688
258339.6719
258512.6719
266328.2188
266619.9688
266673.875
266722.625
266761.4063
266792.0313
266863.625
273860.3125
290844.2188
292346.875
293438.0625
293587.7813
293673.2813
293741.7188
293821.8125
294136.625
294170.7188
294225.125
294348.1563
294393.875
294397.125
294651.4688
295131.4063
295198.125
295483.5625
295528.0313
295644.1563
296229.5313
296260.0313
296284.6563
296293.6563
296318.2813
296351.9063
296410.1563
296416.625
296494.3125
296628.2188
296651.0313
297277.5313
297302.7188
297354.625
