5583.883301
7730.933105
7821.283203
7906.133301
8142.183105
10175.2334
10205.9834
10207.7832
10210.43359
10237.7334
10247.83301
10275.18359
10368.5332
10374.2334
10455.5332
10487.83301
10514.43359
11200.18359
11225.2832
11235.38379
11253.88379
11276.83301
11278.38379
11297.9834
11308.7334
11357.33301
11423.33301
11451.7334
11473.08301
12232.0332
12284.5332
12301.13379
12322.2832
12380.2334
12392.08301
13326.63379
13401.58301
13403.13379
13505.13379
13533.68359
13656.68359
14300.33301
14333.9834
14335.63379
14379.68359
14420.43359
14458.88379
14486.13379
15058.5332
17670.08398
17712.68359
17745.73242
17816.88281
17855.43359
17921.38281
18011.23242
18277.33398
18714.5332
18716.2832
18725.68359
18739.68359
18750.23242
18770.13281
18799.23242
18830.43359
18860.13281
18888.23242
18946.93359
18980.83398
19022.58398
19067.5332
19742.08398
19743.63281
19945.68359
19966.58398
20032.2832
20800.98242
20868.23242
20945.23242
21014.0332
21043.08398
21854.73242
22029.5332
22064.5332
22100.88281
22147.68359
22378.38281
25272.33398
25316.93359
25322.43359
25335.93359
25362.2832
25382.7832
25484.23242
25654.73242
26293.68359
26378.38281
26402.88281
26437.88281
26464.38281
26542.2832
26663.58398
27320.33398
27356.38281
27400.63281
27422.43359
27457.7832
27546.88281
27573.43359
27989.88281
28367.48242
28408.83398
28420.43359
28432.83398
28454.98242
28514.63281
28528.33398
28674.5332
28718.63281
29365.43359
29374.63281
29435.0332
31598.93359
31619.38281
31678.88281
31694.88281
31761.88281
31766.43359
31801.18359
31896.13281
32667.43359
32713.73242
32851.58203
32884.73438
32911.53516
33682.63281
33684.33203
33824.38281
33866.73438
33866.93359
34728.33203
34801.03516
34827.33203
34889.28516
34952.93359
34997.33203
35725.63281
35820.33203
35970.33203
38891.08203
38926.98438
38962.68359
38984.73438
39035.88281
39064.13281
39113.38281
39159.03516
39819.18359
39829.68359
39861.18359
39905.88281
39941.88281
40008.93359
40065.38281
40131.68359
40238.93359
40906.63281
40933.38281
40969.78516
41010.58203
41050.33203
41104.23438
41219.38281
41896.53516
42004.78516
42030.08203
42062.73438
42096.13281
42171.33203
42956.48438
43019.18359
43077.93359
43124.13281
43152.73438
43271.48438
43863.48438
43911.98438
43937.08203
43962.73438
44167.63281
44948.08203
46800.03516
46835.18359
46836.53516
46895.68359
46917.03516
47052.78516
47069.58203
47732.43359
47771.28516
47801.53516
47910.08203
47960.38281
48093.48438
48848.93359
48880.98438
48989.68359
49862.08203
49916.23438
49978.83203
50452.53516
50792.33203
50817.28516
50873.78516
50912.03516
50999.53516
53538.58203
53564.48438
53592.98438
53619.08203
53634.88281
53718.03516
54573.28516
54610.38281
54696.08203
54766.93359
54792.83203
54812.68359
55179.53516
55566.63281
55585.13281
55601.58203
55642.58203
55664.28516
55760.38281
56549.38281
56638.18359
56675.03516
56712.38281
56886.73438
56937.08203
56973.58203
57035.53516
57680.88281
57706.08203
57797.73438
57860.83203
57888.33203
60527.63281
60637.98438
60689.13281
60730.58203
61634.43359
61677.33203
61807.18359
62617.73438
62804.23438
63707.03516
63741.13281
63764.88281
63839.88281
63877.08203
63995.18359
64616.53516
64618.03516
64656.88281
64746.13281
64974.78516
67522.48438
67586.17969
67622.58594
67641.83594
67676.92969
67717.23438
67747.17969
67825.13281
68463.48438
68534.67969
68595.13281
68613.13281
68643.58594
68680.88281
68734.28125
68801.53125
69564.92969
69603.08594
69657.73438
69694.03125
69730.38281
69749.83594
69829.73438
70633.13281
70681.42969
70718.48438
70872.88281
71464.92969
71598.63281
71665.38281
71713.73438
71749.23438
71783.08594
71810.13281
71849.28125
71941.78125
72614.58594
72678.08594
72802.78125
73440.33594
75237.98438
75339.63281
75389.48438
76245.38281
76301.53125
76361.53125
76488.73438
77397.98438
77399.63281
77443.08594
77551.03125
77618.78125
77889.42969
79658.92969
82880.38281
82912.17969
82929.83594
82985.88281
83124.28125
83866.78125
83894.33594
83946.78125
84031.03125
84063.83594
84100.03125
84154.03125
84194.23438
84280.33594
84908.23438
84944.92969
84947.58594
84968.03125
85098.42969
85127.88281
85166.73438
85300.13281
85920.13281
85953.78125
86096.63281
86149.23438
86166.98438
86234.08594
86592.63281
87526.38281
89257.73438
89290.63281
89311.63281
89361.67969
89412.08594
89434.58594
89523.13281
90278.28125
90344.48438
90446.83594
90863.42969
91340.63281
91396.17969
91427.53125
91579.73438
91643.88281
91710.17969
92370.63281
92417.98438
92644.88281
93394.83594
93488.67969
93507.88281
93535.53125
93571.48438
93573.73438
93606.08594
93643.98438
94037.73438
96466.33594
96618.67969
96700.17969
96768.42969
97520.17969
97558.88281
97618.63281
97648.92969
97761.42969
97865.28125
98589.28125
98594.78125
98639.73438
98695.88281
98752.42969
98826.48438
98865.67969
98942.13281
99609.73438
99659.83594
99712.53125
99807.73438
99959.78125
100653.2344
100724.6797
100768.6328
100797.8828
100951.8828
101507.4844
101531.5859
101583.2813
101668.3828
101699.4297
103786.8359
104286.7813
104625.3828
104803.2813
105055.6797
105528.9297
105552.5313
105586.9844
105628.4297
105659.1328
105834.1797
105939.3828
106611.0313
106697.2344
106739.7813
107753.8359
107841.4297
108674.3359
108785.7813
108849.1797
109196.1328
111303.9844
111326.6328
111355.6797
111395.0859
111396.3828
111404.8359
111423.4297
111439.7813
111464.5313
111578.8359
112320.4297
112347.8828
112370.9297
112400.1797
112453.2813
112477.5859
112548.8359
112578.1328
112628.9844
113356.5313
113365.7344
113409.2344
113426.8828
113479.3828
113508.3828
113532.9297
114393.7813
114429.7813
114488.3359
114516.6797
114541.1797
114700.9844
115440.7813
115468.3828
115484.3828
115529.3828
115556.4297
115558.9844
115612.3359
115689.9297
116025.3828
118188.7813
118227.6797
118252.2813
118254.3359
118274.9844
118301.8359
118344.1328
118445.6328
118487.8828
118628.0859
119246.9844
119263.8828
119317.9844
119342.2344
119375.7813
119398.5313
119512.5313
120284.9297
120306.8828
120346.6328
120374.0859
120403.0313
120425.2813
120467.3828
120493.8828
120521.7344
120600.3828
121342.8359
121363.0859
121391.4844
121412.8359
121444.7344
121467.7813
121510.5313
121543.0313
121706.2344
122447.5859
122482.4844
122541.9844
122568.4844
122666.0313
122744.4844
123261.6797
123316.9844
123349.4297
123529.7813
129836.0859
130312.8828
130377.7344
140051.0781
140097.4844
140101.9844
140148.4844
140215.0313
140260.8281
140301.8281
141040.0313
141082.3281
141132.5313
141208.8281
141392.3281
141427.6406
142060.8281
142124.4375
142163.8906
142189.1406
142286.6875
143102.7344
143168.2344
143234.5781
143297.8906
143345.2344
143387.9375
144237.5781
144314.5781
144370.0781
144564.1406
144621.2813
147189.7813
147394.6406
148185.8281
148390.6875
149306.2344
149388.5313
150237.5313
150302.3906
150360.0313
150411.4844
150466.6406
150508.4375
150667.6406
151368.2344
151443.3281
151492.9844
151586.5313
151642.3281
157674.3281
157760.6406
157852.1875
162844.7344
162936.1406
162966.7813
162983.4844
163013.1406
163764.3906
164082.9375
164743.3906
169051.9844
169116.0313
169291.3281
169430.1406
170026.2813
170074.4375
170104.3906
170144.7813
170204.2344
171076.7344
171161.5313
171185.0781
171192.5781
171309.3281
171374.4844
171531.7813
172086.3906
172132.5313
172332.7344
172384.4844
173195.6875
173264.2813
173304.8906
173338.9844
173390.6875
173394.9375
173438.9375
173538.4375
176627.3281
176656.6406
177658.9375
177745.7344
178781.8281
178865.9844
178922.9844
179652.5781
179701.1875
179850.6406
180674.1875
180713.2344
180778.6406
180819.4375
199134.3906
199190.5313
232904.0781
236341.6875
236397.2813
236433.5781
236437.3281
236502.4375
236563.4844
237363.5313
237481.7344
237542.2344
237613.4844
237720.3906
238320.2344
238457.1875
239389.6406
244429.7813
262723.7813
267669.9375
