796.9232178
880.5731812
1157.273193
1197.823486
1231.323486
1299.273193
1371.623169
1411.723511
1466.573486
1573.573486
1601.123169
1637.173218
1696.673218
1728.923218
1735.473511
1743.873169
1758.523193
1791.723511
1807.623169
1827.073486
1829.273193
1863.473511
1871.973511
1923.473511
1940.973511
1981.323486
1994.973511
2005.073486
2012.473511
2044.373169
2060.873291
2068.123291
2094.223389
2125.823242
2160.973389
2276.273438
2277.873291
2299.473389
2306.573242
2322.723389
2370.723389
2375.373291
2381.773438
2418.523438
2420.523438
2425.273438
2465.023438
2469.623291
2490.123291
2534.073242
2541.273438
2564.223389
2610.723389
2615.323242
2671.273438
2679.773438
2714.323242
2832.723389
2856.073242
2864.273438
2969.673096
2992.673096
3036.123291
3039.173096
3068.823242
3088.573242
3149.123291
3256.123291
3284.323242
3315.973389
3457.473389
3512.473389
3553.173096
3580.373291
3594.923096
3634.973389
3643.173096
3648.273438
3706.823242
3812.923096
4054.273438
4087.923096
4134.623535
4160.073242
4203.723145
4230.473145
4255.373535
4374.373535
4384.323242
4388.17334
4419.523438
4451.473145
4488.873535
4553.473145
4599.823242
4611.623535
4665.223145
4695.42334
4798.523438
4807.67334
4876.223145
4915.373535
5428.223145
5455.123535
5474.323242
5501.973145
5531.773438
5566.023438
5664.323242
5931.723145
6141.223145
6175.623535
6413.973145
6475.073242
7538.573242
7672.123535
8664.273438
15878.37305
15921.32324
16066.37305
25086.37305
25097.92383
25125.72266
25236.97266
25294.02344
25332.67383
25360.22266
26334.62305
26353.77344
26372.82422
27320.07422
27323.72266
27362.67383
27388.87305
27391.67383
27405.97266
27421.57422
27440.82422
27478.92383
27497.27344
27501.17383
27554.82422
28779.97266
29019.92383
29421.12305
29704.37305
29736.57422
30168.47266
30375.22266
30474.42383
30549.72266
30570.87305
30711.12305
31280.22266
31316.07422
31328.27344
31346.32422
31367.92383
31379.77344
31404.37305
31411.27344
31465.57422
31538.72266
31549.27344
31585.82422
31646.77344
31657.47266
31982.12305
31984.47266
32074.57422
32096.12305
32297.67383
32303.37305
32321.37305
32375.52344
32437.32422
32491.02344
32535.42383
32544.37305
32576.37305
32622.97266
32637.57422
32655.22266
32750.82422
32823.57422
32871.47266
33269.57422
33311.22266
33462.92188
33508.875
33559.42188
33611.17188
33617.32422
33638.97266
33650.22266
33694.72266
33746.77344
33926.42188
34212.22266
34464.875
34587.77344
34640.72266
43017.92188
43255.97266
46623.07422
46924.07422
47881.27344
47899.125
47958.52344
47995.125
48008.47266
48276.375
48318.375
48908.02344
49017.82422
49046.625
49049.375
49429.875
49460.625
52437.92188
57904.22266
57931.22266
60314.07422
60343.72266
60378.97266
60386.22266
60413.72266
60421.375
60446.32422
60484.77344
60528.02344
60551.32422
61316.57422
61321.97266
61346.32422
61371.125
61400.52344
61430.72266
61440.67188
61473.42188
62249.02344
62317.67188
62346.82422
62374.02344
62427.22266
63345.92188
63481.22266
64825.82422
66551.07031
66686.125
66836.82031
67346.92188
67669.72656
67706.42188
67899.375
68755.875
68939.92188
69587.77344
69638.875
69792.02344
69801.57031
69819.52344
69888.02344
69933.77344
69949.92188
69954.07031
69974.02344
70082.97656
75803.82031
75825.97656
76837.97656
76890.77344
77009.82031
81001.27344
81150.92188
81177.42188
81196.47656
81212.22656
81218.92188
81237.97656
82867.07031
86162.77344
86216.72656
86299.67188
87070.67188
87108.875
87138.125
87170.42188
87206.92188
87258.92188
87306.17188
87323.57031
87334.22656
87357.77344
87365.47656
87396.32031
87434.47656
87445.375
87477.72656
87772.72656
87785.72656
87811.07031
87833.27344
88111.375
88747.47656
88794.47656
88866.32031
89091.32031
89094.82031
89158.67188
90298.375
98893.07031
98950.07031
98960.77344
98994.02344
99000.17188
99047.92188
99160.625
99238.32031
99281.22656
99445.07031
99476.42188
99517.52344
99617.97656
99652.375
99679.375
99711.97656
99720.82031
99750.27344
99792.07031
99846.07031
99875.22656
99910.72656
99925.27344
99947.72656
100007.0234
100040.625
100073.625
100102.5234
100134.9766
100183.2734
100233.1719
100280.0234
100456.0703
100812.7266
100865.4219
100917.125
100925.2734
100978.875
101006.0703
101013.8203
101049.5703
101075.1719
101122.0703
101159.4219
101228.625
101385.6719
104716.7266
105630.0234
105725.875
106680.0234
106767.5234
106789.9219
106845.2266
106879.8203
107848.0234
107868.5703
108823.2266
108854.7266
110063.0234
113201.9219
113314.4766
114164.875
114227.9219
115096.3203
115165.875
116996.9219
118541.8203
119463.4219
119474.7734
119508.9766
119576.1719
119581.0234
120442.875
120456.875
120481.8203
120485.4766
120494.0703
120648.875
120653.625
120666.125
120681.7734
121348.1719
121394.4219
121503.125
121607.7266
122279.9219
122329.7734
122335.8203
122366.4766
122414.2266
122452.9219
122460.4219
122568.5703
122615.2266
122635.5703
123254.7266
123300.9766
123336.8203
123361.9219
123387.5703
123439.7266
123480.375
123516.8203
123579.4766
123694.625
123702.7734
123725.1719
123768.1719
123795.7266
123828.7734
123837.4219
123865.0234
124198.9766
124283.7734
124344.0703
124503.2734
124507.9219
131068.2266
131087.875
144576.125
144629.9688
144759.4219
144760.2656
144798.375
144817.3281
144876.4688
144893.4688
145503.5156
145566.8281
145595.8281
145617.1719
145706.5156
145835.0156
146665.3281
146703.1719
146744.5781
146781.4219
146809.1719
146828.875
146840.5781
146873.5156
146962.5156
147025.9219
147108.5156
147182.9688
147237.7656
147271.0781
147472.2656
147687.625
148489.7188
148500.4219
148526.2656
148528.5156
151242.0781
151268.5781
151343.2656
153245.2188
153428.9688
153468.5781
153617.375
153621.375
155912.9219
155990.8281
156027.6719
156077.5781
156122.4688
156234.2188
156563.1719
156617.125
156692.375
180638.6719
180685.2188
180708.8281
180723.375
180778.7656
180781.3281
181753.625
181859.7188
181878.4688
181927.2188
181937.625
181960.3281
182017.1719
182023.6719
182055.2656
182876.4219
183093.375
183119.0781
183433.1719
184122.7656
184205.625
193130.8281
193225.8281
193331.625
193496.8281
193555.1719
202488.5781
202595.625
202645.125
202676.5156
202760.5156
214189.5156
214215.7188
214271.5781
214312.3281
214413.4219
214900.0156
214933.9688
214975.125
215287.0781
215357.4688
227525.2656
227838.0156
227953.8281
245741.125
248544.7656
248588.7656
248757.5781
248792.5156
248802.5781
248848.9219
248862.5156
249279.375
249312.7188
249649.6719
249679.9688
249709.4219
249765.5156
249808.2188
249837.9219
254848.125
254879.125
263755.0625
263928.5625
263971.0625
264020.4375
264066.4688
264069.3125
297028.9688
297086.2188
297146.3125
