1611.439941
4152.939941
4945.089844
4959.189941
4980.290039
5043.490234
5054.439941
8671.589844
9927.040039
21875.53906
25440.89063
25453.68945
25465.33984
25482.43945
25493.93945
25640.58984
25661.14063
25677.28906
25768.78906
25989.53906
26010.03906
26761.74023
26789.93945
26842.93945
26891.49023
26937.18945
27479.89063
27507.68945
27905.39063
27936.14063
27975.58984
28317.53906
29314.24023
29921.28906
29956.18945
31675.99023
31843.28906
33284.44141
37738.58984
46666.23828
46820.03906
46840.28906
46876.94141
48287.48828
53733.14063
54020.23828
54691.14063
54702.28906
56398.69141
56449.83984
60504.28906
63982.48828
68111.9375
71009.39063
72325.09375
72330.6875
73096.49219
74661.09375
78122.28906
78152.53906
78203.64063
78235.09375
78670.1875
80762.6875
80842.24219
80878.9375
80921.59375
81177.53906
82322.14063
82375.24219
82385.49219
83215.78906
84435.39063
84472.03906
84491.99219
84792.1875
91372.14063
92749.64063
99477.89063
99676.03906
99685.9375
99701.4375
99721.6875
99733.78906
104656.3906
105178.2422
105303.1875
105387.7891
106383.9922
106417.4922
106460.6406
107921.9375
108300.9375
109601.9375
110834.6406
112128.6406
113061.7891
114816.6875
118613.9375
118625.9375
118645.6875
118662.9375
118741.5391
118846.1406
119752.1406
119766.8906
119781.7422
119791.1406
120069.3906
121065.3438
122740.3906
124254.1406
125836.6875
125863.1875
126600.6406
126611.9375
126656.4375
128081.4922
128631.0938
128647.2891
128653.9375
128679.4375
128682.4922
128699.3906
128717.8438
128736.5391
128744.3906
128755.9922
129445.3906
129466.7891
129481.9375
129542.1875
129579.6406
129653.8438
129686.0938
129726.6406
129994.0938
130062.6406
130105.0938
130139.2422
132911.0469
134759.3906
137330.2344
137359.8906
137570.6875
138345.7969
141516.6406
142601.5469
142699.6875
143952.9844
143986.6875
144021.5938
144072.8906
144126.0469
144127.9375
144142.5938
144145.8906
144186.8906
144200.4844
144205.8906
144222.7969
144245.6406
144276.9375
144313.3906
148065.8906
148676.3438
149254.3438
150278.3906
150365.9375
152221.2344
152948.3906
153037.4375
154101.7344
154115.6406
154138.4844
154163.6875
154187.5938
157761.6406
165426.4844
166079.0938
171091.7344
171161.4844
171232.5938
171246.8438
172765.0938
175146.5938
175559.5938
177098.5938
179928.7344
179954.3438
183696.3906
183863.9375
185519.3438
185979.8438
186358.7344
186689.2344
186703.3438
187464.8906
187474.2969
187495.8438
187513.7969
187539.2344
188486.1875
188516.0469
189439.3906
191230.2969
191236.3438
192559.0469
193545.7344
194606.7969
196053.4375
196065.6406
196092.7344
196133.2969
196155.2344
196460.2969
196483.3906
196529.7969
196568.2344
197977.9375
198001.4375
198017.9844
198033.0938
198061.1406
198072.8438
198189.8438
198693.9844
198718.2344
198746.9375
198762.0938
198793.2969
198824.1406
198893.0938
199248.6406
201302.7344
201310.4375
201902.8438
203270.5938
203881.6875
207651.1875
207704.3438
208643.7969
210462.8438
212038.9375
214363.2969
214828.9844
215247.3438
217298.9375
217308.2969
217310.4844
217344.9844
217370.3906
218085.3906
218150.0469
218181.4375
218233.6875
218285.4375
218799.1406
218827.0469
218867.1406
218898.8438
220513.1406
220526.6875
220543.1406
220551.2344
220569.1406
220589.9375
220633.6406
220648.6875
220670.9375
220688.5938
220746.0938
220782.4844
220832.0938
220884.9844
220917.8906
220932.8906
220955.9375
221096.1406
221142.8438
221172.6875
221864.8438
221915.6875
222002.9844
222021.2344
222022.7344
227360.4375
228847.4375
237996.9375
240846.2969
242672.1875
243046.3906
245300.8906
245378.3438
245401.4844
245429.6875
247920.5469
252820.5469
252844.1875
252857.2344
252872.1875
252879.6406
252882.5469
252896.7344
252923.3438
252939.1875
252942.7969
253553.3438
254991.1875
255028.1875
255055.9375
255743.6406
255793.4844
255835.8906
255928.3438
259450.5469
260113.8906
261147.7969
263514.2813
264035.5
268563
270710.4375
274238.6875
274311.3438
276384.5
278747.75
280322.9375
280898.6875
280928.75
280979.1875
281002.5
281014.5313
281045.875
281060.5938
281078.125
281104.7813
281126.375
281202.0313
281216.5938
281234.3438
281257.8438
281288.0313
281295.375
281306.125
281334.0938
281338.5938
283799.7813
290419.75
291856.0313
296306.9375
296308.6875
296319.7813
296339.375
296341.7813
296363.6875
296371.8438
296415.5313
296644.0313
