1741.146484
1750.096558
1761.446533
1783.896484
2003.446533
2007.946533
2090.596436
2132.746582
5409.396484
5416.946777
5426.396484
5438.09668
5469.046875
5494.046875
5621.546875
6110.196777
6115.946777
6123.946777
6200.046875
6865.996582
6873.646484
6904.446777
6915.196777
7749.696777
7754.796875
7765.84668
7800.546875
7841.446777
7888.646484
9055.946289
9093.396484
9101.646484
9332.09668
9338.296875
9372.396484
11620.19629
11625.54688
11636.14648
11646.84668
11656.64648
11668.79688
11710.14648
11743.84668
11780.54688
12424.79688
12430.59668
12488.64648
12535.84668
12583.39648
15424.54688
15431.64648
15439.09668
15450.19629
15531.99707
15629.29688
16880.74609
16887.24609
16897.44727
16911.29688
16944.24609
17068.29688
22107.14648
22115.74609
22121.44727
22174.64648
22236.99609
23254.74609
23261.04688
23278.94727
23283.3457
23302.19727
23329.39648
23427.19727
26540.49609
26549.94727
26586.3457
26607.39648
26626.99609
27557.24609
27563.14648
27571.64648
27609.0957
27646.04688
28375.24609
28382.3457
28391.64648
28400.29688
28428.94727
28484.14648
28561.94727
28695.3457
30119.29688
30128.79688
30142.89648
30172.99609
30213.89648
30924.19727
30939.74609
30994.14648
31053.49609
32094.29688
32100.8457
32108.0957
32122.89648
35019.09766
35024.89844
35037.04688
35068.79688
35163.74609
35179.44531
35209.74609
35866.64844
35872.24609
35878.74609
35885.69531
36899.64844
36907.24609
36911.89844
36926.84766
36996.59766
37046.09766
37101.39844
37952.99609
37959.39844
37973.14844
38045.39844
39190.04688
39197.94531
39203.29688
39229.94531
39265.29688
39326.54688
39352.79688
40424.64844
40437.49609
40471.84766
41211.69531
41218.69531
41227.59766
41236.94531
41256.04688
42268.89844
42276.84766
42286.39844
42310.14844
42315.94531
44329.34766
44338.74609
44347.14844
44357.59766
44364.29688
44401.74609
44496.49609
45221.84766
45228.44531
45237.04688
45244.59766
45262.44531
47953.24609
47960.89844
47965.39844
47975.64844
48029.14844
48120.04688
48131.04688
49100.74609
49107.99609
49122.94531
49170.14844
49224.54688
50502.29688
50509.79688
50516.24609
50535.44531
50572.44531
50587.69531
50667.09766
54151.94531
54159.04688
54164.19531
54176.59766
54194.24609
54216.94531
54245.94531
54326.14844
54365.39844
54904.19531
54911.44531
54917.34766
54932.29688
54995.14844
55155.79688
56931.99609
56937.69531
56944.49609
56952.44531
56960.69531
56980.59766
57026.24609
57141.79688
58044.89844
58058.69531
58067.04688
58087.09766
58095.44531
58139.64844
58177.34766
58880.99609
58886.89844
58893.24609
58900.59766
58919.44531
59004.39844
59925.64844
59931.84766
59941.89844
59979.94531
60044.34766
61094.94531
61102.94531
61112.79688
61159.74609
61165.04688
61207.14844
61247.74609
61263.89844
61307.69531
61477.99609
63111.49609
63121.74609
63132.09766
63186.54688
63191.84766
63252.84766
63294.39844
63385.74609
65050.89844
65059.09766
65078.59766
65122.39844
65140.99609
65254.59766
65317.49609
65351.29688
66210.29688
66220.39844
66235.29688
66268.25
66333.89844
66973.04688
67771.94531
67778.94531
67786.44531
67795.19531
67813
67870.84375
68958.04688
68964.54688
68972.09375
69143.39844
69163.25
69861.89844
69868.04688
69875.29688
69893.39844
69939.79688
69947.89844
70960.64844
70967.25
70982.54688
71015.29688
71108
71971.29688
71976.14844
71992.29688
72011.89844
72031.19531
72101.39844
72185.09375
73359.54688
73376.09375
73385.5
73400.39844
74304.94531
74312.09375
74350.64844
74376.69531
74470.39844
75585
75592
75597.75
75604.75
75612.14844
75642.25
75675
76421.44531
76428.04688
76466.25
76483.64844
77383.44531
77398
77440.69531
77588.14844
79395.39844
79447.39844
79846.29688
79851.29688
79869.29688
79895.19531
79950.79688
80604.79688
80611.59375
81442.75
81448.5
81454.5
81472.69531
81544.75
81568.75
81775.14844
81815
81890.84375
85081.79688
85088.64844
85096.09375
85102.14844
85177.64844
85202.59375
86010.5
86017.25
86025.34375
86029.84375
88523.44531
88532.19531
88573.64844
88605.09375
88641.94531
89510.34375
89516.19531
89521.89844
89531.29688
89627.75
89743.29688
89764.59375
93635.69531
93641.04688
93656.84375
93664.79688
93787.84375
93889.34375
94000.14844
97610.64844
97616
97624.84375
97680.44531
97912
97917
97937.64844
98262.69531
98267.14844
98275.84375
100165.6484
100171.25
100177.2969
100190.1484
100198.0938
100207.7969
100223.8984
101248.4453
101254.9453
101263.5469
102298.5938
102309.1953
102318.2969
102326.0469
102388.6953
102436.0938
102507.0938
102582.1484
102587.1484
103262.1484
103268.5469
103278.3984
103351.9453
103794.75
103804.0469
103867.7969
104549.25
104556.1484
104561.7969
105560.1953
105565.7969
105574.1953
105611.5
105674.1953
105716.9453
105746.3984
105801.7969
108583.5469
108591.5
108603.3984
108643.2969
108700.5938
108782.4453
109728
109734.7969
109742.25
109775.5938
109813.1953
109817.3984
109845.9453
109890.5469
109901.7969
113074.1953
113080.8438
113093.25
113098.1953
113118.0469
113143.8438
113161.5938
113208.1484
113216.8438
113892.5938
113900.2969
113909.2969
113930.1484
113939.4453
115621.4453
115645.4453
115652.0469
115668.5
115691.25
115698.8438
115728.25
115766.8984
118470.5469
118477.0938
118482.8984
118492.0938
118541.0469
118579
118616.0938
118662.1484
119801
119807.3438
119817.75
119823.6484
119836.5938
119846.8438
119875.9453
119975.75
119981.0469
123069.75
123081.0469
123096.8438
123101.5
123128.5469
123155.0469
123256.3438
123285.0469
124012.75
124020.1953
124027
124040.7969
124063.9453
124107.8984
124120.25
124153.8438
125536.0469
125543.9453
125554.5
125563.75
125572.0469
125588.5469
125630.5938
125663.6953
125716.0938
128215.0469
128222.5469
128230.4453
128250.6953
128390.3984
128394.25
129203.4453
129216.3438
129225.4453
129240.1484
129247.1953
129272.8984
129319.0469
129351.6484
129359.3438
129406.5938
129412.6953
129459.8984
134931.2969
134937.25
134944.2031
134951.9531
134965.6406
134984
135025.4531
135051.0469
135058.2031
135179.7969
135234.7031
135239.5938
135573.8906
135584.0938
135617.0938
135621.7031
135657.0469
135684.75
135721.0938
136603.1406
136612.3438
136617.8438
136628.5469
136634.2031
136776.4531
136781.2031
136790.9531
136822.2969
136878.0469
139042.25
139053.1406
139059.7969
139085.5
139091.75
139102.5469
139660.5938
139668.5938
139678.2031
139687.0938
139694.0938
139706.0469
139716.5469
140535.7969
140545.3438
140551.8438
140569.4531
140578.75
140610.25
140618.0469
144075.7031
144083.2969
144097.2969
144101.8438
144116.75
144159.5938
144220.2031
146103.1406
146114.9531
146122.0469
146134.2031
146142
146152.4531
146189.25
146229
146259.8906
147333
147340.0469
147395.3438
147400.6406
147436.8438
147442.8906
147516.8438
147688.75
148328.2969
148336.6406
148344.7031
148555.8438
148566.8906
148587.0938
148613.5938
149935.8906
149942.2031
149953
149959.2969
149974.75
150004.8438
150064.2031
150068.7969
151006.6406
151012.75
151020.5938
151028.8906
151058.75
151084.7969
155966.6406
155970.8438
155989
155994
156014.5938
156095.9531
156116
156137.9531
156389.8906
156395
156403.5938
158836.2031
158842.9531
158854.2969
158869.0938
158874.2031
158894.0469
158932.25
159107.3906
159112.7969
159138.9531
159148.75
159198.25
159204.25
159217.4531
161413.5469
161425.3438
161432.8438
161452.8438
161458.0938
161470.2969
161492.5938
161507.0469
161519.3906
161602.2969
161677.6406
163978.1406
163984
163990.1406
163998.8438
164009.8438
164021
164085.2031
164104.0469
164138.3438
164200.5938
164290.3438
164973.75
164979.2031
164996.9531
165003.0938
165022.5
165105.75
165110.4531
165138
165176.75
166311.6406
166318.7969
166330.0938
166335.75
166366.2031
166372.8438
167760.0938
167766
167770.8438
167782.6406
167791.25
167818.75
167823.8438
167904.7969
168131.7031
168137.3438
168149.5938
168171.0938
168224.3438
168706.2031
169943.5469
169949.7031
169967.6406
169972.3906
169983.4531
170297.7969
170303.7031
170314.5
170322.1406
170343.8906
170485.7031
170491.1406
170498.75
171073.3438
171097.4531
171107.0469
171146.75
171168.3438
171965.7031
171973.7969
171978.75
172000
172005.7969
172018.1406
172042.2031
172757.6406
172764.7969
172784.8438
172800.25
172829.75
172861.0938
172883.0938
172921.5469
172948.5469
172961.5469
173055.75
173064.5469
173912.75
173917.6406
173927.7031
173933.9531
173942.0938
173985.3438
174072.7031
174087.75
174999.3906
175004.7031
175011.5
175032.0469
175049.3906
175133.2969
176416.4531
177822.75
177834.9531
177840.8906
177853.5938
177864.6406
177881
177913.3906
180518.8906
180525.2969
180532.2969
180540.5469
180550.5469
180563.4531
180575.4531
180599.3906
180606.2969
180719.8906
180726.25
181700
181707.7969
181712.5
181722.6406
181746.7969
181788.0469
181814.1406
181825.1406
181852.0469
182116.1406
184106.7031
184115.6406
184121.1406
184131.5
184177.1406
184216.3438
186706.8438
186714.7031
186722.2031
186734.7031
186739.8438
186768.0938
186772.8906
187170.1406
187176.3906
187184.6406
187191.7031
187201.1406
187214.2969
188770.75
188776.3438
188783.25
188788.3906
188817.6406
188833.0469
188941.0469
188945.1406
188954.9531
188978.8906
192941.5
192952.2969
192960.5
192968.1406
192993.6406
193021.8438
193136.9531
193205.25
193237.75
197288.7969
197294.25
197301
197316.0938
197380.6406
197395
197425.25
197429.75
197462.2969
197649.8438
197655.8906
198503.1406
198511.0938
198519
198540.2031
198553.1406
198567.0938
198579
198612.75
198622.0469
199402.8438
199414.4531
199420.5938
199427.4531
199503.5
199508.5938
199529.3906
199571.1406
200157.8906
200163.9531
200173.8906
200628.6406
200634
200642.3906
200686.7969
200691.7031
201627.2969
201634.3906
201640.75
201655.1406
201689.2031
202546.0938
202551.7031
202560.3438
202570.8906
202617.7031
203377
203385.0469
203391.3906
203398.3438
203415.25
203420.5
203436.3438
203471.2969
203512.3906
203565.0938
204210.7031
204229.1406
204235.25
207617.8438
207628.0469
207633.8906
207643.3906
207649
207664.3906
207669.5938
207733.6406
207768.75
208388.4531
208394.7969
208404.6406
208410.3906
208429.7031
208436.3438
210350.4531
210359.25
210366
210372.4531
210401.5
210405.7969
210421.0938
210460.2969
210503.5
210510.5
211093.3906
211098.0938
211113.0469
211117.8438
211150.9531
211155.8438
211186.5469
211206.0938
211896.0938
211902.2031
211912.6406
211921.5
211944.9531
211950.2031
211975.75
211980.9531
212720.8438
212727.1406
212737.0938
212744.5469
212777.9531
212783.3438
212809.0938
212813.8438
218007.0938
218013.1406
218018.5
218033
218039.3906
218063.3438
218088
218137.0938
218142.6406
218263.5
218269.25
218291.2031
218313.4531
218361.8906
219006.0938
219015.2031
219020.3438
219032.2031
219039.3906
219049.8438
219057.5938
219119.7031
219140.0938
221370.3438
221630.5938
221638.5
221643.6406
221674.25
221678.9531
221699.3906
221705.2969
222367.4531
222446.4531
222463
222473.1406
222482.75
222494.0938
222512.8906
222621.7969
222626.0469
222639.75
224487.2031
224493.9531
224504.7969
224510.8906
224546.5469
224550.8906
224954.5
224961.75
224967.8438
224979.1406
224986.2969
225016.5469
225056.3438
226296.5
226305.7969
226312.2969
226324.2031
226329.7969
226398.4531
226414.5
226437.8906
228952.6406
228960.5938
228966.5938
228972.5469
228996.5
229000.2969
229023
229030.5938
229053
229097.4531
229103.1406
229148.5469
230003.3438
230008.2969
230025.5
230029.2031
230038.1406
230045.1406
230753.4531
230760.9531
230770
230776.6406
230792.1406
230799.6406
230812.4531
230842.3438
230847.6406
233605.1406
233620.1406
233626.75
233634.8906
233643.5469
233655.5938
233673.2031
233722.5938
233728.3438
233756
233762.9531
234305.5469
234312.8906
234318.9531
234345
234350.75
234418.25
235717.5938
235722.8906
235735.6406
235743.0938
235750.7031
235774.5
235780.5469
235831.5
235859.2031
235865.75
235894.2031
237845.5938
237852.0469
237860.8438
237866.8438
237884.0469
237923.8438
237947.0938
237972.75
238004.7031
238498
238502.5469
238510.0938
238525.0938
238538.25
238551.7969
238597.6406
238644.7969
238650.2969
240446.5938
240456.4531
240461.4531
240477.0469
240499.7031
240505.5
240516.8906
240548.2969
240609.0938
243856.2969
243867.5
243871.5
243883
243905.0938
243913.4531
243926.2969
243950.3906
243956.7969
245798.25
245809.0938
245815.1406
245831.7031
245929.0469
245933.9531
245953.25
246546.5
246553.0469
246565.2031
246581.5938
246612.5
246619.1406
248389.3906
248396.5469
248402.9531
248409.8438
248432.3906
248436.2969
248487.75
248515.5469
249578.0469
249585.1406
249590.75
249613.8906
249620
249639.75
249650.75
249683.25
250248.8438
250254.8438
250265
250270.3438
250293
250346.3906
250946.7031
250953.7969
250964.3906
250970.2031
250989.0938
251006.5469
251033.5
251079.3438
254478.8438
254488.8906
254499.0938
254517.2969
254521.5
254537.6406
254544.7969
254556.3438
255574.5469
255582.7969
255588.2031
255596.5
255612.2031
255615.9531
255633.5938
255669.8438
256653.25
256667.1406
256671.75
256681.5938
256687.5469
256713.2031
256718.2031
256737.25
258781.7031
258791.1406
258797.5469
258802.3906
258825.5
258829.1406
258855.2031
258941
258949.25
260920.0469
260930.0938
260934.2031
260940.75
260977.5
260991.1406
274062.2813
274068.9063
274078.4063
274123.5313
274135.1563
275215.9375
275222.5313
275227.6563
275234.25
275376.25
275381.6875
275393.75
275402.2813
276296.25
276303.5938
276325.25
276368.0313
276389.4375
276517.6563
276551.0313
276578.25
276625.7813
277822.9063
277844.5313
277853.1563
277866.9063
277975.5313
277980
278030
278110.9063
278198.0938
278205.6563
278797.4063
278804.75
278819.1563
278845.1563
278956.5313
279699.0938
279706.7813
279711.6563
279724.75
279765.5313
279779.1875
280416.8438
280425.4063
280438.25
280472.5
280565.75
280620.25
281212.9063
281222.5313
281227.5
281332.3438
281434.1563
281843.9375
281875.5938
281884.0313
282854.5
282863.2813
282867.8438
282893.8438
282987.1875
283664.4063
283672.5
283677.25
283687
283694.6875
283725.0313
284300.2813
284319.1563
284363.5
284403.5938
285214.9375
285223
285230.5938
285255.25
285796.1563
285803.5938
285811.0938
286555.9375
286562.8438
286578.4375
286625.1563
286820.0938
286879.1875
287963.0313
287969.0313
287986.7813
288956.7813
288964.3438
288969.6563
290022.6875
290031.1563
290042.6563
291208.6875
291221
291226.7813
291238.25
291273.5938
291907.4375
291992.1563
292028.1875
292050.75
292684.8438
293203.1563
293211.25
293244.5938
294228.5938
294336.4375
295177.1563
295184.9063
295192.5313
295667.1875
295676.5313
295702.5938
295814
295826.9375
296459.3438
296468.75
296474.9375
296532.75
296555.5938
298131
298233.5
