14.13210011
18.38209915
118.0820999
232.532196
236.1820984
373.5822144
531.7822266
667.2321167
738.2822266
804.4821167
930.0822144
1023.63208
1111.932129
1243.382202
1583.032104
1641.982178
1761.582153
1833.282104
1953.632202
1961.582153
2039.932129
2171.832031
2338.832031
2494.832031
2614.38208
2712.482178
2715.832031
2874.13208
2876.982178
3116.482178
3175.732178
3340.482178
3431.982178
3551.38208
3687.63208
3805.782227
3913.282227
4043.282227
4137.731934
4279.082031
4358.532227
4361.532227
4419.682129
4497.082031
4569.332031
4857.481934
4915.432129
5088.981934
5177.731934
5219.032227
5252.582031
5371.981934
5407.432129
5563.481934
5567.132324
5661.182129
5664.682129
5743.582031
5791.132324
5873.981934
6003.882324
6040.132324
6159.231934
6253.231934
6257.231934
6328.082031
6456.032227
6522.032227
6629.582031
6703.082031
6871.132324
6925.132324
7078.981934
7124.682129
7265.782227
7413.932129
7418.382324
7558.132324
7622.332031
7720.032227
7723.731934
7888.231934
7892.981934
7964.682129
8019.182129
8066.832031
8199.282227
8339.131836
8398.182617
8453.982422
8566.682617
8849.782227
8908.182617
9088.732422
9183.182617
9258.082031
9484.182617
9578.432617
9581.131836
9677.932617
9768.082031
9970.282227
9975.381836
10059.53223
10219.23242
10285.63184
10289.93262
10411.38184
10649.63184
10753.68262
10757.03223
10893.78223
10982.53223
10985.38184
11145.13184
11240.83203
11423.03223
11756.08203
11869.23242
11974.33203
12033.83203
12037.33203
12099.83203
12177.08203
12228.63184
12310.93262
12717.33203
12765.33203
12894.28223
12897.93262
12977.53223
13074.88184
13100.68262
13154.98242
13814.13184
13922.13184
13984.03223
14046.83203
14100.88184
14131.33203
14134.53223
14227.73242
14308.98242
14418.18262
14540.03223
14784.23242
14837.23242
15003.78223
15058.28223
15120.43262
15160.48242
15198.08203
15283.58203
15406.38184
15467.78223
15826.83203
15906.13184
16008.48242
16037.88184
16127.78223
16172.93262
16458.28125
16559.53125
16625.43164
16798.98242
16909.33203
17037.38281
17144.33203
17220.43164
17313.08203
17373.48242
17448.88281
17545.13281
17689.88281
17805.43164
17922.88281
18038.73242
18041.88281
18212.13281
18327.03125
18330.23242
18404.18164
18493.43164
18552.83203
18626.58203
18629.58203
19040.03125
19251.88281
19345.93164
19403.93164
19480.58203
19593.58203
19722.78125
19796.73242
19822.98242
20255.33203
20349.23242
20352.43164
20415.48242
20462.28125
20564.18164
20756.68164
20841.08203
21211.48242
21339.63281
21344.38281
21411.98242
21451.43164
21512.33203
21566.08203
21710.13281
21803.58203
22151.78125
22281.28125
22366.43164
22408.18164
22463.68164
22513.33203
22553.13281
22649.78125
22765.98242
23058.28125
23220.43164
23321.53125
23447.63281
23606.63281
23654.23242
23801.18164
23866.68164
23995.53125
24105.18164
24250.63281
24531.33203
24622.88281
24626.33203
24723.83203
24873.28125
24971.58203
24974.68164
25264.53125
25401.83203
25516.13281
25629.93164
25694.88281
25885.58203
25888.58203
25940.93164
25978.08203
26132.88281
26225.63281
26600.83203
26604.28125
26708.33203
26826.28125
26874.08203
26934.28125
27071.03125
27173.98242
27259.38281
27584.78125
27723.78125
27842.48242
27904.68164
27907.68164
27994.53125
28074.58203
28315.63281
28610.83203
28747.53125
28842.88281
28887.23242
28956.83203
29010.53125
29086.38281
29163.73242
29252.08203
29630.03125
29713.78125
29796.98242
29930.18164
29997.83203
30002.33203
30068.63281
30140.73242
30187.43164
30306.18164
30310.38281
30632.98242
30681.13281
30770.68164
30812.58203
30869.03125
31053.83203
31103.78125
31247.53125
31509.68164
31512.73242
31802.83203
31875.48242
31918.78125
31922.68164
32000.68164
32057.08203
32171.13281
32461.68164
32465.48242
32591.73242
32595.18164
32925.83203
33108.83203
33112.48047
33177.13281
33267.63281
33324.98047
33433.28125
33436.98047
33463.43359
33573.08203
33923.53125
34066.18359
34206.93359
34270.58203
34368.03125
34433.48047
34493.83203
34658.48047
34816.68359
35035.98047
35102.58203
35183.13281
35252.33203
35358.73047
35362.43359
35414.28125
35504.58203
35507.88281
36026.88281
36145.13281
36148.93359
36227.03125
36326.83203
36409.93359
36497.43359
36637.88281
36789.78125
37053.48047
37207.78125
37318.43359
37382.48047
37452.03125
37455.58203
37491.38281
37633.23047
37728.83203
37947.83203
38082.68359
38131.33203
38135.03125
38230.98047
38311.83203
38419.78125
38492.63281
38638.33203
38695.03125
38814.53125
38817.93359
38963.88281
39082.78125
39139.68359
39271.63281
39437.93359
39559.63281
39728.43359
39828.23047
40015.38281
40258.33203
40340.98047
40488.18359
40562.13281
40689.03125
40768.28125
40899.08203
41235.28125
41418.33203
41493.48047
41499.33203
41611.73047
41617.13281
41713.88281
41773.43359
42198.33203
42349.48047
42352.98047
42469.73047
42529.28125
42598.23047
42666.63281
42741.68359
42900.48047
43194.68359
43302.93359
43457.63281
43536.48047
43539.18359
43611.88281
43650.68359
43660.18359
43768.03125
43770.63281
43950.78125
44314.13281
44397.58203
44447.48047
44552.63281
44632.03125
44796.18359
44831.28125
45355.83203
45512.43359
45588.03125
45706.58203
45828.13281
45863.78125
46023.68359
46026.83203
46260.83203
46324.03125
46429.48047
46499.88281
46567.53125
46688.53125
46923.78125
47018.38281
47172.33203
47401.83203
47491.08203
47578.68359
47777.78125
47828.33203
48169.78125
48323.03125
48389.78125
48393.73047
48511.48047
48514.33203
48568.63281
48605.18359
48727.38281
48790.23047
48805.33203
49183.38281
49241.13281
49305.08203
49308.38281
49395.23047
49512.43359
49516.73047
49580.13281
49677.58203
49737.58203
49840.23047
49844.88281
50211.48047
50299.73047
50356.33203
50433.78125
50492.13281
50543.78125
50547.43359
50616.28125
50677.18359
50764.58203
50897.13281
50968.63281
51277.63281
51361.88281
51428.08203
51493.13281
51497.53125
51589.03125
51592.78125
51687.58203
51691.68359
51977.58203
52250.78125
52374.13281
52425.83203
52519.68359
52633.08203
52723.58203
52838.98047
52917.08203
52920.63281
53027.28125
53138.33203
53324.38281
53400.93359
53570.88281
53672.28125
53765.48047
53931.18359
54069.93359
54162.33203
54166.58203
54301.48047
54356.38281
54455.73047
54546.93359
54578.63281
54807.18359
55135.73047
55280.63281
55357.58203
55387.53125
55482.93359
55572.48047
55670.78125
56109.13281
56197.18359
56350.68359
56423.18359
56477.23047
56489.68359
56641.08203
56899.63281
57071.88281
57169.53125
57280.13281
57370.38281
57446.48047
57449.73047
57480.03125
57588.18359
57671.43359
57805.38281
57906.43359
58242.93359
58329.63281
58359.18359
58442.73047
58469.33203
58511.93359
58519.48047
58585.83203
58607.63281
58852.58203
59036.28125
59271.58203
59336.88281
59343.63281
59371.73047
59386.33203
59480.23047
59540.38281
59587.83203
59663.53125
59857.78125
59860.48047
60009.68359
60151.38281
60402.73047
60584.23047
60590.33203
60670.73047
60673.83203
60918.53125
61021.83203
61026.43359
61190.03125
61264.73047
61409.08203
61530.73047
61953.38281
62018.98047
62022.23047
62182.13281
62185.43359
62269.13281
62308.28125
62331.53125
62516.88281
62550.83203
62957.88281
63037.78125
63110.18359
63205.58203
63318.03125
63353.78125
63398.78125
63459.58203
63525.93359
63667.83203
63727.38281
64112.13281
64230.03125
64293.98047
64296.93359
64369.68359
64419.88281
64489.13281
64571.63281
64766.78125
64771.88281
65075.83203
65185.98047
65340.38281
65400.13281
65476.93359
65481.58203
65538.58594
66154.03125
66156.73438
66271.92969
66380.38281
66383.42969
66489.13281
66540.73438
66611.38281
66932.08594
66968.98438
67012.33594
67016.23438
67167.23438
67298.63281
67469.28125
67473.38281
67633.33594
67694.33594
67752.23438
67858.28125
67861.67969
67993.58594
68048.88281
68074.92969
68303.03125
68471.92969
68571.63281
68838.98438
68842.48438
68972.58594
69086.33594
69091.03125
69183.08594
69249.23438
69326.28125
69463.63281
69551.63281
69838.23438
69929.48438
70072.58594
70144.78125
70147.58594
70244.78125
70248.33594
70374.63281
70430.42969
70435.38281
70602.78125
70668.83594
70818.92969
71076.98438
71166.48438
71171.48438
71240.17969
71312.58594
71391.28125
71449.78125
71457.03125
71582.73438
71673.48438
71677.53125
72008.58594
72102.92969
72159.92969
72249.42969
72252.92969
72352.17969
72391.63281
72484.78125
72582.58594
72680.23438
72978.28125
73110.08594
73204.42969
73260.67969
73264.28125
73369.17969
73489.63281
73524.53125
73579.38281
73623.33594
73926.67969
73999.83594
74110.83594
74114.13281
74167.33594
74267.48438
74333.88281
74337.03125
74436.28125
74528.53125
74624.53125
74778.67969
74893.98438
74975.98438
74997.98438
75066.58594
75070.23438
75150.98438
75201.38281
75322.28125
75392.53125
75447.63281
75554.08594
75604.92969
75677.67969
75763.33594
75966.63281
76035.67969
76041.03125
76087.23438
76151.58594
76216.33594
76404.83594
76477.53125
76689.98438
76805.42969
76808.42969
76934.13281
76994.73438
76998.42969
77041.38281
77127.92969
77229.98438
77259.28125
77630.03125
77696.73438
77792.67969
77796.28125
77894.33594
77993.78125
78022.42969
78030.28125
78110.03125
78192.17969
78274.83594
78371.42969
78448.23438
78544.38281
78843.33594
78949.58594
78993.48438
79038.98438
79082.03125
79115.42969
79125.78125
79217.13281
79250.92969
79343.28125
79401.53125
79479.73438
79781.88281
79837.38281
79947.38281
80056.98438
80060.92969
80097.88281
80182.17969
80272.73438
80328.23438
80447.67969
80451.63281
80799.88281
80802.78125
80939.42969
81033.92969
81079.98438
81139.73438
81194.98438
81240.13281
81426.42969
81518.78125
81674.28125
81747.78125
81843.63281
81945.08594
82077.63281
82190.23438
82299.13281
82363.73438
82490.98438
82594.42969
82697.83594
82896.33594
82972.88281
83021.83594
83092.23438
83142.48438
83251.63281
83330.88281
83493.38281
83584.17969
83589.17969
83670.58594
83710.53125
83763.13281
83803.83594
83842.42969
83861.03125
83961.38281
83997.42969
84141.83594
84390.67969
84451.33594
84523.63281
84568.58594
84659.48438
84693.53125
84725.58594
84746.48438
84813.17969
84845.63281
84910.42969
84961.08594
85024.63281
85094.23438
85445.42969
85562.53125
85615.13281
85682.17969
85685.42969
85726.63281
85761.33594
85792.73438
85865.08594
85898.67969
85928.88281
85932.98438
86006.98438
86094.73438
86191.48438
86402.67969
86531.23438
86613.67969
86662.67969
86695.17969
86759.23438
86762.17969
86830.28125
86872.33594
86940.03125
87005.03125
87111.28125
87394.53125
87514.67969
87561.17969
87645.88281
87704.38281
87707.98438
87770.48438
87827.83594
87870.53125
87874.23438
87910.67969
87936.28125
87978.08594
88022.92969
88161.88281
88209.42969
88214.08594
88328.33594
88432.88281
88503.78125
88553.58594
88682.53125
88723.73438
88794.08594
88838.33594
88913.13281
88985.83594
89039.53125
89187.58594
89233.38281
89355.92969
89374.98438
89614.63281
89663.67969
89738.23438
89847.42969
89954.58594
90036.48438
90126.28125
90129.63281
90231.33594
90292.08594
90294.17969
90294.42969
90297.48438
90299.53125
90361.58594
90449.63281
90747.28125
90865.58594
90933.67969
90968.92969
91031.88281
91097.92969
91145.78125
91159.58594
91243.98438
91247.67969
91358.78125
91413.03125
91917.48438
91988.13281
92028.58594
92104.92969
92161.13281
92196.38281
92235.38281
92239.17969
92334.92969
92398.92969
92471.73438
92523.28125
92870.63281
92986.92969
93056.63281
93171.17969
93174.88281
93229.67969
93234.03125
93357.38281
93482.38281
93624.42969
93989.63281
94147.67969
94216.28125
94299.67969
94304.53125
94387.83594
94418.98438
94579.13281
94931.58594
94934.78125
95121.78125
95201.23438
95264.67969
95325.53125
95397.92969
95470.78125
95475.08594
95581.17969
95665.08594
95791.08594
95925.88281
96023.88281
96070.13281
96347.92969
96393.58594
96506.48438
96570.23438
96573.58594
96681.53125
96864.08594
96998.23438
97065.78125
97383.23438
97450.03125
97495.63281
97499.42969
98018.13281
98153.88281
98213.08594
98396.08594
98492.53125
98551.98438
98584.88281
98787.42969
99309.48438
99313.38281
99436.13281
99440.23438
99497.48438
99579.78125
99629.58594
99708.28125
100286.4844
100289.1328
100418.3828
100421.5859
100515.1797
100620.7344
100718.4297
101167.8828
101170.9844
101333.8359
101403.5313
101530.5313
101587.3359
101609.3828
101771.3828
102226.5313
102573.2344
102576.1797
102622.9844
102733.0859
103185.8359
103347.7813
103504.0859
103507.6328
103718.5313
103901.5859
104122.9297
104236.8359
104527.4844
104799.8828
104892.8359
105080.1328
105302.0313
105391.3359
105448.9844
105529.5859
105537.8359
106128.7344
106354.8828
106358.6797
106574.1328
106629.2813
106633.2344
107362.8828
107366.2344
107462.7344
107562.8359
107566.5859
107747.4844
107854.5859
107857.4844
108367.3359
108490.7813
108495.4297
108555.1797
108695.4297
108870.2344
109288.6328
109457.4844
109497.8828
109526.8828
109606.2813
109610.0859
109761.2344
109888.1797
110373.9297
110474.3828
110584.3828
110898.4844
110901.5859
111196.0313
111603.2344
111754.6328
111758.1328
111835.0859
112071.7344
112277.2344
112336.3828
112375.4297
112559.1797
113102.0313
113249.1328
113289.9844
113354.2344
113443.6797
113528.2344
113594.0859
113750.9297
114211.8828
114264.6797
114290.2813
114370.7344
114379.4297
114551.5313
114555.6797
115220.2344
115312.3828
115400.5859
115456.5313
115495.5313
115553.0859
115632.5313
115775.1797
115836.0313
116155.1328
116273.1797
116360.0859
116395.8828
116535.3828
116639.5313
116806.4297
117378.1328
117401.9297
117407.0313
117472.1797
117532.2344
117658.9844
117861.1797
118030.3828
118034.4297
118147.1328
118354.6328
118359.2344
118677.2813
118757.0859
118955.6797
119082.5859
119267.5859
119471.4844
119970.5859
119974.7813
120136.9297
120140.2813
120228.7344
120303.9844
120329.5313
120472.0313
120475.7813
120640.7344
120644.4297
121057.6328
121225.0313
121228.4297
121406.9844
121443.1797
121446.9297
121576.3828
122157.1328
122161.6328
122273.5859
122293.8359
122440.2344
122443.1797
122571.1797
123130.2813
123350.7813
123385.9844
123390.0859
123485.6328
123540.7813
123590.1797
124242.6328
124246.8359
124373.7813
124376.9297
124516.4297
124577.2813
124862.4297
124999.5313
125182.5859
125230.9844
125695.8359
125820.2813
125936.5313
126038.0313
126222.2344
126315.9844
126366.4844
126638.3359
126733.5859
126980.5313
127107.4844
127110.5313
127213.0859
127477.4844
127562.7813
127793.6797
127953.7813
127957.9297
128122.8359
128206.6797
128449.8359
128694.2813
128869.0313
129034.2344
129111.3828
129272.1328
129565.8359
129569.0313
129862.6797
129972.3828
130159.5859
130162.4297
130585.6328
130842.5859
130988.4297
131163.5781
131168.2813
131620.9375
131887.4375
131950.0781
131953.125
132019.2813
132103.5313
132322.4375
132325.5313
132450.2344
132567.9375
132746.8281
132899.3281
133141.7813
133144.9844
133277.9844
133533.8281
133609.5781
133612.0781
133895.7813
133943.5781
134114.375
134443.3281
134447.5313
134834.875
135065.2344
135071.6875
135267.375
135365.7813
135706.625
136111.0313
136249.7813
136306.375
136309.4844
136781.2344
137106.4844
137218.1875
137221.4844
137382.5781
137480.1875
137834.7813
137913.7813
138118.875
138302.9375
138307.375
138438.2813
138525.8281
138782.5313
138787.0313
139480.5781
139585.875
139589.0781
139698.4375
139701.375
139986.0313
139989.1875
140348.6875
140617.5313
140657.9375
141001.125
141127.7344
141306.5313
141388.2344
141396.2344
141517.9375
141754.9844
141936.7344
142160.375
142535.375
142628.875
142705.1875
142765.5313
142955.8281
143517.8281
143521.1875
143660.375
143739.625
143830.3281
143920.5781
144130.3281
144133.4844
144554.4375
144704.5781
144784.4375
144905.3281
144976.8281
144979.4844
145031.8281
145149.875
145693.0313
145785.125
145849.875
145890.7344
146009.625
146612.7813
146615.625
146732.7813
146836.9375
146891.125
147000.6875
147523.375
147659.2344
147718.5781
147852.7813
147962.5313
148135.2813
148241.625
148315.6875
148513.9844
148516.7813
148734.9844
148739.5313
148901.1875
149095.5313
149326.4844
149467.0313
149471.3281
149605.3281
149739.4844
150255.875
150258.6875
150367.5781
150508.3281
150563.875
150684.2813
150754.4844
150820.6875
150905.0313
151209.7344
151460.4375
151465.1875
151557.125
151636.2344
151732.4375
151737.6875
151823.9375
151918.4844
152451.875
152454.7344
152685.8281
152784.1875
152787.9844
152890.375
152946.125
153737.2813
153820.4844
153825.8281
153936.875
154607.3281
154611.7344
154737.2813
154923.4375
154951.9375
155148.7813
155223.5781
155399.4844
155682.625
155802.875
155986.2813
155990.0781
156213.0313
156695.7344
156879.3281
156913.4844
156998.2813
157412.1875
157657.3281
157661.9375
157841.375
157844.5781
157927.7813
158022.5313
158141.5313
158429.4844
158754.625
158966.0313
159062.2344
159064.9844
159199.125
159636.5781
160045.125
160159.5781
160252.6875
160312.2813
160674.8281
160900.7813
160903.2344
161049.5313
161210.4844
161280.1875
161376.375
161379.8281
161706.1875
161889.0781
161893.5313
161981.7344
162028.0313
162372.125
162550.9375
163196.9844
163200.0781
164302.0781
164539.9375
164745.0313
164932.4375
164935.9844
165147.3281
165375.0313
165554.4844
165839.375
165883.2344
165973.6875
166045.375
166234.1875
166237.2344
166347.2344
166501.2813
166769.9375
166888.2813
166891.0781
166939.0313
167181.9844
167298.625
167414.875
167610.1875
167736.5313
167862.0313
167922.875
168019.4844
168241.375
168408.875
168814.4844
168868.9375
169002.1875
169005.625
169075.8281
169269.2813
169322.7344
169380.0313
169388.8281
169580.5781
169690.625
169951.0313
169954.125
170219.9375
170310.2813
170364.0781
170509.2813
170599.8281
170718.625
170788.8281
170876.5313
171270.1875
171359.875
171976.375
172155.1875
172220.2344
172306.625
172310.5781
172429.5313
172964.875
172968.125
173119.1875
173232.7344
173311.3281
173361.5781
173406.8281
173585.4375
173967.125
174020.3281
174131.625
174190.375
174247.4375
174315.625
174379.3281
174501.875
174592.0313
174976.8281
174980.5313
175077.2813
175167.9375
175202.0313
175248.2813
175386.9844
175389.9375
175477.875
175616.125
176034.375
176045.2813
176164.2344
176245.375
176302.8281
176359.2344
176684.7344
176930.7344
177111.625
177360.875
177499.4844
177502.9844
177571.4844
177815.0781
177924.0313
178063.5781
178187.625
178338.5781
178517.8281
178567.0781
178651.5781
178714.9844
178810.9844
178872.875
178951.4375
179354.4844
179490.5313
179567.9375
179595.6875
179599.7344
179670.5313
179674.125
179767.2813
179906.2813
180028.8281
180355.9844
180359.1875
180485.4844
180595.7813
180672.2344
180724.2344
180805.6875
180898.625
180994.7344
181058.8281
181330.875
181440.7813
181546.4844
181658.2813
181661.125
181787.125
181821.2344
181908.7813
182097.5313
182363.9375
182530.8281
182625.0313
182703.9844
182776.9375
182781.875
182865.875
182942.4375
183041.4375
183155.7344
183304.3281
183462.4375
183704.125
183706.9844
183814.1875
183895.0781
183950.0781
184073.0781
184210.5313
184326.7813
184494.5313
184498.5313
184584.3281
184687.3281
185000.9375
185297.3281
185378.2813
185584.4844
185587.4844
185643.375
185873.8281
185878.7813
186013.625
186115.625
186333.4844
186531.8281
186674.875
186819.8281
186868.7344
187038.125
187202.1875
187314.4844
187558.5781
187732.0781
187931.7813
188155.7813
188158.4375
188332.6875
188336.125
188433.125
188678.9844
188841.625
188845.1875
189004.7344
189198.0781
189200.7813
189376.4844
189742.5781
189823.1875
189913.8281
190025.2344
190120.1875
190476.875
190573.3281
190675.6875
191113.4375
191359.5781
191602.4375
191679.4375
191953.5313
192105.9844
192196.9375
192600.4844
192746.1875
192980.0313
193091.8281
193203.2813
193442.1875
193576.2813
193699.4844
193703.125
193905.625
193909.375
194155.3281
194373.7813
194376.5313
194768.8281
195074.8281
195077.7344
195234.625
195327.625
195481.4375
195487.7344
195585.2344
195898.625
196138.5313
196309.5313
196505.5313
196775.0781
196940.0781
197032.1875
197192.8281
197389.875
197630.625
198149.9375
198152.7813
198350.0313
198503.4844
198506.8281
198689.2344
198868.7813
198872.2813
198975.3281
199191.5313
199423.125
199453.625
199618.2813
199623.125
199779.5781
199891.2813
199911.2813
200005.1875
200200.4844
200204.2344
200635.9844
200639.0781
200967.8281
201172.1875
201249.2344
201507.0313
201509.7813
201700.7344
201979.9375
202250.4844
202253.9375
202439.4375
202442.9375
202675.4375
202964.5781
203198.4844
203472.5781
203569.125
203641.875
203783.4844
203902.7813
203956.0313
204157.0313
204430.9844
204585.4844
204703.2344
205020.2344
205408.375
205486.375
205604.875
205838.8281
205916.9375
205920.9375
206095.5781
206308.7344
206414.4375
206545.875
206661.6875
206893.375
207046.5781
207138.4844
207366.875
207489.2813
207540.4375
207874.5781
207878.0313
207951.625
208017.125
208211.9375
208311.0313
208463.125
208467.7813
208844.2813
209017.7813
209218.625
209300.8281
209574.2813
209809.0313
209893.3281
210162.8281
210271.4844
210390.1875
210556.7344
210632.375
210733.125
211117.1875
211122.2344
211239.2813
211499.0313
211502.6875
211657.8281
211885.6875
211889.2813
212136.7813
212350.7813
212520.9375
212525.5313
212636.2344
212765.5313
213003.875
213149.5781
213332.9844
213379.7813
213534.9375
213659.7813
213662.8281
214069.4375
214319.375
214452.5781
214455.9375
214535.9375
214799.625
214857.0313
214938.1875
215136.5313
215323.9375
215618.9375
215621.8281
215784.4844
215788.125
216083.8281
216239.375
216347.125
216682.375
216912.3281
216984.5781
217184.0781
217531.375
217698.6875
217701.6875
218019.3281
218115.875
218213.375
218312.2813
218370.6875
218627.875
218633.7813
218709.9844
218832.6875
219017.8281
219127.0781
219213.9844
219285.7813
219478.7813
219481.4844
219560.9375
219707.6875
219893.0313
219896.4375
220039.2813
220156.875
220244.0781
220391.4375
220608.0781
220796.2344
220889.875
221080.4375
221202.6875
221522.125
221635.0313
221638.4375
221921.6875
222092.0313
222095.3281
222221.4375
222414.2344
222478.1875
222481.2813
222582.625
222761.0781
222993.2344
223067.7813
223071.0781
223368.2344
223371.375
223497.7813
223500.5781
223630.7344
223690.9375
223844.2813
224003.5781
224126.7813
224305.5313
224444.5313
224621.0781
224659.7344
224704.5313
224806.3281
224808.875
224882.9375
225158.4375
225162.2813
225462.625
225566.625
225684.3281
225687.0313
225891.2813
225999.9375
226111.3281
226224.7813
226383.9844
226463.4844
226651.375
226655.0313
226866.7344
226969.2344
227069.6875
227074.9844
227192.125
227405.5313
227408.7813
227536.875
227794.625
227913.5313
227975.0313
228118.0313
228255.625
228443.7813
228563.3281
228693.125
228794.4844
228797.6875
228974.6875
228978.125
229143.5313
229391.7344
229394.625
229495.625
229626.8281
229629.875
229696.2813
229813.2813
230084.375
230088.7813
230306.3281
230402.875
230487.5313
230752.8281
230996.875
231000.4375
231309.875
231373.4375
231464.4844
231588.875
231591.6875
231811.6875
231885.2813
231958.0313
232170.6875
232287.2344
232333.4844
232396.2813
232602.4375
232714.9844
232893.5313
233026.5781
233161.2813
233244.125
233359.1875
233476.625
233656.9844
233866.375
233992.9375
234214.2813
234342.9375
234410.4844
234504.0313
234845.125
234849.3281
235008.2813
235195.2344
235316.4844
235419.625
235484.3281
235602.7813
235761.125
235936.7344
236148.8281
236254.8281
236258.9844
236325.7344
236540.5781
236720.5781
236809.375
236886.125
236968.2344
237090.2344
237232.5781
237537.3281
237627.2344
237629.9375
237859.875
238039.2813
238291.4844
238399.0313
238401.8281
238514.3281
238517.4844
238605.9375
238609.625
238861.125
239070.5781
239194.7813
239423.7344
239426.625
239615.9844
239757.4844
239922.1875
239977.9375
240136.9375
240201.5313
240205.7344
240408.1875
240569.7813
240660.8281
240880.625
241007.625
241089.2813
241282.3281
241474.875
241581.7344
241585.4844
241717.3281
241720.4375
242043.0313
242152.8281
242440.0781
242589.2344
242842.6875
242846.8281
242922.0781
243040.3281
243231.0313
243373.625
243516.375
243620.5781
243725.0781
243815.4844
243991.2813
244083.375
244303.6875
244307.6875
244471.625
244510.9844
244758.4375
244761.4844
244850.0781
245069.3281
245225.625
245229.0313
245306.2813
245343.5313
245565.4375
245568.9844
245668.7813
245823.875
246047.2344
246362.2344
246424.9375
246427.6875
246582.9844
246630.875
246736.4844
246862.8281
246963.875
247224.7344
247434.9844
247439.6875
247683.4375
247830.875
247924.1875
247993.7813
248147.7813
248216.2344
248427.3281
248430.9375
248602.5781
248605.875
248748.5781
248751.375
248865.6875
249090.625
249180.2813
249307.9375
249516.0313
249522.5781
249784.3281
249787.2344
250020.2344
250207.375
250426.9844
250533.2344
250844.5781
250923.625
251050.875
251053.4844
251182.7813
251289.9375
251463.625
251566.9844
251743.5313
251748.4375
251883.125
252101.4375
252282.875
252286.0781
252450.5781
252518.875
252644.0781
252647.5313
252818.1875
252921.9375
253048.875
253053.0781
253182.4844
253366.5313
253568.2344
253646.9844
253822.625
254008.4375
254151.0313
254305.2813
254454.875
254615.7813
254811.875
254831.125
255003.6875
255083.3281
255295.875
255378.0313
255568.625
255783.4375
255899.1875
255985.2344
256208.0781
256326.7344
256541.4375
256543.9844
256666.125
256899.1875
257135.2344
257140.3281
257442.875
257446.9375
257617.5313
257785.4375
257854.6875
258057.125
258198.3281
258302.625
258446.875
258452.375
258734.7344
258841.0313
258954.2813
258957.0313
259207.7344
259334.0313
259508.4375
259511.375
259574.2344
259759.4375
259858.9375
259904.8281
260029.5781
260317.2344
260320.0781
260419.9375
260599.6875
260807.0313
260994.2344
261136.6875
261353.4844
261474.4375
261533.2813
261536.4375
261859.625
261937.0781
262268.5313
262364.8438
262368.4375
262539.0313
262763.875
262911.4375
263109.0938
263198.7813
263314.875
263556.8438
263696.1875
263860.125
263950.1875
263954.9375
264067.375
264071.5938
264342.5938
264451.5938
264455.0313
264607.375
264755.1875
264868.7813
264937.0938
265128.0938
265244.0313
265412.125
265506.6875
265600.125
265805.7813
265812.125
265996.7188
266004.375
266152.5313
266269.125
266463.7813
266696.5313
266866.2813
266982.5938
267297.125
267358.0938
267563.7188
267657.0313
267824.0938
267989.125
268177.2188
268412.2188
268521.2188
268830.5313
268911.2813
269131.3438
269247.0313
269427.875
269641.4688
269811.625
269911.5938
270118.5938
270248.375
270311.375
270490.9688
270572.4688
270706.0938
270865.3438
271144.2188
271150.3438
271587.5313
271741.7813
271744.5938
271859.2188
271993.2188
272117.8438
272447.125
272553.1875
272686.125
272726.2813
272931.1875
272934.625
273134.9688
273283.2813
273341.3438
273521.625
273564.4375
273685.5313
273743.8438
273898.4375
273973.2813
274055.5938
274118.2188
274200.1875
274339.9375
274466.875
274619.0313
274675.1875
274755.0313
274757.875
274914.6875
274918.375
275060.7813
275213.625
275448.9375
275669.5313
275773.8438
275867.3438
275871.375
275940.5938
276025.5938
276210.0938
276344.9688
276685.9688
276691.7188
276840.625
276923.7813
277046.125
277128.4375
277248.625
277424.5938
277514.6875
277607.8438
277611.3438
277653.875
277709.3438
277858.0313
278001.9688
278132.125
278212.125
278454.7813
278583.8438
278682.3438
278846.0313
278973.0938
279121.2188
279235.8438
279444.9688
279570.4375
279717.4375
279903.125
280020.3438
280152.3438
280227.0938
280397.1875
280475.2813
280544.0938
280682.0938
280684.9688
280724.3438
280807.1875
280953.1875
281023.6875
281135.8438
281256.3438
281458.0313
281557.875
281620.5313
281779.5938
281789.9688
281934.5938
281999.2188
282187.8438
282265.9375
282561.625
282755.6875
282831.4688
282992.5938
283183.9688
283186.9375
283373.875
283544.8438
283610.9688
283747.125
283826.4688
284069.8438
284123.9688
284216.8438
284290.8438
284386.8438
284565.4688
284572.0313
284818.6875
284959.125
285079.2813
285083.1875
285158.375
285362.375
285409.6875
285513.7813
285643.5938
285899.5938
286093.125
286220.8438
286271.4375
286420.4688
286426.0313
286555.7813
286646.9688
286723.875
286903.875
287061.375
287178.5938
287345.3438
287348.3438
287549.125
287705.5938
287794.0313
287839.0313
287963.1875
288082.4688
288190.9688
288448.2813
288591.375
288607.4375
288702.4688
288875.6875
289034.9688
289191.4688
289365.7813
289369.7188
289443.8438
289540.7188
289634.625
289875.2188
289878.2813
290067.0938
290206.7188
290250.3438
290493.8438
290570.4375
290735.4688
290821.0938
291103.2188
291107.0313
291294.3438
291297.8438
291528.625
291666.2188
291714.5938
291843.625
291938.0313
292049.3438
292053.3438
292294.9375
292427.4375
292506.5938
292702.0938
292815.7188
293153.2813
293160.625
293278.375
293347.7188
293455.8438
293588.4375
293831.875
293872.6875
293878.7188
293937.4375
294075.1875
294081.3438
294476.5938
294544.2813
294547.5313
294799.6875
294850.7188
294984.9375
295075.1875
295079.1875
295275.875
295425.3438
295563.625
295702.9688
295729.1875
295866.9688
296206.4688
296311.0313
296353.1875
296673.1875
296847.5313
296922.7188
297218.625
297272.2813
297453.5938
297695.0313
297808.875
297986.2188
297989.9375
298086.4375
298215.0313
298321.0938
298387.7188
298550.6875
298647.625
298651.3438
298794.2813
299013.5313
299122.7813
299215.2813
299521.4375
299663.7813
299933.4688
300096.625
300099.6875
300164.9375
300358.2813
300639.9375
300644.4375
300777.0313
300861.5313
300933.1875
301234.9688
301239.0313
301286.875
301321.4688
301398.0938
301587.5938
301591.625
301733.2188
301852.8438
301857.375
301944.6875
302172.9375
302176.2188
