1737.203491
1742.453491
1767.75354
1790.703491
1814.353516
1831.853516
1845.053467
1883.75354
1988.153442
2077.853516
2154.653564
2165.903564
2229.253418
2286.603516
2390.053467
2426.603516
2466.753418
2633.103516
2750.203613
2770.403564
5207.653809
5535.703613
7441.003418
7448.153809
7456.353516
7475.353516
7497.803711
7512.153809
7630.403809
7654.403809
7673.503418
7762.403809
7801.803711
7889.303711
7891.753418
7933.753418
7978.403809
8001.153809
8037.603516
8106.153809
8137.003418
8232.303711
8266.553711
8388.353516
8420.053711
8457.053711
8511.053711
8554.103516
9086.703125
9170.353516
9978.40332
9985.953125
10034.80371
10042.45313
10081.05371
10114.15332
10228.70313
10230.30371
10265.50391
10316.15332
10843.80371
10854.95313
10905.95313
10919.95313
10953.10352
10975.50391
11000.95313
11015.60352
11046.10352
11064.60352
11725.40332
11741.35352
11768.00391
11786.50391
11822.30371
11889.30371
11903.70313
11981.15332
12006.80371
12032.70313
12136.35352
12164.15332
16178.85352
16180.60352
16183.80371
16200.60352
16212.30371
16220.55371
16250.15332
16272.75391
16321.45313
16402.35352
16445.25391
16473.75391
16545.30273
16577.10352
16705.25391
16720.05273
16789.30273
16872.25391
17696.50391
18522.6543
19871.80273
20558.6543
22358.20313
22370.9043
22393.10352
22423.80273
22450.9043
22535.20313
23273.60352
23393.25391
24271.55273
24293.10352
24295.00391
24312.1543
24316.35352
24329.20313
24360.95313
24393.35352
24614.80273
24637.25391
24646.50391
24790.10352
25297.75391
25305.4043
25317.70313
25328.05273
25333.4043
25348.05273
25416.30273
25427.60352
25451.00391
26342.20313
26363.4043
26407.9043
26412.85352
26442.20313
26482.55273
26498.1543
26508.50391
26531.70313
26783.10352
26890.30273
26980.35352
29459.20313
29472.00391
29484.20313
29515.70313
29591.95313
29596.35352
29602.70313
29624.55273
29643.80273
29675.60352
29709.50391
29886.00391
29915.10352
29917.80273
29981.80273
30069.1543
30162.55273
30214.35352
30421.25391
30434.20313
30490.05273
30505.25391
30513.05273
30514.6543
30526.20313
30534.25391
30544.1543
30578.60352
30602.35352
30623.20313
30635.45313
30693.05273
31421.4043
31499.4043
31515.85352
31533.80273
31535.50391
31554.4043
31562.4043
31566.6543
31574.55273
31601.1543
31626.95313
31642.85352
31673.35352
31737.50391
31809.25391
31874.55273
31896.55273
32332.85352
32433.35352
32449.50391
32492.55273
32498.1543
32517.55273
32527.25391
32535.35352
32537.50391
32539.1543
32565.30273
32569.20313
32596.80273
32654.20313
32683.55273
32729.6543
32774.20313
32964.10547
33471.25391
33503.45313
33537.05469
33602.20313
34020.80469
34029.05469
34062.40234
34121.75391
34635.55469
34670.90234
34678.85547
34732.20313
34787.20313
34881.60547
34898.80469
35717.60547
36294.75391
36309.95313
36328.05469
36382.90234
36414.85547
36802.90234
36831.15234
37761.40234
37772.20313
37811.10547
37828.40234
37845.40234
37861.95313
37937.00391
39044.25391
39048.05469
39054.60547
39093.15234
39103.25391
39134.10547
39291.20313
39314.50391
39327.50391
40078.40234
40084.70313
40128.95313
40285.10547
40936.95313
40954.80469
43821.45313
44850.90234
45340.75391
46171.70313
47104.40234
47115.45313
47170.65234
47181.95313
47193.80469
47216.15234
47245.15234
47264.00391
47279.60547
47290.85547
47307.55469
47320.70313
47343.55469
47423.70313
47434.25391
47453.00391
47472.95313
47488.30469
47608.45313
48408.30469
49196.50391
49313.00391
51188.55469
51195.05469
51204.40234
51216.50391
51284.50391
51324.05469
51348.20313
51379.85547
51453.40234
53029.85547
53232.65234
54136.00391
54162.40234
54171.50391
54208.30469
54267.55469
54302.15234
54335.85547
54390.90234
54414.50391
54461.30469
54547.20313
54991.05469
55001.90234
55020.05469
55051.90234
55103.55469
55185.95313
55204.85547
55224.25391
55258.50391
55383.05469
55416.55469
56865.00391
56872.60547
56906.75391
56917.25391
57109.80469
57129.20313
57405.45313
58047.55469
58053.00391
58060.25391
58069.10547
58081.20313
58090.80469
58103.10547
58114.70313
58129.35547
58151.90234
58218.15234
58247.25391
58939.35547
59073.05469
59098.35547
60055.10547
60066.00391
60084.75391
60099.75391
60166.55469
60171.50391
60190.70313
60212.75391
60300.65234
60441.00391
60485.35547
60706.80469
60943.05469
61135.25391
61250.80469
61274.00391
62101.85547
62107.05469
62138.45313
62212.70313
62234.45313
62296.95313
62315.65234
62327.15234
62427.90234
62456.20313
62475.50391
62633.30469
62647.95313
62742.00391
62839.05469
62869.95313
62889.95313
62928.50391
62941.15234
63030.25391
63098.20313
63120.70313
63155.85547
63184.25391
64228.85547
64290.85547
64441.10547
65808.20313
65891.75
65960.40625
66008.40625
66014.20313
66032.15625
66044.10156
66060.60156
66071.05469
66102.65625
66104.30469
66168.85156
66258.5
67021.90625
67060.20313
68895.5
69725.80469
69808.95313
69830
69867
69895.80469
69910.75
69936.85156
69970.85156
69993.60156
70061.80469
70089.90625
70130.15625
70153.65625
70394.25
70421.25
70491.85156
70586.70313
70621.25
72267.45313
72280
72325.90625
72345.65625
72357.90625
72384.5
72651.10156
73173.55469
73450.85156
73519.10156
73534.05469
73570.55469
75134.15625
75138.85156
75151.90625
75174.05469
75216.85156
75352.40625
75362.30469
75424.25
79852.10156
80717.40625
80739.80469
80742.05469
80755.65625
80756.95313
80763.55469
80777.15625
80789.45313
80796.10156
80865.85156
80887.35156
80919.5
81008.75
81116.65625
81151.85156
81168.65625
81776.95313
81793.15625
81809.65625
81874.55469
82736.40625
82743.45313
82764.60156
82776.45313
82795.15625
82796.40625
82798.10156
82806.40625
82992.35156
83683.55469
83698.25
83714.5
83734.10156
83777.85156
83859.20313
83904.20313
83934.20313
83957.30469
83966.05469
84009.05469
84044.85156
84091.95313
84125.10156
84282.15625
84339.55469
84788.65625
84802.25
84930.05469
84981.05469
87180.70313
87203.25
87225.15625
87227.85156
87234.55469
87250.15625
87255.40625
87265.25
87351.90625
87363.80469
87404.65625
87440.90625
88199.80469
88204.20313
88253.95313
88266.5
88278.70313
88290.10156
88326.40625
88439.20313
88469.65625
88567.60156
88673.20313
90278
90296.35156
90315.80469
90451.35156
90505.80469
90521.05469
90531.70313
90565.90625
90580.90625
90595.45313
90624.30469
90639.20313
90713.85156
90901.80469
91466.35156
91478.60156
91503.5
91513.65625
91580.65625
91831.15625
92479.65625
93502.55469
93508.30469
93527.5
93551.90625
93574.10156
93637.65625
93673
93881.80469
93899.25
93943.65625
94627.05469
94721.95313
94754.65625
94825.5
94869.70313
96710.10156
96721.40625
96737.25
96746.55469
96781.20313
96825.95313
96837.10156
96838.30469
97069.85156
98878.20313
98890.60156
98900.25
98908.05469
98924.95313
98933.55469
98944.10156
98952.25
98990.70313
99017.15625
99093.30469
99118.40625
99297
99328.55469
99851.10156
99957.15625
99963.95313
99973.5
99997.60156
100010.75
100268.8516
100283.25
100593.3047
100636.7031
101968
101975.6563
101984.4531
101997.8516
102025.9063
102051.5
102065.75
102912.1016
103005.8047
103035.2031
103056.7031
103076.9531
103096.6016
103139.6016
103804.1016
103947.4063
103957.5
103973.8516
103985.9063
103993.6016
104012.5
104044.8516
104056.0547
104105.5547
104267.4531
105107.8047
105115.4531
105127.4531
105142.6016
105168.6563
105211.3047
106092.75
106099.8516
106272.1563
107189.0547
107198
107226.5547
107235.9531
107517.5
107549.25
107639.7031
107989.9531
108633.8516
108939.0547
108939.9063
108941.9063
108948.6563
108955.7031
108987.2031
109015.4531
109070.0547
109082.8047
109166.75
109382.1563
109889.5
109891.2031
109903
109925.6016
109975.5
109984.1563
110163.8516
110857.3047
110863.5
110889.9531
110906.0547
110908.1563
110922.5547
110943.8047
110966.1563
110969.25
111022.3516
111078.6563
111098.8516
111148.8516
111169.3047
111836.9063
111873.7031
111885.4063
111897.8516
111908.0547
111927.2031
111946.6563
111959.9531
111963.75
111972.75
111990.3047
112009.8047
112032.25
112159.6563
112202.3047
112224.1563
112924.4063
112943.7031
112960.9531
112988.8047
113002.5547
113064.2031
113222.8516
113719.25
113726.75
113736.9063
113747.1563
113764.0547
113779.0547
113793.5
113809
114031.7031
114122.1016
114142.8516
114286.8516
114300.8047
114527.1563
114546.3047
114564
114582.6563
114666.75
114691.7031
114708.4063
114712.6563
115435.25
115462.75
115489.3047
115513.9531
115551.3047
115911.5
115924.1016
115938.1563
115967.4063
115969.0547
116080.1563
116445.6563
116592.2031
116679.25
116694.0547
116711.3516
116725.5547
116731.1016
116756.5547
116760.2031
116772.5547
116788.4063
116809.6016
116842
116894.5
116943.9063
117566.75
117705.4531
117740.1563
117744.3516
117747.0547
117763.1016
117770
117771.0547
117790.7031
117793.1016
117861.1016
117935.4063
118749.4063
118766.7031
118780.7031
118797.8516
118807.5
118808.4531
118830.9531
118844.3047
118867.9063
119837.8516
119856.5
119859.2031
119895.4531
119911.7031
119929.5547
119946.9063
119960.7031
120006.8047
120011.6563
120026.7031
120263
121155
121178.4063
121253.75
121260.8516
121262.4063
121274.75
121300
121431.75
121491.1563
121717.75
122661.9063
125547.1563
125578.3047
125838.6563
125966.8516
126043.6563
126171.3047
126249.5547
126278.1016
126377.8047
126393.4531
126413.9531
126480.5
126608.2031
126677.8047
126702.5
127101.1563
127570.75
127616.4531
127676.7031
127898.3047
128137.75
128403.9063
129538
129699.6563
129771.7031
131644.6094
131652.2969
131663.3594
131709
131758
131897.5469
132511.5469
132524.4063
132542.1563
132579.1563
132629.2031
132664.5469
132780
132803.2969
132842.4531
133025.7031
133155.9063
133493.8594
133519.8594
133746.6094
133824.6563
133883.1563
133901.6094
134101.8594
134291.6094
134329.1563
134562.2031
134579.4531
134595.5
134658.25
134696.25
134712.0469
135584.4531
136260.3594
137344.25
137353.5469
137374.6563
137381.1563
137385.3594
137397.1563
137407.9531
137410.7031
137423.5
137441.25
137457.25
137467.75
137502.4531
137536.1563
137545.5
137559.7969
137576.2031
137591.7969
137635.2969
137658.2969
137696.2031
137699.2031
137715.8594
137762.6563
137772.2969
138314.7031
138329.1563
138354.1094
138374.5469
138384
138405.1563
138471.2031
138478.8594
138561.8594
138684.6563
139474.2969
139490.25
139535.0469
139552.1563
139569.4531
139579.25
139589.75
139609.6094
139617.5
139637.8594
139675.2969
139778.8594
139781.3594
139805.6094
140021.5
140591.5
140606.2031
140607.2969
140631.5
140638.6094
140685.9531
140693.5469
140772.4063
140813.6563
140817.4063
140897.75
141504.4531
141505.7969
141539.7969
141547
141571.2031
141582.75
141601.1094
141671.5
141712.7969
141735.8594
141769.7031
142586.3594
142608.5
142619.7969
142667
142680.5
142780.0469
143145.9531
143162
143984.25
144808.25
145558.1094
145623.1094
145777.2969
147710.4063
147722.6094
147740.3594
147753.1094
147849.5469
147887.6094
148699.7969
148849.7031
148855.6094
148939.6563
148968.4063
149045.2031
151835.3594
153087.5469
154378.3594
154383.1563
154409.5469
154472.0469
155079.4063
155111.5
155117.7031
155141.8594
155176.4531
155480.9531
155608.3594
155701.4063
156222
156363.5
156377.7031
156424.2969
156574.1563
156624.6094
156688.3594
157029
157074.4531
157075.7969
157141.9063
157144.0469
157185.9063
157188.0469
157220.3594
157576.5
157621.8594
158248.8594
158348.0469
158390.9531
158929.9531
158934.9063
159093.2031
159218.9531
159316.9063
159850.2969
160422.0469
160482.5
160592.8594
160619.7031
160621
160634.75
160655.7969
161465.6563
161512.25
161520.5
161550.7031
161584.9063
161598.75
161608.0469
161612.0469
162583
162596.7031
163284.8594
164538.4531
166243.75
166871.1563
166919.3594
166924.7969
166932.75
166955.5
166998.2031
167031.4531
167040.1094
167047.2969
167059.25
167085.1094
167214.6563
167808.8594
167941.5
167967.4531
167992.75
168016.1094
168034.7969
168048.2969
168066.2969
168108.2969
168140.3594
168184.6094
168191.1094
168266.5469
168807.2969
168816.7969
168837.4063
168898.9063
168957.9063
168959.4063
168997.1563
169016.5
169053.6563
169068.6094
169083.9531
169106.3594
169142.2031
169223.1094
169866
169876.6094
169896.1094
169997.0469
170027.6563
170098.5469
170110.4531
170246.3594
170265.9063
170419.5
170856.6563
170866.8594
170925
171205.6094
171834
171889.6094
172802.4063
172816.4531
172840.8594
172899.1094
172911.1563
174168.75
174172.8594
174321.9531
174741.7031
174760.5469
174853.4531
175369.4063
176215.5
176222.25
176266.3594
176310.7031
176313.25
176515.9531
182903.4063
189438.4063
192667.8594
192700.0469
192890.9531
193117
193295.4063
193481.4063
193630.7031
193877.0469
194024.1563
194194.5
195064
195275.6563
196436.6094
196766.2969
206584.1563
206585.8594
206588.9531
206589.6094
206591.9531
227367.6094
235453.5469
235475
238074.2969
281285.0625
