2427.816406
7698.116699
7702.016602
7705.266602
7712.616699
7727.216797
7755.166504
7770.316895
7775.416504
7793.116699
7822.716797
7831.266602
7859.066895
7871.716797
7910.766602
7968.066895
8031.666504
8040.866699
8610.916992
8686.166992
8776.716797
9120.866211
10405.06641
10410.56641
10463.86621
10468.4668
10482.81641
10511.61621
10547.31641
10577.06641
10597.66699
10624.41699
10661.4668
10774.36621
11437.61621
11447.41699
11472.11621
11501.9668
11537.0166
11587.91699
11638.2666
11689.9668
12323.16699
12468.11621
12533.9668
12582.7666
12610.4668
12655.41699
12721.36621
12736.7666
13219.7666
13254.86621
13479.2168
13502.11621
13546.9668
13570.61621
13598.2168
13628.56641
13663.4668
13707.9668
13749.36621
14533.36621
14565.2168
14579.7168
14584.81641
14620.86621
14638.7168
14688.9668
14786.2168
14831.86621
14888.0166
15848.9668
17499.81641
17941.16602
17978.01758
17983.66602
18014.2168
18032.9668
18096.2168
18271.86719
18289.16602
18960.41602
18992.56641
19008.9668
19015.76758
19035.61719
19104.2168
19112.11719
19147.61719
19195.9668
19248.06641
19973.26758
20017.81641
20043.56641
20048.4668
20077.41602
20099.26758
20253.06641
20319.31641
20375.36719
20405.51758
21034.91602
21100.11719
21164.7168
21187.66602
21222.01758
21325.11719
21373.91602
21446.81641
22768.51758
23641.2168
24418.51758
24430.81641
24457.01758
24462.26758
24479.16602
24482.36719
24491.41602
24515.2168
24546.4668
24572.41602
24640.56641
24667.01758
24708.86719
25344.36719
25412.61719
25436.31641
25458.31641
25471.56641
25481.76758
25519.2168
25564.01758
25577.61719
25591.61719
25624.4668
25680.11719
25700.41602
25766.11719
26443.26758
26495.81641
26514.26758
26528.01758
26554.51758
26593.41602
26601.86719
26628.16602
26660.31641
26673.36719
26703.16602
26768.36719
26852.91602
27518.2168
27543.51758
27568.51758
27574.01758
27581.26758
27607.2168
27632.41602
27665.06641
27704.2168
27707.76758
27766.56641
27895.7168
28571.06641
28581.26758
28604.81641
28615.11719
28634.01758
28640.9668
28657.91602
28675.26758
28706.41602
28734.2168
28765.26758
28839.06641
28900.81641
29572.91602
29653.9668
31615.91602
31643.36719
31710.36719
31735.31641
31778.16602
32036.76758
32678.91602
32694.36719
32737.01758
32768.66797
32772.41797
32815.56641
32839.41797
32874.46484
32911.56641
32961.46484
32979.36719
33693.41797
33711.41797
33716.91797
33728.56641
33743.56641
33783.86719
33814.36719
33995.56641
34693.11719
34749.66797
34782.11719
34814.71484
34867.81641
34954.06641
35756.36719
35794.26563
35814.01563
35828.61719
35850.36719
35907.56641
35989.26563
36652.96484
36691.61719
36712.06641
36827.31641
37074.71484
37083.11719
39191.76563
39646.91797
39710.71484
39718.31641
39810.36719
39907.11719
40213.31641
40623.51563
40687.56641
40744.11719
40806.66797
40857.86719
40929.41797
40935.01563
41671.66797
41752.66797
41797.51563
41850.86719
41918.41797
42743.51563
42817.51563
42905.46484
42949.71484
42980.96484
43034.91797
43715.31641
43754.01563
43861.06641
44011.36719
44138.31641
45709.86719
46068.76563
46379.46484
46471.91797
46515.41797
46545.41797
46659.21484
46813.06641
47435.91797
47459.86719
47558.76563
47563.26563
47610.06641
47666.51563
47771.16797
48064.21484
48463.41797
48512.66797
48568.01563
48577.16797
48651.11719
48773.01563
48847.91797
49080.71484
49481.16797
49547.36719
49549.06641
49576.41797
49604.66797
49751.86719
50469.36719
50477.96484
50530.46484
50606.11719
50676.11719
50824.26563
53285.21484
53293.76563
53324.06641
53343.76563
53368.86719
53393.16797
53400.36719
53430.01563
53453.46484
53477.41797
53606.96484
53837.26563
54305.66797
54312.31641
54353.61719
54399.26563
54415.16797
54419.26563
54449.56641
54472.86719
54504.16797
54551.86719
54591.41797
54701.41797
55331.36719
55420.16797
55441.01563
55463.96484
55491.71484
55543.96484
55587.76563
55657.41797
55674.11719
56366.01563
56399.86719
56414.06641
56480.91797
56517.71484
56585.06641
56630.21484
56686.46484
56755.61719
57380.41797
57404.76563
57479.06641
57520.21484
57525.11719
57556.96484
57589.61719
57670.26563
57692.16797
57740.66797
57782.96484
57806.71484
60520.81641
60544.36719
60558.16797
60559.91797
60565.31641
60634.01563
60668.56641
60715.06641
60910.16797
61577.61719
61624.61719
61656.91797
61661.61719
61703.46484
61848.91797
62584.96484
62630.26563
62670.86719
62711.76563
62737.46484
62785.76563
62817.16797
62832.06641
62837.41797
62906.31641
63579.16797
63612.61719
63628.41797
63665.51563
63723.76563
63785.01563
63790.86719
63854.16797
64637.21484
64668.61719
64724.26563
64762.21484
64818.66797
64898.16797
67489.01563
67897.11719
67923.07031
67931.51563
67970.16406
67973.71875
68977.01563
69025.46875
69119.57031
69346.61719
69427.61719
69885.76563
69951.46875
69994.32031
70114.86719
70155.07031
70289.01563
71031.11719
71061.36719
71150.66406
71192.57031
71249.61719
71564.76563
71604.82031
72089.41406
72125.21875
72179.36719
72216.11719
72249.51563
72296.16406
72321.96875
72724.86719
72897.51563
73067.57031
73148.32031
73271.66406
73306.21875
73370.71875
73488.41406
74284.41406
74732.71875
74809.82031
74869.86719
74988.66406
75112.16406
75844.41406
75923.66406
75998.57031
76849.51563
76898.91406
76967.91406
76999.51563
77821.36719
77911.41406
77990.01563
78066.46875
78936.51563
79103.86719
79203.16406
81562.46875
81814.61719
82172.07031
82197.16406
82228.61719
82238.41406
82269.36719
82290.36719
82312.66406
82350.26563
82384.61719
82441.57031
82772.96875
82940.26563
83197.91406
83227.71875
83261.36719
83295.51563
83335.66406
83374.86719
83422.11719
83467.82031
83753.51563
83891.51563
84219.21875
84254.57031
84284.21875
84319.26563
84352.66406
84395.57031
84448.51563
84528.01563
84589.26563
84874.36719
85300.91406
85336.66406
85363.21875
85398.51563
85431.51563
85478.41406
85541.46875
85904.41406
85934.82031
86266.01563
86314.66406
86343.51563
86367.07031
86557.32031
86677.76563
87086.21875
87279.36719
89225.82031
89276.96875
89286.46875
89317.51563
89340.57031
89387.66406
89419.61719
89489.21875
89534.46875
89707.96875
90078.21875
90320.36719
90327.26563
90362.51563
90393.96875
90445.96875
90514.82031
90634.41406
91116.91406
91306.91406
91372.96875
91400.16406
91406.61719
91475.57031
91498.32031
92386.71875
92461.07031
92515.36719
92570.01563
93363.82031
93416.26563
93452.26563
93535.91406
93583.86719
93595.71875
94239.41406
94314.16406
94358.11719
95522.57031
95678.91406
97182.07031
97190.36719
97254.07031
97325.71875
98400.76563
98666.36719
98714.91406
98791.11719
99184.36719
99329.36719
99475.71875
99782.82031
100287.0703
100351.8672
100534.4688
100535.3203
100571.0156
100672.2188
100737.9688
101313.2656
103959.4141
104014.9141
104096.1172
104099.4141
104993.6641
105029.6641
105036.5156
105094.4688
105158.8203
105244.3203
105977.2188
106074.8203
106213.0156
106287.2188
106474.5156
106717.6641
107033.0156
107117.1641
107258.0156
107305.2188
108118.1641
108180.1641
108263.5156
110879.2188
110918.7656
110948.3672
110964.3672
110979.7656
111011.9688
111055.1172
111072.3672
111108.3203
111147.5703
111167.2656
111212.0156
111909.4688
111956.8672
111983.6172
112004.5156
112103.1172
112179.3203
112412.4141
112542.6641
112924.4141
113039.8203
113057.3672
113088.0156
113106.0156
113172.3203
113310.3203
113954.7656
113970.6172
114024.4688
114060.1172
114070.9141
114152.1172
114207.2656
114269.1641
114274.3672
114360.2656
114373.4688
114607.9141
115015.1641
115063.3203
115098.8672
115106.3203
115135.7188
115254.7188
115357.7656
118231.4688
118237.9688
118267.5703
118288.1172
118315.3203
118340.9141
118417.8672
118456.3203
118540.1641
118548.5156
118612.3672
119055.2188
119167.7188
119200.4141
119282.0156
119310.7188
119345.5156
119350.1641
119383.1641
119400.6641
119565.2656
119655.3672
120322.4141
120357.9141
120365.7656
120412.1641
120479.0703
120548.8672
120581.7656
120658.0703
121144.4688
121178.9688
121354.8672
121392.5156
121425.1641
121432.9688
121506.9141
121569.2656
121672.0703
122096.6172
122379.6172
122413.6641
122483.6172
122505.9688
122598.2188
122677.4141
123306.1172
123743.9141
127932.9688
130106.6641
130257.6641
130358.4141
133773.1094
136301.1094
139890.0625
139894.6719
139976.7188
140314.8594
140574.0156
140840.6719
140918.3125
140959.2188
140983.5156
140989.6719
141029.2188
141085.1094
141123.0156
141354.8594
141868.2656
141913.6094
141956.0625
141981.6719
142068.5625
142124.6094
142248.7188
142341.7656
142463.8125
143059.5156
143135.3594
143241.5625
143244.4688
143294.0156
143883.3594
143907.7188
144074.2188
144172.5156
144353.0625
144385.8594
144394.8125
144414.7656
144954.4219
147167.3125
147327.7656
147479.5156
147608.2656
148148.1094
148257.5156
148341.0156
148860.4688
149156.7656
149204.8594
149305.5625
149310.5625
149465.0156
149862.9688
150203.7188
150302.2656
150385.2656
151292.6094
151509.9688
151722.3125
151756.8594
151888.5156
154035.7188
154680.2656
155716.8594
156533.5156
157055.2188
157693.4219
158003.0156
158114.6094
158868.4219
159847.0156
161888.8125
162868.5156
163564.1719
163827.7188
165968.6094
166116.4688
166219.5625
166753.5156
169132.0156
169230.9688
169324.5156
169329.4688
169356.6719
169380.9219
169498.1719
170207.0156
170267.4688
170385.1719
170426.3594
171162.4688
171168.4688
171260.2188
171304.9688
171368.4219
171373.3594
171398.1094
171415.2188
171467.3594
171473.4688
171575.0625
171774.2656
172299.1094
172364.6094
172410.1719
172566.0156
172637.0156
172937.7656
173327.0156
173397.6719
173459.3125
173657.2656
173686.1719
176542.2656
176724.0625
176907.2188
177603.2656
177715.8594
177773.5156
177870.6094
178314.7188
178634.9688
178683.0625
178844.4219
178851.2188
178897.6719
178980.9219
179633.8125
179786.9219
179792.8594
179940.5156
180654.0156
180666.1719
180707.1094
180763.7656
180854.8594
181550.9219
181653.4219
181749.5156
182580.7656
183124.6094
184101.5156
186292.5156
186471.8594
192748.5156
194305.9219
195406.2656
196254.4219
197721.6719
198539.1094
198658.8125
199464.0625
201207.3594
201630.4688
201753.3594
201848.0625
202509.1094
202711.1094
202848.9688
203915.0156
203972.1719
204745.3125
204912.6719
206380.3594
209312.1719
209350.8594
209488.7656
209612.7188
210166.2188
210945.4219
211418.4688
213015.7656
214568.2188
217559.4688
219090.8594
222264.3125
223809.4688
225416.0625
226063.2188
226606.1094
231849.6094
232095.9688
232535.5625
233628.9219
233658.6094
234890.5625
235744.5156
235949.8125
236275.6094
236375.2188
237349.6094
238861.6719
239048.3594
239461.7656
241425.1719
243885.9219
245814.3125
246025.5625
247581.1719
247693.2188
249355.8594
249874.5156
250140.0156
250347.9219
251734.8594
253411.0156
255122.1094
255152.3125
255913.8594
255923.8125
258369.0625
259883.9219
260861.7188
262096.9219
262925.1563
263191.375
263338.5625
263411.7188
263456.0625
263499.875
263741.8125
264792.5313
267248.3125
267561.7813
267620.875
268854.7813
270335.5625
270722.7188
270960.5313
273789.125
280492.5313
283937.7188
295779.3125
