5790.790039
5824.839844
5846.290039
5870.939941
5901.339844
5950.740234
6017.040039
6047.189941
8318.089844
8379.290039
8526.94043
8574.240234
8687.290039
9618.290039
10597.38965
10694.54004
11580.54004
11648.04004
12729.44043
12826.99023
17218.33984
25743.33984
25932.89063
27850.74023
31179.53906
32252.53906
34278.44141
41579.83984
41664.28906
46706.28906
48866.73828
50000.03906
50036.44141
54303.94141
55236.53906
56221.39063
56260.23828
56356.28906
57251.64063
57274.73828
57373.19141
60187.33984
61233.48828
61272.98828
62216.03906
62345.98828
63238.83984
63291.03906
63502.14063
64339.73828
71332.64063
74918.59375
79054.9375
83762.03906
83912.1875
84883.9375
85827.89063
86098.64063
89555.59375
90610.14063
90694.03906
91670.24219
93885.99219
97271.24219
98218.89063
101342.2891
108491.4922
109282.9922
112919.0391
113041.2891
113935.1406
114101.3438
114961.0938
114977.6875
115976.7422
116135.7422
120808.3906
122801.7891
124811.8906
158279.9375
252780.6875
252787.3906
