3967.739258
4029.0896
6233.939453
6341.839355
7425.439453
7719.13916
9372.139648
10684.73926
10880.43945
12028.28906
13232.53906
13568.18945
13574.13965
13657.23926
14660.23926
14683.63965
15029.23926
15198.28906
15365.13965
15766.73926
16036.73926
16112.28906
17266.03906
18619.93945
19738.74023
19787.78906
20100.68945
20412.68945
21538.53906
21820.13867
22122.18945
22928.03906
23211.53906
23571.78906
23735.88867
24638.88867
25287.88867
26988.08984
27080.08984
27298.53906
28117.08984
28300.93945
28381.53906
28610.99023
28849.83984
29078.18945
30029.93945
30245.49023
30364.68945
30777.08984
31585.53906
33395.08984
34381.23828
35429.53906
35573.33984
35879.53906
41881.9375
42762.39063
43176.48828
43303.08984
43728.6875
44193.4375
45029.1875
45045.48828
45223.83984
45828.33984
46201.28906
46474.33984
47825.89063
48536.08984
49660.48828
50211.64063
50761.6875
50882.39063
51074.39063
51663.08984
51800.48828
52236.98828
53175.9375
56908.39063
58159.03906
58535.33984
62807.39063
62869.98828
64768.14063
65002.64063
65885.78906
66559.49219
66960.33594
67167.39063
67250.6875
67323.08594
75066.74219
75070.39063
77387.78906
77525.14063
77894.53906
80658.14063
82157.08594
83874.39063
84218.49219
85192.78906
86230.78906
86253.64063
87575.9375
88311.99219
88329.03906
88330.1875
89308.03906
90767.4375
93357.53906
93905.49219
96651.14063
98062.4375
98949.53906
102941.4922
106725.1875
109039.0859
110028.6406
110186.3906
112778.2891
112904.5859
115877.7422
116972.2891
117016.8359
119763.8359
119793.8906
119842.3906
119857.9375
120194.1875
120735.7891
121219.3359
123864.2891
124031.8359
138043.0469
144339.7969
145385.1875
145476.2344
160100.4375
163979.2969
165375.1875
165839.5469
166404.7344
168666.4375
169390.0938
174131.9375
179928.0938
180028.9844
191359.7344
196309.7344
199118.1406
210692.0469
215993.3438
220244.2344
237627.4375
262412.6875
269428.125
278750.75
281458.1875
291298
294075.375
295082.625
296353.375
299521.625
