1140.076538
1654.376465
2138.677002
2425.526611
2455.576416
2468.427002
4225.776855
5126.626465
5246.926758
5290.626465
5419.526855
5765.276855
5775.276855
5789.876465
5794.726563
5812.776855
5830.276855
5860.776855
5875.026855
5898.82666
5967.176758
5986.57666
6003.176758
6005.126465
6044.976563
6073.926758
6077.676758
6102.476563
6107.926758
6148.176758
6234.32666
6364.476563
6461.026855
6535.226563
7036.276855
8660.376953
8691.577148
8717.577148
8761.626953
8767.577148
8793.327148
8824.026367
8865.776367
8891.827148
8984.376953
9276.626953
9607.726563
9646.476563
9716.476563
9719.276367
9788.327148
9841.526367
9850.026367
9872.276367
9908.327148
9949.026367
10106.87695
10808.72656
10842.57715
10871.57715
10899.62695
10934.72656
11009.42676
11085.32715
11147.67676
11769.37695
11795.97656
11851.47656
11880.87695
11915.47656
11945.32715
11947.02637
11974.22656
12028.37695
12072.52637
12133.87695
12899.37695
12906.42676
12931.97656
12964.82715
12993.12695
13033.67676
13083.52637
13102.47656
13547.97656
13805.02637
13902.37695
15286.52637
15320.82715
15359.27637
15422.22656
15464.07715
15519.47656
16330.37695
16362.17676
16373.77637
16413.87695
16503.02734
16578.22656
16657.82617
17316.17578
17346.77734
17419.62695
17442.72656
17513.27734
17554.12695
17775.92578
18336.67578
18385.92578
18416.12695
18435.67578
18459.57617
18494.97656
18539.02734
18583.77734
18646.52734
18747.82617
19059.52734
19380.92578
19454.67578
19489.07617
19506.97656
19550.32617
19600.42578
19710.62695
20773.52734
22797.82617
22815.17578
22829.02734
22839.02734
22857.62695
22873.02734
22912.37695
22922.37695
22930.87695
22989.62695
23038.67578
23825.82617
23857.77734
23876.27734
23894.12695
23904.47656
23933.47656
23952.92578
23981.22656
23983.87695
23995.57617
24004.17578
24030.02734
24050.22656
24089.07617
24142.02734
24158.67578
24225.07617
24868.42578
24898.22656
24911.42578
24941.97656
24964.47656
24985.17578
25011.72656
25045.47656
25099.22656
25120.42578
25183.87695
25909.12695
25937.57617
25950.92578
25975.57617
26026.17578
26065.32617
26093.27734
26134.07617
26180.37695
26189.57617
26262.97656
26948.82617
26976.77734
27002.52734
27025.17578
27077.67578
27110.57617
27125.67578
27154.97656
27190.47656
27234.12695
27331.47656
27961.72656
27994.17578
27995.52734
28012.82617
28034.62695
28062.82617
28106.72656
28152.52734
28236.02734
30534.12695
31070.72656
31111.57617
31174.12695
31287.52734
31402.42578
32090.52734
32180.12695
32347.47656
32418.87695
33160.67578
33195.57813
33225.32813
33257.97656
33296.72656
33353.47656
33359.32813
33408.32813
33837.67578
34150.125
34293.47656
34304.32813
34321.92578
34331.47656
34373.375
34401.52734
34419.02734
34446.375
34462.42578
35222.02734
35291.47656
35349.125
35417.07813
35478.57813
35566.07813
38131.77734
38216.47656
38257.47656
38309.32813
38393.07813
38684.92578
38854.02734
39083.22656
39224.97656
39313.625
39391.22656
40184.92578
40214.625
40306.42578
40398.92578
40457.375
40744.625
41226.97656
41283.67578
41372.875
41395.32813
41444.22656
41508.97656
41803.82813
41859.625
42213.97656
42306.02734
42346.92578
42419.42578
45169.97656
45256.52734
45294.57813
45349.82813
45388.125
45393.375
46202.92578
46217.32813
46237.77734
46239.97656
46259.17578
46267.22656
46310.52734
46330.47656
46376.22656
46393.32813
46481.02734
46614.47656
47221.17578
47280.32813
47312.125
47359.82813
47403.57813
47461.92578
47503.27734
47519.875
47587.77734
48247.47656
48296.625
48358.47656
48405.32813
48466.47656
48498.27734
48632.02734
48649.47656
48675.27734
49058.17578
49470.125
49492.07813
49493.17578
49572.375
49600.67578
49630.125
49687.875
50599.42578
52665.72656
52722.77734
52750.67578
52770.22656
52798.92578
52825.125
52856.97656
52984.47656
53016.02734
53095.625
53791.22656
53833.125
53864.02734
53869.97656
53896.72656
53953.42578
53963.42578
54038.77734
54075.67578
54113.97656
54347.67578
54672.375
54945.375
54979.125
54997.42578
55034.17578
55099.77734
55123.47656
55168.27734
55206.77734
55255.125
55927.67578
55956.02734
55984.67578
56009.52734
56043.875
56074.625
56112.625
56146.32813
56208.875
56261.72656
56293.27734
56354.52734
56953.375
56985.47656
57008.625
57040.67578
57059.875
57087.125
57184.125
57233.125
57309.27734
57408.52734
60171.67578
60204.625
60245.52734
60313.125
60355.57813
60498.875
60516.875
60983.875
61157.47656
61205.32813
61227.42578
61278.97656
61339.97656
61378.625
61432.125
61458.52734
62208.82813
62234.57813
62298.22656
62358.27734
62403.57813
62415.52734
62454.02734
62528.02734
62723.92578
63270.07813
63294.77734
63325.875
63348.42578
63370.47656
63443.375
63452.32813
63463.02734
63634.875
63913.17578
64272.17578
64357.02734
64395.57813
64455.77734
64468.375
64547.125
67566.375
67648.67969
67649.82813
67740.875
67771.77344
68682.97656
68744.32813
68797.57813
68821.67969
69662.92969
69756.17969
69803.07813
70706.07813
70770.125
70876.42969
71678.67969
71791.47656
74417.47656
74476.22656
74518.92969
74576.92969
74734.72656
74830.875
75473.67969
75581.02344
75783.97656
76403.07813
76507.07813
76555.22656
76656.02344
76678.625
76781.32813
76887.52344
77298.07813
77530.27344
77654.92969
77731.375
77853.625
78518.22656
78631.875
78690.52344
78792.92969
79031.42969
79293.27344
79488.42969
79805.875
79905.375
79967.17969
80298.82813
81169.27344
81984.67969
82010.47656
82021.77344
82034.42969
82060.27344
82083.875
82116.47656
82139.97656
82176.47656
82230.375
82296.27344
82730.02344
82808.32813
83082.67969
83117.125
83139.72656
83160.47656
83225.92969
83323.625
83410.17969
83689.875
83711.57813
83724.47656
83779.67969
83853.375
83910.72656
84100.375
84162.17969
84234.875
84259.07813
84306.07813
84431.92969
84893.02344
84951.72656
85011.07813
85175.375
85232.27344
85274.375
85309.67969
85358.375
85427.07813
85524.57813
85812.07813
85870.57813
85971.57813
86238.125
86287.47656
86360.72656
86459.22656
86944.22656
86969.375
87926.82813
89287.67969
89317.52344
89505.82813
89600.17969
90373.625
90424.92969
90469.625
90505.52344
90588.02344
90690.42969
91088.82813
91159.625
91284.27344
91517.375
91616.07813
91651.92969
91680.72656
91819.22656
91895.77344
92547.875
92635.82813
92678.77344
92709.07813
92805.47656
92913.125
93647.42969
93755.97656
93812.17969
94431.52344
94483.07813
94549.125
94737.47656
96911.07813
96937.375
96984.875
97029.07813
97437.27344
97514.92969
97598.42969
97659.17969
97675.22656
97780.22656
97807.07813
97996.32813
98065.625
98198.52344
98621.32813
98632.625
98768.32813
98822.47656
98859.875
99135.92969
99356.02344
99526.17969
99543.67969
99627.57813
99775.57813
99839.72656
99942.72656
100188.1797
100435.9297
100589.625
100666.9766
100726.7734
100762.4766
100768.4297
101301.7266
101663.625
102502.4297
103905.2734
104130.625
104164.9297
104257.625
104339.2266
104388.0234
104425.8281
104485.0781
104635.3281
105185.6797
105341.2266
105394.2266
105469.2266
105587.9766
106484.7266
106545.4297
106607.4766
106685.8281
106690.4766
106730.1797
107486.5781
107552.9297
107631.375
107703.875
108634.375
108704.4766
108763.0781
109668.2734
111270.4766
111294.6797
111435.4766
111477.3281
111508.9297
111543.9297
111589.3281
111610.7734
111741.2734
112357.5781
112468.2734
112517.2734
112538.1797
112579.375
112612.9766
112787.875
113397.4766
113433.875
113459.625
113496.6797
113512.2734
113546.6797
113590.375
114189.5781
114237.7266
114406.7266
114439.1797
114518.625
114552.7266
114583.375
114633.7734
114715.0234
114788.4766
115438.4766
115442.1797
115491.0234
115540.5781
115582.5781
115730.875
115810.0234
116305.4297
118626.125
118679.2734
118719.0234
118754.9297
118804.375
119650.5234
119703.9297
119735.7266
119766.125
119819.2266
119841.4766
119863.4297
119952.0234
120002.2734
120753.5234
120790.6797
120848.0234
120896.4766
120977.625
121710.2266
121731.6797
121765.2734
121815.625
121865.125
121918.0234
122695.6797
122755.375
122798.1797
122852.5234
122893.4766
122970.7266
124743.2266
124766.625
124771.7734
124818.5781
124824.6797
124955.3281
124995.625
125074.9766
126379.375
129292.875
142102.6719
142158.6719
142165.7813
142170.9844
143025.875
143051.4219
143189.1719
143804.0781
144028.375
144086.125
144193.9844
144955.0781
145027.7344
145157.9219
145237.625
145291.8281
146016.3281
146162.8281
146256.1719
146389.1719
150297.4844
150345.8281
150402.125
150490.625
150543.4844
151263.9219
151379.7344
151384.0781
152256.5781
152313.9844
152454.7813
153264.0781
153340.3281
156016.1719
156792.875
167463.375
173319.9219
173389.0313
173395.0313
173549.8281
173554.2344
174377.0781
174405.2344
174483.7344
174484.9219
174580.375
174629.2344
174693.375
175593.5781
175688.7344
175693.7813
175836.125
176783.125
176801.5781
176862.2344
177773.9844
177848.875
177863.0313
177925.1719
178015.7813
178066.7813
178150.7813
179514.2813
181263.375
181348.7813
182411.3281
183722.375
184820.3281
185864.6719
186066.5313
188577.875
188593.4844
190530.1719
194344.0313
195472.9219
197440.2344
214247.6719
214995.6719
215391.875
217910.8281
220421.0781
232834.0313
235460.875
236270.125
239409.5781
239491.4219
240723.2813
242434.8281
242934.7813
244054.5781
244127.2813
244326.9219
245153.6719
246453.4844
246454.2813
246799.2344
249009.375
250990.9844
251210.7813
253322.875
254976.9219
255586.125
256755.125
259658.3281
260494.4219
260774.5313
260939.375
261531.3281
261588.5313
263174.3125
263926.7813
264586.375
268713.2813
269342.6875
271376.4375
271946.8125
272637.1875
272647.875
275973.1875
276428.1875
277861.7188
277893.0313
277896.4375
277900.0625
277925.0313
277932.0625
277958.6875
277989.7188
278040.9688
278078.1875
278125.375
278775.125
279217.4688
280701.9688
285555.875
285750.6875
286962.4375
286986.7813
287134.9375
287244.6875
287876.4375
288170.2188
288335.0625
290548.4375
290860.0313
296813.875
298842.3125
303003.1875
307578.0625
