1828.653198
1836.603516
1851.003174
1872.553223
1910.953491
1939.103516
1961.903198
1977.903198
1994.453491
2014.903198
2061.203613
2086.003418
2127.703613
2156.503418
2158.65332
2169.253418
2188.803223
2233.253418
2301.90332
2323.103271
2418.40332
2476.65332
2510.253418
2530.703613
2569.103271
2589.103271
2613.15332
2765.753418
2817.303223
2894.15332
3013.65332
4547.603516
4671.353516
4688.803223
4716.15332
5136.553223
5908.253418
8311.90332
8322.75293
8337.103516
8346.00293
8360.803711
8385.40332
8405.90332
8418.703125
8435.353516
8485.15332
8512.203125
8541.703125
8581.50293
8639.803711
8662.053711
8687.50293
8724.453125
12458.90332
12470.85352
12480.10352
12493.45313
12517.55371
12526.35352
12573.20313
12592.75293
12612.25293
12641.50293
12670.15332
12712.40332
12732.55371
12785.65332
12816.95313
12860.45313
12900.95313
13011.00293
13052.85352
13095.55371
16623.50391
16630.6543
16641.35352
16655.1543
16668.70313
16681.95313
16708.20313
16759.60352
16815.30273
16868.95313
16883.00391
16908.1543
16933.55273
16946.35352
16996.1543
17065.85352
17096.9043
17153.95313
17193.4043
17235.75391
17275.95313
17305.45313
17314.9043
17356.80273
17465.00391
17824.20313
18606.80273
18868.20313
18884.35352
18891.60352
18900.75391
18919.45313
18934.05273
18951.00391
18966.80273
19006.95313
19045.05273
19088.45313
19106.25391
19180.25391
19440.50391
19556.10352
19704.45313
19822.55273
19832.4043
19845.70313
19858.00391
19875.75391
19892.75391
19908.20313
19919.45313
19940.45313
19963.05273
19975.20313
19995.00391
20015.50391
20019.95313
20034.75391
20036.55273
20069.70313
20102.55273
20151.30273
20345.1543
20361.9043
20689.85352
20781.30273
21008.75391
21099.1543
21190.05273
21254.80273
21263.6543
21281.85352
21293.35352
21350.70313
21403.9043
21482.85352
21562.4043
21909.70313
22043.95313
22100.1543
22438.6543
22657.35352
22697.6543
23453.30273
23463.45313
23498.75391
23516.4043
23532.85352
23561.9043
23591.50391
23633.35352
23698.1543
23713.75391
23783.05273
23835.45313
23880.60352
23918.60352
24342.85352
24686.85352
25428.35352
25604.9043
26013.45313
26225.60352
26339.50391
26348.95313
26361.75391
26398.6543
26404.50391
26440.45313
26462.9043
26484.55273
26814.1543
29251.1543
29582.00391
30442.9043
32913.30469
32921.60156
32984.55469
32989.30469
32998.00391
33016.55469
33027.20313
33040.55469
33055.45313
33073.85156
33094.75391
33110.25391
33142.35156
33177.95313
33196.70313
33243.00391
33270.55469
33284.90234
33733.40234
33911.75391
33926.70313
33946.95313
33962.35156
33996.45313
34036.35156
34046.65234
34087.95313
34118.85156
34164.45313
35005.95313
35075.75391
36237.15234
38050.85156
38057.40234
38066.40234
38082.70313
38097.70313
38111.70313
38123.35156
38144.05469
38182.50391
38201.20313
38218.70313
38238.90234
38265.20313
38327.75391
38344.90234
38376.20313
38409.05469
38469.85156
38495.90234
39130.25391
41219.25391
41251.30469
41258.75391
41286.80469
41319.55469
41876.00391
42160.05469
42173.20313
45135.85156
45163.00391
45185.00391
45235.45313
45242.45313
45243.75391
45256.80469
45266.90234
45272.55469
45275.55469
45305.95313
45311.05469
45328.00391
45343.95313
45348.45313
45360.25391
45376.55469
45392.55469
45411.25391
45427.40234
45443.15234
45464.20313
45471.25391
45502.35156
45556.45313
45571.50391
45605.90234
45665.30469
45690.60156
45789.20313
45807.90234
45888.75391
45950.30469
46093.00391
46119.20313
46161.10156
46241.30469
46260.30469
46307.30469
46408.45313
46421.25391
46430.85156
46448.60156
46454.50391
46481.20313
46519.85156
46523.45313
47316.75391
47335.85156
47347.80469
47363.20313
47380.90234
47400.50391
48386.20313
48398.05469
48454.45313
48497.90234
48663.25391
48669.20313
48676.10156
48687.20313
48698.40234
48716.55469
48728.20313
48742.10156
48765.10156
48807.65234
48824.35156
48872.10156
48902.95313
48924.60156
48977.15234
49009.50391
49038.60156
49071.00391
49659.95313
49791.70313
49803.95313
49823.35156
49853.50391
52971.45313
56030.35156
56040.70313
56054.75391
56063.65234
56084.35156
56110.30469
56126.45313
56135.50391
56148.35156
56180.80469
56216.00391
56250.70313
56274.25391
56299.55469
56322.10156
56349.05469
56367.80469
56403.35156
56428.85156
56456.00391
56504.00391
56527.95313
56568.75391
56615.35156
56650.55469
56721.70313
56805.35156
56829.70313
56949.80469
56981.15234
57013.55469
57085.50391
57099.45313
57132.10156
57166.10156
57167.95313
57175.70313
57188.75391
57200.55469
57220.50391
57221.60156
57248.40234
57305.75391
57345.65234
57717.40234
57738.20313
60041.15234
60049.60156
60058.45313
60069.30469
60084.65234
60094.50391
60104.50391
60120.55469
60135.60156
60152.35156
60257.15234
60273.80469
60348.10156
60365.50391
60407.90234
60438.95313
61344.40234
62163.35156
62176.95313
62195.75391
63205.30469
63211.35156
63222.25391
63237.00391
63249.60156
63260.75391
63276.50391
63287.55469
63299.50391
63330.10156
63347.45313
63378.10156
63441.70313
63458.45313
63491.35156
63512.60156
63545.45313
63631.10156
64491.35156
64506.50391
64519.45313
64535.60156
64570.05469
64585.60156
64627.30469
64662.65234
64690.70313
64787.70313
64803.60156
64831.80469
64849.80469
64902.80469
64920.50391
64947.70313
65000.65234
65224.00391
65242.05469
65287.30469
65343.00391
65359.85156
65377.15234
65403.00391
70288.85156
70294.95313
70307.5
70319.5
70354.15625
70385.30469
70398.40625
70401.95313
70428.90625
70440.70313
70467.95313
70518.90625
70534.10156
70599.75
70629.75
70646.05469
70725.20313
70742.10156
71011.10156
71031.45313
71138.10156
71144.80469
71181.70313
71849.90625
71954.20313
71962.60156
71975.45313
72011.70313
72043.35156
72065.55469
72076.65625
72098.25
72107.85156
72168.60156
72170.10156
72185.95313
72214.45313
72223.05469
72289
72307.40625
72389.20313
72489.40625
73960.75
73996.75
74112.95313
74122.85156
74143.20313
74162.35156
74175.45313
74329.95313
74590.85156
74605.5
76656.70313
76662.05469
76696.90625
76706.35156
76721.90625
76734.90625
76763.95313
76784.95313
76818.35156
76859.30469
76900.95313
76920.65625
76989.65625
77007.75
77039.55469
77055.55469
77094.95313
77120.60156
77142.85156
77186
77213.35156
77231.25
77308.10156
77403.70313
77436.25
77469.20313
77504.75
77605.80469
77622.35156
77689.80469
77700.65625
77767.80469
77850.15625
78566.30469
78639.80469
78651.20313
78666.35156
78682.5
78698.90625
78716.15625
78754.80469
78766.65625
78802.25
78875.40625
78930.95313
79581.70313
79601.25
79610.15625
79622.20313
79633.45313
79649.55469
79662.25
79701.80469
80078.90625
80845.35156
81628.30469
82676.55469
82785.30469
82794.25
82807
82823.35156
82836.90625
82845.35156
82911.75
82949.35156
82965.80469
82980.65625
83046.85156
83071.35156
83081.60156
83145.75
83164.65625
83188.95313
83192.10156
83203.90625
83205.20313
83214.55469
83264
83271.95313
83349.90625
83440.65625
83484.65625
83556.65625
83573.95313
83635.90625
83665
83722.15625
83748.35156
84006.70313
84182.30469
84196.20313
84221.65625
84231.5
84244.20313
84259.35156
84264.35156
84294.20313
84310.85156
84402.85156
84430.45313
86238.15625
86376.95313
86382.30469
86402.75
86414.15625
86429.15625
86442.95313
86452.65625
86486.60156
86523.25
86603.95313
86651.10156
86669.20313
86718.15625
86754.20313
86794.25
86828.70313
86886.5
86903.40625
90755.20313
90763.05469
90789.45313
90972.30469
90977.10156
90987.35156
90998.30469
91010.15625
91022.15625
91035.15625
91063.20313
91078.45313
91095.30469
91163
91190.65625
91220.55469
91247.15625
91288.20313
91760.25
91770.20313
91784.45313
91801.05469
91810.55469
91825.85156
91863.25
91926.05469
91956.75
98411.95313
98419
98429.70313
98439.30469
98450.95313
98466.45313
98478.60156
98484.70313
98493.5
98506.25
98519.35156
98548.25
98556.85156
98596.10156
98612.70313
98648.85156
98658.20313
98706.95313
98725.40625
98772.10156
98804.25
98838.55469
98854.85156
98927.45313
98953.65625
98966.25
99668.35156
99678.65625
99692.40625
99695.90625
99704.05469
99718
99729.80469
99733.35156
99753.90625
99766.05469
99779.05469
99834.5
99855.40625
99874.60156
99901.25
99917.05469
99969.25
100892.6563
100902.5547
100910.8047
100949.7031
100961.25
101003.8047
101019.3047
101101.9531
101119.8047
101191.3516
101224.9531
101255
101288.3516
101330.1016
101387.2031
103520.1563
108257.3047
108268.9063
108279.3516
108292.3516
108304.9063
108319.2031
108335.25
108370.3047
108397.25
108420.6563
108444.1563
108527.1563
108947.7031
108959.7031
108976.6016
108996.4531
109009.3516
109030.6563
109059.6016
109089.1563
109111.6563
109142.0547
109157.4063
109175
109318.7031
109353.7031
109373.8516
109398.8047
109481.8047
112137.3516
112144.6563
112156.75
112174
112188.1016
112198.6563
112255.0547
112291.8047
112412.4063
112439.9063
112497.4063
112626.4063
112659.1563
112689.5547
112716.8516
112764.2031
112874.5
112932.5547
112963.5
115370.9063
115378.75
115390.3516
115412.6563
115431.4063
115450.6563
115466.9531
115501.9063
115539.4063
115595.6016
115620.25
115649.3516
115677.0547
115686.0547
115782.7031
115796.5547
115802
115822.1016
115865.1016
115894.0547
115909.2031
115930.4531
115954.9531
115965.3047
115973.7031
116006.1016
116072.3516
116099.0547
116139.9063
116166.8516
116186.8516
116241.7031
116296.4531
116303.3516
116317
116317.7031
116330.3047
116348.75
116863.3047
116935.7031
116949.4531
116959.4531
116972.75
117045.4063
117047.1563
117079.7031
117098.6563
117152.9531
117173.9063
117191.8047
117217.2031
117325.9531
117470.7031
117533.4063
117535
117536.3047
117599.9531
117659
117682.5
117867.4531
117970.6563
117997.3516
117999.6563
118155.6563
118173.5547
118331.3516
118783.5547
120076.8047
120565.9063
120603.3516
120695.3516
120702.4531
120712
120723.75
120736.2031
120745.8516
120762.1563
120777.8516
120788.0547
120852.75
120948.9531
121036.9531
121046.7031
121073.3047
121112.9531
121128.0547
121749.9531
121886.1563
121907.0547
121910.4063
121962
121989.1016
122016.4063
122080.8047
122134.8516
122180.9063
122225.3516
126637.5547
126643.75
126654.25
126667.8047
126676.6016
126704.3516
126737.3047
126759.1563
126794.25
126803.9063
126821.9531
126845.8047
126899.25
126914.4063
126932.7031
126946.3047
126951.3047
126958.0547
126960.6016
126976.4063
126982.6016
126999.7031
127016.8047
127018
127059.1016
127098.1563
127155.7031
127180.25
127199.4063
127241.4063
127254.6563
127276.4063
133338.4063
135821.8594
135827.75
135837.9063
135856.2969
135904.9063
135919.7031
135937.3594
135980.2969
136021.2031
136041.2031
136070.25
136083.75
136141.5
136164.4531
136197.3594
136255.9531
138137.75
138917.4531
138925.4531
138936.8594
138950.1094
138958.4063
138969.7031
138983.8594
138994.0469
139012.5
139028.7031
139049.9531
139136.9063
139168.6094
139227.1563
139268.9063
139317.1094
139371.9531
139392.1094
139452.75
139565.4531
139666.1563
139719.25
139755.4063
139793.8594
139872.1563
139907.7031
139932.5
139966.5469
141349.6563
141357.2031
141369.5
141384.7031
141397.0469
141420.4063
141430.3594
141450.0469
141472.8594
141503
141515.7031
141537.2969
141602.1563
141697.1094
151565.2969
151572.4063
151613.6094
151672.9531
151683.6094
151716.5469
151747.4063
151890.4063
151941.6563
151995.4531
152030.4531
152121.4531
152146.7031
152236.9063
152261.3594
152309.9063
152345.4531
152379.9531
152507.9531
157371.7031
157377.6563
157390.8594
157401.5469
157413.9531
157425.7031
157477.4063
157499.7969
157531.2031
157563.9063
157581.2969
157614.7031
157634.8594
157682.75
157821.1563
157839.7969
157989.2969
158100.2969
158128.3594
158269.75
160153.9063
160161
160174.9063
160187.1094
160199.6094
160214.2969
160225.8594
160240.4063
160259.5469
160288.1563
160325.1563
160345.0469
160368.5
160413.0469
160438.3594
160464.5
160519.25
160567.8594
160600.75
160733.2969
160755.4063
171649.7031
171657.9063
171680.7969
171714.0469
171741.6563
171753.2969
171835.4063
171877.25
171980.25
172001.5
172024.75
172084.7969
172126.4531
172197.2969
172221.4531
172313.1094
172367.3594
172390.9063
172422.75
172445.4531
172522.3594
172560.75
174870.7969
174878.1563
174891.0469
174891.8594
174905.7969
174956.75
174969.4063
174985.6563
175029.0469
175283.25
175300.2969
175315.3594
175364.9063
175386.9531
175610.75
175701.9531
177083.7969
177092.3594
177100.2031
177104.2031
177107.5
177121.2969
177133.1563
177146.3594
177218.1094
177230.9531
177245.3594
177321.7969
177385.6094
177413.5
177440.75
178092.0469
178101.7031
178109.4063
178120.1563
178132.25
178136.2031
178147.75
178157.7031
178163.8594
178173.1563
178176
178205.5
178215.2969
178263.5
178302.2031
178337
178414.5
178742.5469
178756.6094
178771.1094
178808.6563
178859.7969
178964.9531
178983.7031
179034.9063
179440.8594
180391.0469
180399.2031
180403.6563
180410.3594
180412.5
180426.5469
180439.6094
180452.6094
180453.9531
180462.7969
180472.2969
180501.1094
180554
180567.9063
180583
180642.1563
180661.7969
180738.2031
180754.1094
180810.0469
180835.2969
180905.1094
180932.2969
181023.2969
181080.2031
181128.5
181172.9063
181207.6563
185456.2969
185462.0469
185470.7969
185481.1563
185490.25
185500.75
185514.25
185522.4063
185538.8594
185561.1563
185601.75
185665.2031
185687.5469
185706.1094
185810.5469
185836.75
185852.7031
185904.4531
185990.4531
186002.2031
186126.1563
186178.2031
186208.1563
186250.6563
186317.1563
186335.7969
186355.25
186391.75
186470.1563
186490.5
186529.2031
186587.8594
186616.25
186804.7031
186825.6563
186896.8594
186935.8594
186999.0469
190899.25
190911.4531
190936.9531
190959.25
191848.6094
192019.9063
195866.9531
195872.6094
195895.2031
195907.0469
195921.2031
195934.2969
195950.5469
195964
195977.8594
196023.25
196040.1563
196058.9063
196234.5
196245.1563
196278.5469
196299.5
196316.4063
196352.0469
196374.6094
196412.9063
196461.7031
200112.7969
200120.1094
200135
200149.1094
200178.75
200191.6563
200215.7031
200226.4531
200247.9531
200309.9063
200344.2969
200361.8594
200418
200448.9531
200475.4063
200563.3594
200578.6563
200643.2969
200676.25
200709.25
200803.75
200823.25
200874.3594
200923.25
200961.0469
201017.7969
201062.7031
207216.7969
207224.9531
207234.9531
207260.0469
207289.7031
207326.6563
207342.8594
207376
207390.7969
207435.75
207486.2031
207611.0469
207629.4531
207670.4063
207687.5
207718.5469
207794.4531
207818.0469
207869.4063
207905.7031
213569.1094
213579.5
213594
213608.9531
213623.1094
213631.6094
213660.1094
213703.5
213732.1563
213746.8594
213811.0469
213861.4531
214246.9063
214260.7031
214275.25
214295.25
214317.3594
214342.7031
214366.1563
214382.5
214468.2031
214516.2031
214546.2969
214570.4531
214701.1094
214720.5
214756.6563
214807.0469
214869.2031
230506.0469
230513.9531
230528.0469
230541.4063
230556.2969
230576.0469
230623.8594
230649.5
230670.5469
230689.6563
230706.5469
230754.9531
230823.75
230881.1094
230957.9531
230990.1563
231014.7031
231049.4531
231067.75
231090.1094
231132.6094
231167.5469
231206.9531
231295.4531
231358.3594
231538.4531
231556.7031
235048.4063
235057.4531
235069.8594
235082.6563
235097.5469
235125.75
235155.8594
235171.6094
235210.1563
235231.4531
235265.8594
235292.2031
235315.25
235337.2969
235391.7031
235423.1094
235470.7969
235487.5
235512
235566.2031
235636.1094
235663
243079.9063
243087.1563
243100.25
243116.75
243128.0469
243149.5469
243158.7969
243172.5
243198.1094
243236.8594
243256.0469
243331.1563
243350.2031
243520.2031
243554.5469
243580.0469
243606.5469
243626.2969
243672.5
243735.0469
243787.75
243849.7031
243952.7031
243989.2031
244022.25
244062.1563
247263.1563
247272.1563
247286.5
247326.6094
247343.0469
247370.2031
247417.0469
247432.5469
247466.4531
247490.7031
247511.9531
247545.25
247561.75
247593.1563
247640.3594
249009.2031
249033.7031
249046.1563
249106.6094
249138.9063
249159.3594
249213.0469
249265.5
249290.1094
249314.2031
249370.7969
249427.7031
249491.9063
249552.2969
249598.2031
252784.7031
253457.7969
253466.0469
253478.6094
253491.25
253527.3594
253568.25
253584.7031
253606.2031
253630.5469
253659.4531
253670.4063
253735.2031
253788.7031
253829.1094
253882.25
253944.4531
253993.9531
254125.7031
254231.5
254342.6094
257091.25
257096.8594
257105.75
257122.7031
257146.4531
257160.2969
257171.75
257186.1094
257219
257238.9531
257267.6563
257303.1563
257329.0469
257351.6563
257417.7969
257482.8594
257538.9063
257560.4531
257591.9531
257615.2031
257657.4531
257748.75
257794.1094
263321.7188
263330.75
263342
263375.1563
263383.9688
263412.6563
263457.0938
263499.8438
263554.5
263617.2188
263687.5
263708.5
263742.75
263761.5938
263810.7188
263866
263889.7188
263943.4063
268861.5938
268871.3438
268884.9063
268901.25
268918.5938
268955.9063
268974.4688
269005.3438
269109.7188
269127.7188
269148.5
269177.3438
269194.0625
269223.4688
269257.6563
269287.0625
269377.25
269395.8125
269452.25
269479.9688
269574.5938
269606.8438
269633.75
269693.9688
269739.9688
269817.3438
272365.5
276994.9688
277014.3438
277026.5938
277038.3125
277051.8125
277067.0938
277085.4063
277102.2188
277116.5625
277169.7188
277201.3438
277213.0938
277249.2188
277270.3125
277295.75
277332.4688
277355.3438
277394.8438
277435.5
277461.0625
277517.9688
277548.3125
277567.3125
277846.3125
277866.4063
277887.4063
277910.75
280906.0625
280912.0625
280929.4063
280947.5
280956.4063
280969.25
280983.6563
280997.75
281043.4688
281069.0938
281111.7188
281132.7188
281150.4688
281187.8125
281207.0625
281241.3438
281271.9063
281310
281371.3438
281404.3438
281435.1563
284110.4063
284118.0938
284131.4688
284140.0625
284153.8125
284164.4063
284176.3438
284191
284209.4688
284224.4063
284239.8438
284254.9063
284281.5625
284292.2188
284344.9688
284373.9063
284421.25
284448.0938
284478.9063
284533.2188
292274
292282.7188
292297.4688
292313.0938
292329.5938
292354.4688
292380.5
292404.3438
292417.25
292460.0625
292472.3125
292489.7188
292556.4688
292620.5625
292698.3438
292715.8438
292764.25
292940.3125
292969.0625
293035.4688
293061.5
293142.4688
296701.8125
296707.6563
296715.5
296733.4063
296743.9688
296758.2188
296778.5625
296795.1563
296806.4688
296834.5938
296851.3125
296898.4063
296942.3438
296974.3125
296999.0938
297035
297047.3438
297069.8438
297133.75
297176.4688
297300.7188
297334.7188
