9054.967773
9255.567383
11785.26758
12002.66797
12824.21777
12828.71777
12873.01758
12929.81738
13007.21777
15053.66797
15979.56738
18303.46875
19247.66797
19534.46875
20341.76758
20464.81836
21429.86719
21524.26758
22353.76758
23233.01758
25618.11719
25670.41797
25757.36719
26596.36719
26756.86719
26810.81836
27660.96875
27699.21875
27786.61719
28807.36719
28839.31836
29735.61719
29798.06836
30025.41797
32907.51953
37000.61719
37829.81641
37880.91797
42897.91797
43910.06641
47990.16797
49689.56641
49971.41797
54700.36719
54800.16797
55598.56641
55665.66797
56662.46875
56903.36719
57053.86719
57768.16797
59150.91797
59791.46875
62012.26953
62947.76953
63869.86719
63923.26953
63975.46875
75064.61719
76156.21875
77291.71875
77357.71875
77362.01563
77626.61719
78426.82031
79560.46875
83784.21875
83829.66406
83879.32031
83968.57031
84673.36719
84739.46875
84819.76563
85646.41406
85914.61719
86648.16406
86728.86719
86793.46875
87773.41406
87809.46875
87849.36719
90736.26563
90826.82031
91696.61719
93733.51563
93924.66406
94888.82031
94945.46875
94987.91406
95725.96875
100680.0703
102727.5703
102877.6172
106604.7188
108680.4688
113539.4141
113713.2188
115553.0703
116653.7188
116774.1172
122999.0156
123867.6172
144394.5625
171678.9688
255830.125
