77.48210144
82.48210144
137.782196
213.532196
303.4820862
367.4820862
405.3322144
463.7320862
520.0322266
642.7321167
672.6320801
727.0322266
794.6320801
798.4821167
837.1320801
866.7822266
889.9821167
926.7321167
949.8820801
979.9821167
1011.782227
1042.882202
1078.832153
1116.932129
1170.582153
1209.482178
1315.482178
1355.882202
1414.582153
1535.282104
1563.932129
1608.482178
1648.932129
1678.782104
1754.332153
1792.082153
1833.832153
1862.932129
1938.732178
1956.282104
1987.532104
2038.282104
2080.88208
2132.732178
2158.482178
2233.13208
2259.832031
2293.332031
2338.782227
2374.082031
2416.38208
2458.582031
2476.832031
2528.332031
2559.582031
2600.63208
2644.932129
2702.332031
2734.232178
2773.782227
2810.63208
2818.232178
2871.332031
2912.432129
2980.282227
3000.532227
3045.282227
3070.232178
3126.88208
3166.88208
3211.432129
3259.832031
3295.182129
3346.182129
3412.182129
3436.732178
3494.332031
3584.782227
3619.732178
3673.432129
3730.782227
3772.282227
3797.182129
3849.932129
3871.982178
3919.032227
3960.432129
4001.13208
4059.982178
4103.731934
4145.532227
4157.882324
4206.832031
4250.382324
4292.032227
4336.882324
4386.882324
4433.182129
4476.782227
4515.582031
4558.832031
4638.731934
4674.332031
4680.132324
4747.282227
4750.632324
4787.481934
4872.032227
4903.231934
4950.532227
4977.332031
5004.682129
5059.432129
5126.682129
5133.632324
5220.682129
5246.182129
5280.432129
5318.632324
5388.032227
5409.332031
5440.532227
5452.832031
5461.132324
5465.981934
5474.882324
5475.782227
5483.782227
5485.382324
5491.981934
5499.182129
5526.532227
5530.481934
5533.532227
5546.182129
5560.832031
5581.532227
5605.682129
5611.682129
5636.481934
5638.632324
5673.032227
5743.582031
5770.582031
5801.582031
5817.782227
5857.932129
5890.032227
5919.981934
5943.682129
5952.332031
5980.981934
6016.682129
6045.182129
6085.682129
6133.882324
6180.532227
6204.582031
6248.282227
6276.532227
6318.332031
6347.981934
6391.432129
6440.832031
6479.882324
6536.882324
6581.632324
6616.132324
6638.882324
6671.682129
6727.731934
6776.481934
6798.382324
6826.632324
6897.532227
6963.981934
6996.481934
7052.782227
7078.731934
7118.481934
7145.432129
7193.782227
7232.332031
7264.132324
7290.882324
7333.981934
7397.432129
7431.182129
7489.032227
7545.782227
7574.182129
7613.082031
7622.731934
7657.632324
7677.382324
7684.332031
7717.632324
7745.632324
7779.481934
7812.182129
7856.382324
7887.582031
7930.481934
8049.632324
8068.882324
8069.432129
8070.832031
8113.582031
8123.731934
8145.731934
8175.432129
8176.682129
8204.282227
8205.131836
8265.932617
8295.131836
8352.631836
8390.282227
8417.881836
8441.782227
8466.782227
8497.182617
8529.432617
8556.482422
8571.082031
8591.432617
8610.232422
8619.732422
8641.332031
8669.782227
8695.582031
8714.381836
8745.732422
8765.881836
8804.032227
8835.232422
8861.432617
8907.932617
8948.482422
9035.032227
9048.332031
9107.432617
9148.432617
9171.332031
9182.082031
9226.082031
9238.432617
9283.082031
9287.881836
9321.082031
9356.032227
9395.032227
9430.832031
9463.631836
9497.982422
9517.631836
9549.232422
9560.631836
9579.932617
9603.432617
9630.332031
9642.631836
9656.832031
9679.982422
9705.782227
9730.032227
9741.582031
9768.432617
9791.582031
9816.232422
9840.682617
9859.932617
9891.881836
9924.131836
9945.881836
10003.43262
10151.18262
10183.18262
10184.78223
10213.63184
10224.58203
10226.03223
10260.43262
10286.28223
10289.43262
10314.98242
10334.58203
10336.23242
10352.88184
10385.83203
10422.43262
10451.78223
10477.08203
10502.48242
10529.88184
10556.28223
10577.63184
10602.88184
10609.28223
10630.93262
10652.23242
10670.48242
10693.38184
10713.78223
10734.48242
10754.78223
10775.13184
10807.68262
10822.08203
10849.48242
10865.48242
10885.73242
10947.63184
10985.28223
11103.53223
11167.58203
11191.23242
11213.93262
11226.18262
11256.38184
11287.58203
11346.23242
11354.98242
11385.83203
11435.03223
11458.08203
11497.83203
11520.63184
11545.38184
11565.03223
11594.23242
11607.88184
11633.78223
11656.18262
11678.13184
11691.38184
11708.73242
11733.63184
11756.38184
11771.78223
11798.88184
11816.98242
11858.03223
11871.18262
11884.43262
11930.23242
11980.48242
12005.63184
12076.18262
12087.83203
12165.28223
12166.73242
12196.08203
12201.18262
12214.63184
12216.08203
12242.63184
12279.53223
12287.38184
12305.88184
12319.28223
12349.88184
12375.98242
12384.13184
12403.78223
12424.23242
12474.28223
12496.58203
12518.03223
12549.73242
12583.23242
12607.78223
12623.03223
12644.83203
12670.83203
12705.28223
12751.58203
12772.28223
12817.93262
12846.78223
12890.93262
12926.03223
12962.08203
13020.88184
13049.23242
13104.93262
13129.53223
13163.48242
13203.88184
13241.48242
13283.18262
13357.18262
13383.48242
13424.93262
13459.08203
13502.28223
13588.78223
13626.63184
13654.63184
13698.18262
13795.63184
13821.33203
13869.43262
13903.43262
13948.03223
13986.88184
14039.63184
14082.68262
14116.08203
14131.38184
14197.78223
14239.38184
14307.18262
14339.58203
14402.93262
14424.53223
14460.68262
14498.13184
14562.13184
14604.33203
14653.43262
14675.68262
14728.48242
14771.63184
14806.13184
14849.18262
14859.88184
14901.48242
14923.23242
14942.98242
14971.98242
14981.83203
15019.83203
15044.63184
15069.48242
15116.68262
15164.33203
15199.28223
15242.28223
15315.98242
15327.53223
15406.33203
15433.43262
15453.48242
15469.33203
15470.78223
15525.13184
15547.73242
15561.48242
15591.63184
15642.38184
15698.78223
15716.58203
15760.18262
15787.88184
15819.53223
15845.68262
15869.53223
15889.08203
15909.58203
15937.33203
15971.53223
15986.93262
16001.28223
16023.08203
16052.38184
16077.78223
16119.03223
16155.08203
16199.78223
16238.08203
16268.13184
16415.78125
16439.33203
16478.98242
16517.23242
16529.78125
16556.23242
16587.18164
16592.33203
16594.13281
16631.23242
16636.43164
16674.93164
16677.88281
16716.13281
16778.43164
16794.68164
16833.03125
16862.78125
16883.98242
16905.23242
16933.28125
16944.78125
16962.73242
16982.78125
17011.93164
17034.83203
17050.33203
17075.18164
17098.88281
17135.13281
17160.93164
17204.18164
17244.58203
17326.43164
17388.58203
17436.33203
17484.78125
17499.93164
17519.03125
17538.23242
17579.28125
17617.93164
17651.38281
17666.78125
17705.68164
17718.68164
17733.68164
17781.13281
17826.83203
17872.78125
17901.23242
17938.43164
17951.08203
17973.33203
17985.28125
17996.33203
18038.78125
18055.43164
18091.03125
18108.53125
18137.28125
18161.63281
18190.03125
18224.83203
18268.33203
18303.03125
18488.38281
18524.38281
18566.33203
18571.88281
18585.68164
18606.88281
18621.68164
18642.08203
18666.38281
18694.13281
18709.18164
18729.38281
18770.93164
18831.13281
18832.73242
18860.43164
18893.43164
18926.18164
18942.63281
18959.63281
18987.48242
18997.03125
19026.33203
19053.38281
19077.88281
19095.83203
19125.88281
19146.68164
19188.28125
19218.28125
19251.98242
19299.63281
19328.63281
19404.63281
19512.78125
19535.63281
19583.28125
19602.68164
19671.43164
19681.38281
19719.18164
19723.78125
19770.73242
19796.23242
19852.33203
19909.93164
19932.53125
19967.48242
19992.78125
20016.48242
20045.88281
20078.73242
20110.63281
20156.13281
20198.43164
20229.98242
20262.63281
20276.03125
20322.28125
20368.03125
20410.08203
20459.88281
20479.98242
20515.63281
20559.58203
20599.28125
20642.63281
20703.83203
20712.13281
20757.33203
20800.23242
20827.98242
20872.93164
20922.13281
20947.18164
20985.08203
21022.13281
21055.68164
21134.73242
21157.98242
21194.18164
21226.13281
21289.18164
21334.68164
21377.73242
21407.48242
21448.83203
21490.48242
21525.43164
21575.93164
21616.08203
21668.33203
21736.08203
21817.33203
21873.68164
21903.98242
21962.08203
21995.93164
22063.88281
22104.13281
22132.58203
22164.03125
22205.03125
22229.98242
22252.53125
22266.73242
22295.78125
22312.33203
22353.03125
22385.98242
22418.98242
22457.63281
22492.43164
22553.78125
22584.13281
22655.03125
22716.03125
22745.43164
22758.38281
22794.38281
22825.38281
22834.93164
22892.33203
22898.43164
22964.28125
23008.73242
23013.23242
23046.63281
23090.33203
23118.73242
23139.68164
23174.68164
23181.63281
23217.48242
23237.53125
23255.08203
23271.48242
23297.33203
23319.38281
23358.68164
23375.08203
23398.78125
23436.43164
23458.43164
23493.88281
23535.73242
23576.28125
23641.43164
23687.13281
23697.73242
23709.33203
23734.28125
23765.68164
23796.53125
23802.88281
23819.63281
23844.03125
23878.98242
23899.98242
23919.63281
23942.48242
23959.48242
24020.08203
24045.63281
24085.43164
24118.73242
24137.13281
24167.68164
24195.08203
24204.83203
24223.68164
24230.63281
24260.33203
24292.88281
24297.68164
24320.28125
24344.48242
24372.68164
24413.03125
24437.73242
24477.13281
24493.78125
24520.23242
24591.83203
24622.58203
24658.43164
24709.03125
24713.03125
24734.48242
24751.78125
24801.08203
24820.68164
24829.28125
24830.53125
24846.38281
24866.18164
24870.68164
24872.93164
24924.23242
24932.13281
24970.78125
24995.03125
25039.93164
25058.98242
25093.98242
25135.03125
25164.48242
25193.98242
25213.43164
25235.08203
25255.78125
25273.08203
25299.48242
25317.88281
25324.08203
25354.98242
25377.98242
25398.08203
25405.73242
25438.28125
25460.23242
25480.33203
25502.68164
25544.93164
25591.53125
25641.58203
25688.33203
25766.53125
25787.38281
25789.13281
25820.28125
25833.28125
25834.78125
25846.68164
25858.53125
25885.28125
25906.83203
25923.83203
25929.88281
25953.18164
25993.43164
26010.53125
26035.18164
26055.78125
26105.93164
26142.78125
26171.43164
26207.58203
26236.78125
26267.98242
26293.38281
26308.43164
26333.98242
26359.58203
26380.58203
26417.13281
26418.78125
26434.93164
26460.43164
26503.08203
26534.08203
26550.43164
26587.43164
26649.68164
26676.28125
26685.48242
26734.43164
26784.88281
26786.23242
26786.98242
26788.98242
26811.93164
26814.13281
26832.78125
26867.13281
26890.68164
26897.88281
26931.18164
26936.83203
26947.98242
26995.28125
27016.08203
27035.18164
27078.08203
27110.33203
27134.98242
27162.43164
27209.98242
27244.53125
27263.33203
27289.43164
27322.18164
27347.03125
27397.68164
27425.13281
27451.83203
27500.58203
27530.63281
27565.83203
27573.43164
27616.23242
27641.88281
27692.53125
27743.38281
27788.68164
27833.38281
27873.18164
27912.53125
27950.08203
27995.48242
28041.78125
28069.23242
28101.93164
28153.53125
28212.83203
28252.83203
28276.33203
28309.83203
28356.43164
28394.53125
28455.73242
28521.03125
28549.53125
28583.68164
28616.73242
28651.88281
28744.13281
28799.13281
28845.08203
28886.83203
28941.58203
28972.88281
29006.23242
29073.23242
29135.18164
29189.23242
29224.48242
29279.18164
29311.98242
29363.33203
29397.68164
29419.58203
29455.28125
29466.23242
29497.48242
29527.13281
29559.18164
29589.88281
29626.43164
29666.03125
29675.43164
29706.18164
29758.93164
29862.48242
29885.48242
29930.18164
29935.13281
29976.93164
30005.73242
30030.33203
30032.88281
30156.43164
30187.28125
30210.53125
30262.08203
30301.88281
30341.08203
30364.53125
30425.58203
30431.38281
30462.08203
30481.18164
30506.23242
30534.58203
30562.68164
30587.13281
30612.63281
30641.18164
30661.98242
30692.83203
30719.53125
30765.08203
30796.08203
30837.08203
30867.78125
30915.03125
30999.28125
31046.13281
31052.73242
31077.63281
31080.73242
31094.88281
31143.28125
31180.48242
31225.83203
31282.18164
31318.53125
31358.63281
31383.28125
31426.53125
31452.38281
31489.28125
31517.28125
31522.83203
31551.88281
31568.08203
31591.38281
31610.18164
31631.58203
31660.43164
31687.78125
31712.33203
31734.48242
31755.53125
31778.08203
31831.58203
31837.03125
31901.03125
31959.38281
31985.53125
31986.48242
32003.93164
32019.83203
32034.43164
32059.73242
32079.73242
32144.73242
32161.38281
32188.48242
32208.03125
32246.68164
32296.68164
32317.43164
32365.48242
32418.78125
32443.18164
32479.38281
32499.63281
32526.13281
32538.13281
32549.18164
32572.23242
32586.08203
32612.58203
32634.38281
32658.73242
32675.43164
32694.03125
32723.83203
32772.08203
32778.03125
32811.68359
32858.78125
32899.43359
32941.78125
33002.08203
33003.28125
33019.33203
33021.13281
33025.83203
33057.63281
33101.73047
33124.38281
33162.08203
33168.93359
33205.88281
33237.88281
33300.73047
33310.18359
33336.43359
33366.53125
33387.68359
33439.58203
33463.03125
33507.98047
33533.13281
33554.53125
33569.78125
33603.93359
33609.68359
33642.43359
33670.48047
33698.18359
33720.43359
33754.43359
33793.68359
33843.03125
33868.58203
33921.83203
34023.88281
34032.68359
34035.53125
34061.98047
34077.43359
34103.23047
34106.03125
34115.93359
34117.28125
34130.53125
34166.38281
34173.23047
34224.93359
34288.63281
34331.18359
34391.33203
34438.08203
34462.43359
34485.08203
34531.08203
34537.78125
34589.08203
34639.13281
34675.63281
34706.88281
34758.98047
34764.23047
34822.38281
34850.48047
34895.73047
34936.58203
34988.58203
35027.33203
35061.68359
35088.28125
35136.58203
35165.48047
35206.18359
35268.68359
35310.13281
35370.28125
35394.03125
35444.38281
35448.83203
35506.28125
35538.83203
35591.83203
35658.43359
35703.68359
35744.73047
35771.93359
35831.58203
35871.98047
35908.88281
35936.73047
35991.98047
36028.08203
36057.83203
36112.58203
36135.28125
36190.78125
36266.83203
36329.38281
36410.78125
36448.03125
36482.33203
36501.98047
36549.48047
36556.28125
36592.18359
36598.13281
36623.33203
36665.23047
36678.73047
36699.68359
36725.38281
36740.58203
36775.98047
36807.73047
36838.53125
36880.18359
36901.78125
36922.88281
36962.23047
37082.38281
37099.63281
37101.23047
37120.68359
37163.23047
37248.78125
37254.03125
37291.23047
37315.88281
37368.93359
37410.93359
37448.63281
37493.98047
37517.28125
37549.28125
37577.48047
37602.68359
37646.23047
37678.93359
37686.08203
37713.48047
37735.08203
37760.38281
37786.13281
37815.73047
37848.78125
37861.03125
37901.08203
37940.98047
37994.58203
38029.93359
38095.28125
38131.68359
38166.58203
38167.93359
38207.83203
38246.93359
38250.08203
38273.88281
38287.08203
38341.63281
38367.93359
38408.08203
38433.63281
38468.88281
38496.98047
38549.48047
38586.28125
38616.58203
38639.83203
38660.53125
38689.88281
38721.48047
38735.73047
38758.68359
38790.13281
38800.78125
38828.83203
38855.43359
38888.23047
38915.18359
38936.13281
38971.83203
39031.08203
39071.08203
39123.53125
39140.38281
39149.68359
39210.33203
39217.28125
39327.23047
39332.58203
39355.58203
39411.03125
39448.48047
39479.68359
39529.23047
39566.98047
39590.53125
39616.18359
39656.88281
39675.43359
39713.78125
39733.23047
39761.98047
39779.78125
39797.38281
39817.98047
39842.68359
39860.28125
39887.73047
39916.58203
39947.48047
39969.13281
40007.28125
40044.08203
40086.18359
40144.28125
40159.08203
40167.58203
40189.28125
40215.78125
40222.43359
40267.58203
40276.18359
40334.68359
40413.23047
40450.98047
40498.13281
40551.03125
40591.08203
40619.53125
40667.63281
40694.83203
40727.88281
40745.58203
40764.53125
40786.63281
40819.08203
40831.38281
40849.53125
40877.28125
40905.23047
40922.73047
40933.48047
40947.13281
40971.03125
41003.98047
41061.23047
41087.83203
41131.98047
41178.18359
41235.53125
41257.88281
41292.73047
41365.28125
41377.73047
41417.28125
41469.03125
41498.23047
41536.43359
41585.53125
41591.88281
41628.93359
41665.13281
41695.43359
41723.58203
41739.88281
41772.28125
41805.48047
41835.78125
41878.08203
41905.08203
41933.03125
41952.18359
42000.23047
42040.98047
42070.68359
42114.08203
42144.18359
42182.83203
42231.18359
42275.93359
42319.18359
42348.83203
42385.28125
42449.98047
42477.43359
42507.73047
42543.13281
42548.38281
42604.18359
42629.28125
42673.13281
42720.28125
42768.88281
42804.48047
42862.33203
42888.58203
42930.28125
42968.28125
43007.28125
43070.53125
43095.53125
43145.83203
43188.48047
43233.88281
43279.23047
43328.73047
43414.53125
43434.73047
43487.48047
43512.63281
43551.93359
43603.13281
43622.08203
43663.88281
43698.78125
43714.48047
43754.33203
43778.43359
43809.48047
43843.03125
43871.68359
43898.08203
43926.78125
43991.13281
44032.98047
44071.18359
44125.18359
44180.03125
44186.98047
44192.93359
44193.28125
44194.73047
44211.83203
44220.43359
44235.58203
44242.13281
44246.38281
44288.18359
44323.93359
44374.08203
44438.48047
44488.73047
44569.18359
44615.03125
44647.78125
44676.73047
44691.68359
44706.63281
44744.28125
44776.28125
44794.73047
44835.28125
44862.93359
44881.18359
44902.68359
44933.38281
44959.33203
44982.63281
45012.63281
45052.38281
45081.18359
45143.68359
45204.48047
45205.93359
45229.58203
45251.98047
45274.08203
45281.18359
45284.23047
45304.08203
45329.33203
45380.28125
45428.83203
45456.38281
45486.83203
45542.43359
45603.13281
45636.48047
45660.88281
45703.03125
45707.53125
45744.38281
45758.38281
45781.63281
45812.53125
45838.33203
45862.68359
45900.73047
45916.78125
45939.98047
45964.13281
45992.33203
46017.48047
46057.53125
46086.43359
46130.18359
46198.18359
46259.98047
46293.18359
46330.33203
46359.23047
46369.38281
46402.73047
46405.48047
46409.43359
46438.58203
46465.18359
46540.63281
46580.23047
46628.18359
46667.53125
46690.83203
46731.58203
46769.73047
46783.58203
46817.23047
46851.28125
46865.53125
46887.73047
46930.23047
46944.73047
46971.98047
46992.53125
47021.83203
47080.38281
47096.83203
47120.18359
47155.73047
47170.38281
47237.18359
47277.93359
47324.33203
47351.08203
47392.23047
47398.98047
47448.03125
47465.58203
47491.18359
47518.23047
47588.23047
47626.18359
47657.93359
47682.53125
47715.13281
47769.93359
47790.68359
47796.83203
47798.28125
47840.03125
47860.28125
47869.08203
47900.53125
47928.13281
47958.93359
47991.73047
48018.73047
48050.88281
48093.23047
48138.33203
48160.33203
48214.78125
48244.53125
48258.03125
48314.08203
48342.78125
48370.03125
48391.98047
48433.93359
48473.83203
48521.03125
48564.38281
48587.58203
48631.63281
48674.93359
48713.43359
48741.83203
48805.58203
48846.93359
48873.78125
48944.98047
48968.83203
49004.18359
49034.68359
49073.73047
49096.18359
49157.68359
49213.18359
49256.93359
49307.38281
49360.48047
49402.98047
49440.73047
49476.73047
49552.83203
49565.28125
49612.38281
49660.63281
49682.03125
49725.68359
49756.88281
49806.73047
49866.13281
49886.48047
49908.83203
49934.58203
50038.43359
50076.88281
50127.28125
50172.48047
50194.53125
50260.28125
50294.68359
50338.13281
50387.43359
50424.48047
50467.88281
50514.83203
50551.63281
50580.88281
50615.08203
50619.58203
50661.58203
50671.88281
50705.33203
50724.63281
50760.38281
50784.63281
50833.88281
50871.93359
50944.33203
50999.53125
51053.08203
51139.88281
51170.23047
51193.03125
51217.13281
51219.23047
51225.33203
51253.33203
51270.18359
51301.83203
51379.28125
51405.38281
51438.88281
51470.88281
51503.78125
51539.28125
51582.88281
51618.03125
51642.43359
51664.98047
51688.88281
51710.08203
51718.28125
51759.43359
51780.38281
51806.28125
51837.78125
51870.03125
51875.58203
51925.58203
51954.98047
52005.53125
52054.38281
52093.83203
52127.38281
52149.53125
52166.48047
52167.83203
52172.68359
52178.43359
52189.78125
52215.98047
52217.43359
52226.98047
52247.38281
52261.53125
52286.63281
52301.73047
52328.48047
52402.13281
52436.73047
52477.88281
52530.53125
52535.08203
52561.78125
52596.58203
52617.58203
52647.93359
52676.68359
52694.78125
52724.08203
52737.18359
52768.43359
52795.93359
52817.73047
52852.38281
52870.23047
52879.08203
52912.38281
52958.83203
52992.43359
53024.08203
53088.53125
53105.88281
53175.33203
53180.58203
53189.18359
53192.68359
53198.78125
53210.23047
53214.58203
53216.28125
53232.13281
53264.78125
53266.43359
53287.88281
53311.53125
53362.88281
53391.33203
53429.53125
53482.53125
53516.38281
53520.28125
53571.18359
53594.33203
53629.63281
53638.98047
53666.93359
53701.28125
53716.38281
53739.93359
53750.88281
53767.68359
53799.33203
53826.68359
53837.73047
53868.28125
53912.28125
53939.33203
53978.38281
54014.33203
54052.48047
54073.53125
54120.28125
54151.88281
54195.93359
54226.38281
54246.03125
54262.63281
54286.83203
54309.53125
54311.03125
54324.58203
54342.18359
54365.23047
54432.88281
54442.68359
54444.23047
54480.13281
54500.53125
54543.98047
54586.73047
54615.53125
54642.83203
54669.38281
54702.08203
54725.08203
54748.98047
54775.28125
54790.93359
54807.78125
54834.03125
54860.53125
54889.48047
54922.23047
54943.08203
54978.38281
55023.68359
55069.98047
55114.78125
55194.23047
55203.28125
55228.48047
55239.78125
55252.23047
55263.08203
55267.53125
55268.93359
55287.23047
55293.88281
55309.88281
55323.58203
55340.28125
55363.58203
55370.73047
55408.58203
55435.08203
55493.93359
55525.53125
55553.83203
55586.83203
55627.28125
55632.58203
55651.08203
55662.83203
55692.98047
55715.33203
55727.18359
55728.83203
55761.53125
55797.63281
55820.73047
55856.58203
55888.28125
55947.03125
55973.88281
56019.03125
56064.58203
56083.33203
56110.08203
56145.03125
56190.48047
56230.33203
56256.83203
56296.68359
56333.18359
56379.73047
56439.23047
56474.83203
56518.68359
56545.93359
56584.88281
56610.48047
56648.73047
56676.38281
56713.13281
56758.23047
56814.28125
56848.88281
56897.98047
56937.08203
56969.43359
56977.13281
57020.98047
57052.43359
57093.68359
57105.93359
57141.98047
57189.33203
57230.88281
57282.03125
57320.58203
57366.53125
57400.68359
57429.43359
57497.43359
57549.23047
57605.43359
57634.88281
57662.13281
57666.63281
57703.48047
57726.23047
57732.43359
57783.28125
57787.98047
57838.53125
57878.53125
57908.13281
57960.23047
58008.33203
58058.38281
58118.58203
58164.03125
58215.08203
58215.98047
58237.08203
58278.63281
58292.73047
58335.83203
58370.93359
58413.28125
58418.83203
58484.53125
58514.28125
58546.88281
58583.63281
58608.08203
58638.73047
58664.28125
58672.38281
58691.83203
58709.78125
58738.23047
58760.78125
58794.88281
58817.68359
58870.13281
58926.63281
58979.73047
59038.28125
59186.98047
59216.63281
59245.63281
59276.23047
59289.48047
59306.83203
59326.13281
59344.73047
59402.68359
59407.33203
59458.38281
59486.33203
59518.98047
59557.88281
59561.43359
59600.18359
59631.43359
59671.78125
59677.83203
59682.38281
59702.18359
59726.93359
59751.68359
59782.53125
59807.13281
59845.73047
59866.98047
59899.73047
59936.43359
59970.93359
60020.23047
60024.93359
60089.83203
60139.73047
60231.83203
60257.38281
60270.98047
60298.78125
60303.78125
60367.53125
60369.68359
60398.98047
60445.13281
60484.98047
60509.58203
60536.68359
60583.53125
60617.33203
60639.38281
60652.83203
60677.53125
60685.58203
60713.08203
60729.48047
60759.38281
60778.33203
60806.33203
60828.78125
60871.38281
60880.98047
60916.93359
60935.78125
60973.73047
61014.18359
61045.73047
61108.78125
61180.78125
61217.13281
61232.38281
61274.83203
61276.13281
61291.88281
61340.13281
61368.03125
61393.03125
61436.03125
61453.13281
61478.58203
61504.98047
61534.18359
61565.73047
61593.63281
61640.48047
61670.93359
61716.03125
61739.28125
61744.43359
61754.28125
61786.73047
61819.53125
61831.43359
61865.98047
61883.13281
61910.98047
61926.13281
61954.68359
61998.43359
62030.73047
62055.18359
62120.68359
62266.23047
62304.18359
62315.73047
62357.68359
62376.18359
62421.63281
62423.23047
62443.03125
62480.68359
62489.33203
62533.28125
62559.28125
62600.63281
62637.63281
62660.68359
62693.83203
62700.38281
62703.93359
62738.38281
62756.73047
62776.78125
62797.88281
62831.53125
62868.33203
62894.78125
62929.23047
62957.33203
63001.63281
63050.63281
63123.23047
63178.33203
63202.73047
63243.13281
63304.88281
63337.78125
63370.88281
63452.98047
63489.23047
63503.63281
63551.48047
63593.83203
63658.58203
63686.48047
63707.63281
63758.78125
63800.18359
63841.43359
63908.83203
63936.13281
63977.03125
64021.48047
64059.13281
64085.28125
64141.88281
64191.28125
64225.88281
64264.23047
64298.93359
64329.58203
64368.08203
64403.43359
64437.73047
64468.83203
64506.78125
64560.28125
64599.03125
64681.28125
64727.23047
64765.68359
64808.23047
64856.18359
64904.78125
65011.73047
65073.08203
65216.88281
65246.13281
65306.43359
65321.13281
65364.03125
65399.28125
65434.23047
65461.98047
65507.78125
65544.67969
65572.33594
65599.73438
65633.53125
65637.13281
65681.28125
65713.53125
65742.28125
65772.58594
65819.42969
65870.98438
65935.33594
66098.23438
66179.92969
66239.03125
66290.13281
66297.42969
66381.33594
66400.33594
66450.03125
66485.83594
66514.48438
66539.98438
66575.88281
66600.53125
66606.08594
66625.53125
66652.67969
66692.03125
66714.78125
66729.13281
66774.17969
66805.17969
66858.88281
66930.08594
66996.13281
67097.78125
67203.03125
67263.58594
67291.48438
67334.03125
67375.38281
67414.23438
67455.53125
67502.73438
67527.42969
67562.13281
67566.67969
67608.03125
67644.48438
67668.63281
67705.98438
67740.98438
67774.92969
67803.67969
67828.42969
67859.83594
67889.83594
67952.03125
68028.67969
68046.42969
68130.78125
68203.98438
68282.48438
68326.83594
68327.92969
68357.73438
68372.58594
68416.42969
68442.28125
68452.98438
68495.98438
68522.98438
68569.58594
68588.42969
68628.67969
68651.73438
68674.67969
68712.03125
68717.92969
68758.63281
68784.67969
68823.98438
68849.83594
68897.23438
68932.48438
68980.48438
69056.23438
69146.48438
69220.63281
69301.98438
69310.53125
69363.83594
69431.13281
69432.98438
69474.67969
69487.48438
69517.03125
69557.03125
69583.08594
69619.73438
69650.73438
69668.42969
69690.13281
69715.38281
69738.38281
69765.78125
69795.58594
69817.42969
69845.17969
69866.98438
69911.78125
69974.63281
70032.53125
70094.17969
70129.03125
70182.08594
70276.48438
70302.98438
70398.98438
70429.03125
70477.03125
70513.08594
70548.88281
70560.23438
70617.53125
70649.92969
70676.73438
70721.13281
70779.17969
70832.53125
70868.63281
70938.98438
70986.67969
71014.78125
71065.53125
71089.03125
71141.33594
71178.67969
71219.38281
71256.48438
71278.38281
71344.13281
71411.88281
71487.58594
71521.23438
71547.33594
71585.53125
71621.08594
71669.13281
71707.13281
71758.38281
71804.17969
71828.67969
71881.28125
71918.83594
71993.58594
72034.88281
72054.53125
72084.08594
72112.13281
72132.67969
72148.42969
72193.03125
72233.92969
72266.33594
72313.92969
72339.73438
72398.58594
72451.92969
72568.78125
72656.63281
72733.48438
72734.38281
72797.78125
72860.42969
72904.83594
72926.33594
72969.78125
72989.38281
73026.73438
73050.28125
73055.58594
73078.92969
73121.38281
73140.63281
73157.53125
73190.92969
73230.42969
73248.33594
73275.48438
73316.38281
73344.23438
73376.83594
73418.78125
73518.92969
73688.78125
73765.08594
73783.92969
73831.17969
73879.58594
73923.67969
73942.23438
73988.33594
74008.83594
74055.53125
74077.08594
74091.13281
74130.08594
74168.28125
74180.13281
74205.08594
74232.58594
74251.17969
74279.83594
74310.17969
74354.13281
74392.13281
74443.33594
74629.63281
74725.13281
74798.42969
74855.17969
74897.42969
74939.53125
74971.42969
75005.92969
75039.67969
75059.48438
75087.78125
75116.78125
75144.98438
75173.33594
75204.83594
75238.88281
75291.88281
75296.03125
75336.42969
75374.48438
75416.88281
75477.13281
75545.17969
75664.92969
75765.17969
75799.03125
75802.48438
75899.17969
75959.03125
75997.83594
76051.53125
76073.78125
76107.08594
76147.83594
76176.08594
76201.13281
76244.78125
76255.67969
76285.67969
76313.33594
76349.92969
76378.53125
76405.53125
76461.08594
76492.48438
76525.53125
76566.03125
76667.28125
76704.33594
76774.78125
76835.13281
76870.92969
76927.53125
76935.73438
76955.23438
76998.98438
77042.58594
77076.63281
77114.17969
77141.23438
77160.63281
77196.53125
77202.03125
77253.28125
77273.63281
77310.83594
77357.78125
77382.38281
77444.48438
77493.78125
77530.78125
77577.67969
77621.63281
77651.67969
77721.98438
77755.63281
77800.13281
77849.48438
77901.67969
77940.23438
78015.53125
78056.23438
78107.98438
78151.92969
78189.23438
78222.92969
78264.53125
78308.48438
78356.33594
78384.58594
78417.58594
78476.83594
78539.98438
78597.73438
78643.03125
78683.28125
78731.38281
78765.88281
78844.38281
78879.98438
78933.58594
78968.58594
79004.67969
79037.08594
79068.92969
79099.58594
79132.33594
79166.42969
79210.38281
79264.58594
79270.33594
79354.03125
79413.73438
79470.83594
79500.48438
79534.28125
79603.38281
79641.08594
79660.13281
79694.48438
79730.98438
79769.13281
79794.67969
79798.98438
79832.03125
79860.83594
79887.83594
79926.73438
79958.92969
79995.73438
80033.48438
80084.67969
80145.03125
80241.78125
80320.78125
80346.53125
80385.08594
80406.42969
80481.17969
80518.33594
80573.73438
80599.98438
80649.88281
80690.48438
80726.98438
80747.73438
80763.78125
80773.42969
80791.67969
80815.63281
80819.08594
80832.38281
80862.83594
80875.98438
80913.48438
80944.13281
80978.92969
81009.28125
81031.38281
81078.88281
81132.53125
81218.78125
81275.73438
81291.58594
81321.13281
81322.58594
81354.78125
81403.33594
81409.13281
81442.42969
81471.42969
81482.92969
81532.28125
81603.13281
81672.92969
81707.42969
81728.78125
81769.73438
81779.92969
81814.83594
81833.63281
81839.28125
81864.58594
81897.33594
81923.48438
81930.42969
81974.73438
81990.13281
81994.38281
82021.23438
82065.08594
82089.67969
82128.03125
82186.98438
82229.98438
82231.83594
82268.38281
82330.23438
82369.42969
82443.38281
82455.13281
82502.42969
82523.88281
82558.98438
82603.17969
82680.53125
82700.42969
82733.08594
82756.33594
82791.78125
82817.98438
82841.08594
82851.78125
82888.13281
82912.42969
82946.83594
82967.28125
82996.63281
83021.63281
83052.53125
83091.78125
83134.33594
83173.38281
83209.13281
83287.63281
83341.33594
83452.08594
83468.38281
83486.38281
83550.53125
83613.92969
83661.28125
83724.88281
83751.33594
83802.98438
83840.42969
83869.48438
83895.67969
83908.78125
83923.92969
83978.17969
83982.33594
84017.63281
84029.23438
84054.67969
84080.63281
84111.17969
84150.08594
84169.53125
84217.03125
84265.13281
84304.48438
84425.67969
84436.03125
84464.78125
84507.67969
84529.48438
84552.28125
84565.83594
84627.33594
84662.83594
84725.48438
84762.33594
84795.17969
84851.42969
84886.92969
84914.38281
84940.73438
84972.92969
85037.73438
85079.33594
85095.23438
85143.28125
85200.13281
85251.58594
85288.42969
85295.92969
85340.08594
85360.17969
85419.08594
85449.48438
85475.23438
85524.53125
85544.98438
85599.08594
85604.28125
85670.88281
85716.17969
85751.92969
85797.92969
85844.78125
85892.48438
85950.98438
85966.67969
86005.58594
86037.42969
86104.67969
86153.38281
86183.17969
86212.98438
86257.48438
86296.78125
86334.78125
86376.03125
86422.17969
86458.03125
86507.17969
86539.03125
86585.67969
86630.98438
86667.28125
86716.73438
86740.13281
86782.23438
86806.08594
86863.83594
86918.42969
86956.13281
87026.98438
87087.88281
87120.92969
87149.67969
87179.63281
87209.38281
87233.63281
87269.33594
87302.63281
87333.38281
87366.98438
87385.58594
87421.98438
87441.78125
87457.92969
87483.08594
87515.33594
87545.58594
87564.42969
87601.28125
87628.53125
87687.88281
87716.17969
87773.23438
87810.78125
87825.28125
87832.17969
87877.42969
87914.83594
87973.33594
88005.58594
88056.92969
88086.38281
88128.98438
88168.48438
88228.88281
88260.28125
88300.48438
88353.23438
88386.78125
88405.38281
88426.58594
88436.53125
88478.17969
88494.17969
88535.08594
88557.38281
88583.83594
88617.23438
88654.03125
88689.38281
88731.08594
88784.42969
88881.42969
88907.67969
88932.38281
88988.23438
89055.67969
89121.13281
89177.63281
89221.58594
89255.23438
89288.42969
89333.28125
89365.33594
89381.48438
89391.53125
89393.58594
89416.78125
89419.92969
89460.78125
89497.03125
89510.28125
89514.67969
89550.23438
89571.58594
89592.48438
89612.13281
89658.33594
89673.88281
89725.78125
89780.83594
89823.88281
89934.42969
89983.38281
90052.98438
90068.08594
90145.53125
90197.13281
90229.33594
90262.48438
90303.83594
90345.83594
90365.28125
90385.78125
90425.03125
90448.92969
90459.48438
90502.03125
90522.73438
90555.53125
90577.73438
90590.78125
90610.03125
90643.13281
90680.08594
90712.98438
90758.03125
90791.58594
90848.23438
90917.88281
90919.92969
90983.03125
91009.73438
91071.98438
91172.08594
91203.63281
91260.48438
91320.23438
91348.42969
91383.42969
91405.53125
91435.38281
91474.23438
91481.63281
91513.67969
91544.58594
91569.83594
91603.33594
91624.88281
91652.58594
91675.33594
91702.28125
91727.13281
91768.63281
91812.13281
91867.38281
91903.23438
91990.33594
92026.17969
92042.17969
92079.88281
92090.73438
92116.08594
92127.83594
92157.58594
92180.08594
92210.13281
92238.98438
92270.92969
92275.83594
92305.98438
92328.73438
92357.58594
92381.28125
92411.53125
92437.08594
92443.88281
92474.92969
92512.88281
92535.13281
92584.28125
92663.98438
92715.08594
92759.67969
92787.28125
92846.83594
92910.48438
92941.63281
92983.58594
93014.33594
93046.78125
93068.03125
93100.78125
93132.98438
93154.92969
93234.38281
93264.58594
93312.48438
93356.53125
93391.33594
93449.42969
93484.88281
93526.42969
93550.92969
93581.73438
93621.67969
93651.08594
93663.83594
93697.58594
93723.58594
93725.48438
93761.58594
93796.13281
93826.13281
93886.03125
94010.38281
94081.38281
94095.83594
94136.67969
94239.23438
94282.42969
94335.67969
94381.38281
94428.67969
94467.88281
94493.83594
94523.33594
94546.88281
94580.13281
94609.28125
94632.88281
94658.83594
94691.38281
94700.92969
94720.28125
94745.63281
94781.13281
94822.88281
94845.78125
94875.83594
94928.73438
95009.78125
95052.23438
95082.73438
95131.38281
95218.98438
95276.38281
95333.17969
95398.63281
95447.98438
95474.23438
95509.13281
95546.63281
95574.63281
95599.33594
95625.67969
95666.92969
95690.13281
95709.98438
95752.38281
95789.13281
95828.38281
95869.78125
95910.58594
95947.08594
95948.63281
95986.13281
96031.53125
96104.03125
96161.63281
96283.38281
96350.98438
96413.92969
96460.73438
96491.42969
96527.38281
96564.73438
96612.63281
96646.13281
96667.17969
96708.73438
96739.88281
96769.83594
96785.03125
96809.42969
96845.67969
96873.38281
96907.28125
96938.88281
96983.83594
97045.28125
97121.38281
97148.88281
97212.17969
97217.58594
97295.08594
97375.98438
97427.08594
97446.48438
97521.28125
97551.28125
97581.88281
97635.67969
97663.88281
97701.53125
97722.98438
97731.53125
97769.88281
97795.23438
97837.42969
97870.13281
97894.33594
97929.53125
97955.33594
98005.53125
98078.53125
98102.53125
98211.08594
98289.67969
98331.78125
98335.08594
98398.67969
98457.13281
98519.08594
98545.88281
98596.17969
98620.03125
98649.08594
98681.83594
98687.08594
98713.83594
98755.38281
98791.48438
98818.08594
98841.78125
98882.38281
98903.42969
98930.08594
99048.03125
99090.63281
99136.78125
99166.08594
99235.17969
99312.03125
99358.13281
99394.42969
99427.78125
99451.48438
99488.83594
99534.23438
99589.13281
99646.83594
99698.58594
99702.98438
99769.83594
99860.08594
99907.17969
99939.78125
99980.33594
100019.6797
100038.7344
100105.2813
100133.1797
100176.7344
100223.3828
100319.9844
100360.3828
100409.5859
100470.2813
100517.3359
100551.8359
100586.5859
100627.0313
100674.4297
100741.6797
100794.5859
100827.4844
100877.6797
100912.9844
100956.2813
100977.5859
101051.4844
101136.5859
101187.2344
101220.3359
101322.2344
101357.8359
101409.3828
101444.5313
101489.7813
101514.6328
101542.1328
101560.4297
101599.8359
101634.4297
101660.3828
101685.3828
101736.9844
101764.9844
101817.6797
101844.9297
101875.9297
101891.5859
101993.0859
102013.6328
102194.5859
102242.3828
102296.6328
102318.6797
102362.5313
102367.2344
102410.8359
102450.8828
102469.4297
102492.4844
102540.7344
102568.0313
102587.9844
102634.5313
102658.8828
102693.7813
102700.2344
102720.2344
102775.0313
102838.3359
102865.2813
102900.5313
103045.6797
103055.7344
103098.7813
103198.4844
103200.4297
103236.9844
103308.4844
103356.5313
103382.2344
103386.7813
103441.4844
103463.3359
103487.8359
103507.4844
103542.2813
103565.2344
103595.8359
103630.6797
103654.8828
103697.8359
103728.7344
103752.5859
103791.9844
103825.1328
103868.1328
103900.4297
103937.4844
103984.3828
104150.0313
104165.5313
104203.6328
104279.4844
104335.1797
104376.2813
104428.2813
104476.6797
104484.8359
104547.7344
104575.9297
104616.8359
104645.1797
104661.8828
104679.7344
104711.9297
104747.9297
104795.0859
104808.1328
104853.2344
104882.8359
104903.3828
104920.4297
104961.7813
105009.4297
105119.7813
105146.7813
105148.0859
105180.4844
105238.2813
105301.3828
105399.1797
105438.0859
105474.6328
105519.6328
105558.0859
105609.3828
105652.1797
105671.3828
105683.2344
105711.2813
105743.2344
105770.1328
105800.3359
105829.6797
105849.4297
105878.2344
105916.6797
105951.1328
105996.6797
106099.2813
106101.0859
106157.5313
106164.4297
106233.4844
106267.2344
106321.8828
106374.9844
106442.3828
106468.0313
106511.6797
106543.7813
106566.0859
106609.4844
106655.3828
106690.9297
106730.3359
106774.1328
106808.2813
106846.4844
106901.6797
106936.8828
106996.6328
107031.8359
107086.2813
107127.1328
107177.8359
107200.7344
107250.4844
107281.5313
107324.3828
107369.4844
107412.6328
107475.9844
107549.9297
107573.8828
107622.2344
107644.5859
107681.3359
107715.0859
107790.7813
107864.6797
107898.1328
107936.6328
107940.6797
108021.8359
108025.3828
108077.6328
108138.6797
108182.3828
108226.7344
108265.6797
108300.1328
108301.7344
108313.0313
108316.6328
108359.5859
108395.8359
108428.4297
108463.6797
108500.4844
108544.0859
108614.8828
108619.4297
108681.9844
108789.1797
108799.7813
108803.4844
108810.5859
108851.8359
108906.5859
108941.0313
108994.0859
109046.3359
109077.7344
109128.0859
109150.5313
109208.9844
109213.1328
109261.9297
109291.0313
109321.2813
109352.2813
109377.9297
109409.6328
109421.4844
109448.2813
109470.5313
109481.5859
109514.8828
109552.7344
109590.2344
109639.3828
109692.8359
109707.3359
109834.8359
109846.5859
109870.3359
109897.8828
109950.4297
109985.5859
110010.9844
110058.5859
110113.6328
110151.1328
110189.2344
110252.6797
110272.2344
110303.6797
110329.7344
110357.8828
110393.5313
110411.2813
110448.5313
110471.3828
110504.6797
110529.9844
110561.2344
110587.8828
110614.3828
110627.1328
110633.2344
110671.2813
110693.3359
110739.0859
110782.5859
110799.9297
110874.8828
110885.1328
110916.6328
110929.9297
110934.9297
110964.6797
110978.1328
111016.4297
111042.4844
111079.0313
111080.5859
111111.4844
111170.0313
111219.7344
111252.8359
111282.8359
111330.6328
111350.2344
111380.0313
111413.1797
111447.2813
111471.1797
111498.8828
111511.0859
111534.2813
111569.5859
111575.3359
111601.1797
111624.6328
111662.3828
111668.9844
111703.9844
111750.2344
111803.6328
111838.4844
111899.3828
111914.7813
111933.6797
111945.5313
111975.3828
111982.2813
112020.1328
112040.2344
112077.3828
112151.2813
112164.5859
112202.0859
112234.8359
112315.8828
112342.4844
112373.7813
112406.9297
112425.1328
112467.0313
112482.0859
112486.2344
112515.8359
112557.3359
112584.7344
112607.1797
112644.3359
112679.4844
112706.8828
112737.0859
112777.8828
112824.3359
112873.2344
112931.4297
112946.9297
112969.1797
113039.3828
113079.4297
113100.1797
113105.5859
113139.5859
113140.9297
113172.7344
113213.0313
113251.7344
113305.8828
113309.2344
113337.5313
113365.8828
113393.4844
113435.8828
113459.1797
113481.2344
113516.1328
113539.6328
113545.1797
113580.8359
113619.5313
113662.7344
113686.7344
113732.6328
113786.3828
113791.2344
113832.4297
113865.1797
113943.6328
113973.4297
114030.2813
114065.8828
114120.3359
114198.5859
114228.0313
114259.4844
114297.8828
114329.3359
114360.4297
114409.8359
114438.0859
114479.9297
114511.7344
114545.0859
114593.5313
114630.2813
114682.4297
114705.5313
114781.5859
114813.9297
114824.5859
114881.4844
114916.6328
114956.1797
114985.9297
114989.7344
115041.2813
115058.2344
115085.4297
115124.3359
115189.2813
115226.0859
115249.5859
115285.6328
115320.0313
115366.3359
115420.9297
115465.4844
115518.4297
115554.2344
115620.6328
115691.6328
115747.8828
115812.0313
115867.9297
115886.0859
115933.6797
115968.1328
116028.6328
116034.0313
116075.7344
116109.4297
116132.0313
116164.8828
116180.9844
116211.6797
116236.4297
116261.4844
116289.4297
116325.3359
116356.8359
116385.8359
116444.0859
116449.9844
116481.2344
116557.8828
116692.0313
116703.4844
116853.7344
116870.0859
116871.5313
116911.9844
116959.7344
117015.2813
117062.4844
117098.4297
117167.7344
117186.9844
117217.8359
117238.8828
117250.7344
117290.6328
117312.9844
117335.5313
117363.4297
117393.3359
117418.4844
117484.9844
117508.4297
117555.1797
117648.6797
117705.0859
117802.2813
117851.8359
117859.5313
117863.3828
117873.9844
117941.7813
117980.3828
118034.7813
118072.1328
118109.2344
118148.6797
118160.1328
118194.4844
118215.6797
118248.6797
118275.4844
118308.5859
118325.5313
118358.9297
118377.9844
118414.0859
118447.5859
118487.4297
118511.2813
118571.7813
118630.9297
118683.5859
118815.1328
118857.8359
118860.6797
118909.0313
118942.5859
118987.3359
119015.8359
119054.8359
119100.6328
119134.1328
119168.3828
119188.9297
119207.1328
119246.9297
119273.9844
119300.5859
119327.4844
119362.2813
119386.5859
119417.9297
119444.9844
119476.0859
119503.0859
119547.5859
119581.7344
119634.4844
119670.4297
119794.0313
119852.2344
119882.6328
119912.7344
119996.2813
120006.4297
120017.0313
120070.3359
120096.0313
120123.3828
120169.5313
120197.0859
120223.1797
120248.0859
120265.8359
120276.6797
120334.4844
120345.7813
120361.8359
120394.9297
120422.7344
120446.7813
120483.7813
120521.8828
120556.5313
120620.1328
120706.1328
120785.4844
120882.8828
120912.8359
120951.5313
120993.5859
121021.6797
121045.3828
121095.7344
121143.3359
121208.0859
121214.8828
121235.8359
121272.8828
121292.4844
121326.6797
121361.6328
121436.0313
121474.9844
121501.8828
121535.4844
121602.3359
121653.1797
121716.0313
121775.9297
121808.2344
121836.8359
121889.3828
121930.8828
122001.5859
122051.9844
122117.0313
122156.1328
122216.9844
122254.7344
122289.7813
122350.7344
122398.5859
122440.6797
122482.7344
122487.0859
122527.1797
122578.0859
122632.2344
122639.2813
122684.5859
122731.4844
122740.0859
122775.6797
122814.6797
122865.2344
122916.7344
122949.7344
123056.1797
123134.5859
123206.8359
123244.7813
123324.4844
123385.6797
123445.1797
123490.4844
123531.7344
123584.0313
123620.6328
123648.2813
123683.3359
123712.4297
123757.8359
123778.3828
123826.0313
123869.4844
123895.8359
123947.5859
124008.8359
124057.5859
124116.2344
124148.0313
124208.3828
124265.0313
124322.2344
124416.9297
124462.3828
124521.7344
124563.9297
124603.1797
124648.4844
124667.8828
124742.3828
124767.6797
124783.7344
124840.7813
124884.6328
124920.2813
124944.3828
124994.9297
125060.4297
125090.0313
125149.2344
125207.9297
125234.5313
125287.4297
125407.3359
125520.5313
125558.5859
125611.5313
125662.0859
125692.9844
125733.2813
125764.2344
125805.2813
125865.1797
125884.0859
125912.9844
125916.5859
125968.4297
126027.7813
126067.4844
126101.3828
126129.6797
126154.4297
126208.6797
126267.2813
126343.1328
126403.0859
126448.5859
126514.2813
126539.3359
126584.6797
126629.8359
126684.1328
126708.3828
126770.8828
126795.5313
126819.2344
126870.6328
126906.7344
126948.5859
126986.1797
127041.8359
127083.2813
127138.8828
127207.3359
127244.0313
127310.7813
127392.0313
127456.8359
127460.3828
127498.2813
127541.1328
127610.6328
127641.1328
127676.8359
127711.2813
127754.4297
127763.9844
127808.4297
127830.7344
127847.7813
127893.3359
127931.7813
127961.8828
127997.0859
128021.7344
128067.0859
128092.8359
128151.3359
128252.9297
128306.2344
128364.4297
128413.5859
128515.8828
128578.6797
128615.6328
128684.8359
128710.9844
128747.2813
128800.3828
128845.1328
128871.0313
128916.2813
128955.5859
128992.8828
129040.1328
129090.0313
129137.9844
129184.5313
129236.0859
129280.0313
129283.4844
129319.0859
129357.4297
129407.6797
129474.9844
129515.0313
129543.8359
129569.1328
129611.0313
129677.6797
129713.6328
129761.6328
129821.2344
129851.0859
129915.1328
129956.9844
130002.6328
130045.0313
130190.1328
130264.4297
130267.5313
130356.7813
130415.7344
130471.4297
130493.9844
130529.2344
130571.3359
130592.6797
130623.8359
130652.7344
130686.5859
130718.3828
130751.4297
130758.3828
130800.3359
130858.6328
130894.5859
130956.8828
131021.7344
131073.625
131183.875
131239.375
131300.8281
131329.0313
131379.9375
131423.6875
131451.2813
131482.125
131518.625
131541.5313
131597.5313
131643.125
131648.1875
131688.8281
131744.5313
131785.3281
131822.5313
131857.0313
131893.0313
131921.9375
132011.5313
132098.125
132133.1875
132210.2813
132284.2813
132366.5313
132403.8281
132486.2344
132524.6875
132574.5781
132597.5313
132643.4844
132669.0781
132698.1875
132715.7344
132757.5313
132799.7344
132847.9375
132895.9375
132952.9375
132981.2344
133037.4844
133104.7813
133182.625
133230.625
133311.6875
133405.125
133430.9844
133481.4375
133529.625
133535.2344
133611.125
133646.9844
133721.875
133727.5313
133755.2344
133762.8281
133787.0781
133818.5781
133851.5781
133878.4844
133918.2813
133958.0781
133985.6875
134047.0781
134089.0313
134156.0313
134197.625
134263.0313
134373.7813
134377.5781
134428.4375
134490.0313
134524.4844
134564.125
134595.6875
134643.625
134661.5781
134697.4375
134723.5781
134755.125
134797.5781
134831.5781
134853.625
134864.2344
134892.7813
134950.9375
134971.3281
135019.7813
135075.8281
135101.1875
135135.3281
135168.4844
135220.5781
135255.2813
135297.3281
135392.0313
135448.5781
135502.5313
135585.9375
135626.4375
135659.8281
135695.5313
135727.7813
135763.2344
135768.5781
135834.375
135869.3281
135934.375
136017.9844
136054.5781
136089.9844
136121.0313
136175.7813
136221.0781
136279.2344
136341.2344
136379.2344
136462.875
136512.5781
136535.4844
136600.5781
136635.4844
136670.875
136707.8281
136785.125
136828.2344
136862.875
136922.3281
136954.7344
137030.9844
137083.125
137125.3281
137154.9844
137162.6875
137207.7344
137231.5781
137290.375
137375.8281
137456.2344
137528.5313
137617.375
137646.2344
137693.7813
137735.7813
137770.7344
137811.0781
137860.7344
137894.3281
137911.5781
137945.375
137975.125
138004.2344
138029.1875
138040.5781
138084.0313
138109.125
138161.4375
138207.2813
138276.5313
138380.625
138463.125
138530.3281
138620.125
138649.5313
138698.5313
138769.375
138815.5313
138852.8281
138873.375
138905.7344
138919.6875
138962.375
138994.0781
139018.4375
139057.125
139102.8281
139124.6875
139166.9844
139211.125
139260.0313
139307.2344
139366.2813
139494.0781
139578.4844
139637.875
139689.9844
139749.1875
139784.875
139800.1875
139840.6875
139873.4844
139902.875
139928.9375
139968.8281
139995.4375
140031.7344
140053.1875
140079.3281
140112.6875
140134.0781
140196.0313
140216.5313
140259.2813
140288.0313
140324.5781
140357.8281
140435.2344
140465.5781
140536.7344
140638.5781
140730.0781
140770.9844
140812.7813
140824.4844
140835.0313
140880.0781
140933.6875
140969.5313
140992.6875
141020.5313
141055.625
141106.6875
141134.875
141165.2813
141190.0781
141227.0781
141248.8281
141273.9375
141290.625
141360.125
141439.7344
141512.2344
141631.8281
141697.375
141740.5781
141763.9375
141822.4375
141855.5781
141899.125
141939.9844
141960.7344
142007.125
142038.9375
142045.2344
142084.1875
142124.625
142148.1875
142168.875
142207.0313
142231.875
142275.0313
142317.4375
142450.9844
142453.4375
142540.9375
142545.0781
142628.0781
142656.3281
142687.6875
142709.625
142741.2813
142786.5313
142815.6875
142845.875
142876.0781
142922.7344
142957.7344
142997.5313
143024.875
143069.4844
143115.6875
143131.2813
143185.0781
143218.1875
143252.1875
143333.2813
143396.4844
143433.375
143485.5313
143514.9844
143554.5313
143583.9844
143645.0781
143648.625
143680.9844
143736.375
143840.6875
143869.6875
143900.0313
143953.0313
144017.375
144056.6875
144098.5781
144123.3281
144154.875
144223.625
144267.0781
144291.625
144322.2813
144329.0313
144375.5313
144425.9844
144457.7813
144506.7344
144570.1875
144634.7344
144681.4375
144729.9375
144782.2344
144819.2813
144851.8281
144893.0781
144923.6875
144958.4844
145000.625
145028.6875
145057.0313
145091.9844
145105.9844
145152.4375
145203.5781
145239.7344
145287.4844
145289.6875
145364.6875
145423.4844
145511.625
145553.4375
145602.375
145683.7344
145733.7813
145777.2344
145792.5313
145855.375
145892.2344
145920.125
145950.4375
145992.625
146033.6875
146062.4844
146100.4375
146107.4844
146150.5313
146163.7344
146204.6875
146224.9375
146260.0313
146314.0313
146337.6875
146383.6875
146465.4844
146585.4844
146629.875
146736.5781
146783.1875
146819.5781
146847.125
146888.375
146935.875
146990.9844
147023.1875
147069.625
147105.4375
147132.7813
147136.2344
147186.5313
147220.0781
147250.2813
147282.5781
147311.2813
147338.9375
147358.3281
147404.125
147455.5781
147509.4375
147631.4375
147666.5781
147746.9844
147784.875
147812.2813
147858.2344
147900.2344
147950.1875
147973.5781
147999.125
148042.7344
148081.2344
148104.7344
148119.8281
148162.125
148184.3281
148209.3281
148260.2344
148282.875
148320.9844
148340.8281
148417.1875
148498.125
148564.875
148660.1875
148711.0313
148818.0781
148869.1875
148906.0781
148938.3281
148987.7813
148993.4844
149027.125
149068.9844
149107.2344
149144.6875
149148.9844
149176.9375
149220.4844
149244.7813
149289.2813
149315.0781
149348.0313
149421.5781
149464.8281
149479.4844
149535.875
149589.3281
149641.9844
149724.125
149784.4375
149853.9844
149892.375
149934.1875
149983.1875
150024.5781
150058.0313
150104.6875
150128.0313
150175.5313
150214.5781
150255.0313
150322.5781
150374.5313
150404.5313
150453.375
150504.9844
150543.2344
150579.9844
150583.625
150643.2344
150691.6875
150712.7813
150748.9375
150807.0781
150851.625
150886.125
150933.4844
150992.9375
151050.8281
151126.875
151157.2344
151213.4844
151268.125
151307.2344
151362.5313
151410.125
151454.7813
151505.0313
151549.4844
151594.0781
151656.5313
151686.2344
151728.4844
151795.4844
151831.1875
151876.9844
151903.2344
151935.5313
151938.9375
151991.5781
152031.8281
152092.3281
152152.7344
152194.4375
152221.625
152250.625
152282.7344
152315.0313
152345.875
152377.3281
152414.2344
152437.2344
152493.4375
152524.375
152548.2813
152641.0781
152710.0781
152758.875
152810.7344
152873.7813
152901.375
152975.0781
153017.625
153048.625
153098.375
153133.3281
153166.125
153224.2813
153247.3281
153293.9844
153332.4375
153384.3281
153427.1875
153469.6875
153491.4375
153538.5313
153615.4844
153655.625
153689.875
153744.3281
153777.125
153813.9844
153859.6875
153924.125
153991.7344
154014.9375
154074.875
154114.6875
154171.6875
154221.1875
154231.8281
154239.9844
154302.3281
154330.3281
154386.9375
154438.9375
154479.7344
154519.875
154552.8281
154588.6875
154636.7813
154664.0781
154729.1875
154796.375
154825.9375
154871.6875
154969.875
155001.9844
155052.7344
155071.9844
155113.5781
155149.0313
155196.6875
155227.4375
155243.7813
155281.4375
155333.125
155387.875
155407.9844
155429.2344
155455.0781
155495.0313
155515.2344
155563.5313
155614.5781
155657.4375
155732.0313
155791.2344
155828.125
155880.375
155932.8281
155966.625
156053.5781
156144.9844
156197.4844
156217.4844
156265.2813
156303.4844
156333.5313
156394.4844
156437.875
156458.4375
156520.9375
156545.125
156609.2813
156627.4844
156665.375
156743.6875
156854.125
156857.4375
156909.3281
156945.9375
156978.7813
157034.0781
157056.0781
157069.7344
157139.7344
157188.5781
157205.5781
157249.0313
157291.9375
157323.2813
157392.4844
157420.625
157484.5781
157511.7813
157546.7344
157583.0313
157643.4844
157694.8281
157717.9844
157762.0313
157817.2344
157861.4844
157927.6875
157947.875
157967.5781
158002.9844
158024.5313
158103.875
158152.5781
158188.9375
158242.375
158254.2344
158293.7813
158370.9844
158402.625
158421.2813
158471.9844
158510.4375
158562.375
158619.3281
158654.4844
158690.7813
158744.3281
158783.8281
158844.5313
158886.875
158932.375
158972.5313
159034.2344
159088.2813
159105.5313
159164.5313
159205.9844
159297.4375
159346.125
159401.375
159441.9375
159490.7344
159532.4844
159593.625
159645.4844
159692.9844
159745.7813
159777.5781
159819.3281
159863.0781
159913.7344
159941.0313
159973.4844
159989.9375
160071.9844
160097.9844
160162.3281
160183.8281
160261.5781
160305.8281
160337.5313
160387.7344
160472.1875
160514.375
160578.0313
160619.3281
160689.625
160711.9844
160745.625
160802.875
160829.375
160854.875
160904.375
160956.6875
160980.7813
161014.7813
161044.1875
161085.7344
161107.6875
161162.7813
161209.875
161251.9844
161293.0781
161326.6875
161380.5781
161450.8281
161505.625
161561.0781
161597.2813
161683.4844
161735.4375
161763.4844
161807.4844
161862.9375
161890.2344
161902.0313
161958.875
161998.4375
162032.375
162075.125
162106.9844
162136.4375
162189.4844
162222.2344
162275.8281
162318.9375
162347.0781
162378.7344
162420.2344
162463.3281
162479.8281
162591.2344
162631.625
162719.8281
162748.4375
162777.625
162801.5781
162805.7344
162860.2344
162901.125
162936.6875
162975.375
163026.875
163064.9844
163086.3281
163126.375
163187.7813
163209.625
163259.9375
163318.2813
163322.5781
163356.125
163387.625
163464.7813
163526.9844
163645.9375
163690.1875
163750.6875
163801.375
163830.9844
163876.125
163901.2813
163906.5781
163933.5313
163983.4844
164038.9375
164070.7344
164093.875
164134.0313
164165.2344
164199.125
164233.4844
164282.2813
164313.625
164345.5313
164413.7813
164455.0313
164478.625
164521.4375
164594.375
164643.9375
164702.5313
164720.3281
164764.4375
164796.9844
164817.5313
164872.7813
164896.7344
164935.4375
164984.0313
165050.7813
165126.5313
165219.125
165249.9844
165300.0313
165333.7344
165377.0313
165428.0781
165477.0313
165499.5313
165526.2813
165532.6875
165610.5313
165662.0781
165712.7344
165760.125
165800.125
165846.625
165887.625
165919.0781
165964.9375
166002.7813
166045.2344
166089.2344
166130.9375
166158.625
166211.5313
166244.3281
166306.8281
166376.625
166431.6875
166522.7813
166595.5313
166654.625
166730.7344
166801.375
166867.5781
166894.7344
166934.8281
166957.0781
166995.1875
167025.375
167062.125
167091.125
167126.5313
167154.0781
167172.4844
167200.625
167244.125
167269.1875
167309.375
167321.7344
167377.4375
167409.2813
167449.2344
167495.2344
167598.9375
167603.125
167657.375
167679.5781
167755.5313
167824.1875
167875.2813
167914.0781
167947.0313
167991.875
168030.375
168074.375
168097.2813
168129.2813
168164.9844
168180.3281
168184.875
168212.4844
168230.1875
168287.375
168318.7813
168377.875
168384.4375
168420.5781
168442.7813
168496.875
168498.5313
168534.625
168611.7813
168627.2344
168676.0781
168678.5313
168823.4844
168870.7813
168901.9844
168948.9844
168985.1875
169002.2813
169006.9844
169054.7813
169078.0313
169120.7813
169127.4375
169171.7813
169190.5781
169221.6875
169250.375
169285.3281
169328.5781
169351.3281
169390.7344
169417.6875
169449.4844
169515.375
169625.0313
169692.7813
169721.625
169726.4844
169747.2344
169828.7344
169871.4844
169918.2813
170001.625
170005.875
170038.0313
170079.3281
170103.4375
170135.875
170165.5781
170200.1875
170234.625
170267.0313
170286.2344
170325.4375
170369.0313
170395.7344
170436.625
170493.0313
170541.9844
170634.7344
170721.1875
170786.0781
170877.375
170954.0313
170959.125
171012.125
171016.5781
171072.3281
171102.7344
171141.3281
171177.0781
171204.0313
171237.4844
171268.3281
171289.375
171318.0781
171365.7813
171409.4375
171438.9375
171500.3281
171507.2344
171594.7813
171623.9844
171686.7813
171731.2344
171766.125
171794.125
171841.875
171874.3281
171937.4375
171964.9844
171989.0313
172050.5781
172064.9844
172104.7813
172156.4844
172195.4375
172245.125
172285.4375
172326.9844
172379.1875
172419.2813
172445.8281
172501.0781
172576.8281
172638.5313
172673.2344
172717.875
172761.5313
172803.2344
172857.2344
172892.4844
172938.7813
172963.125
173011.9844
173064.7344
173106.0781
173153.7813
173220.5781
173267.7344
173302.7344
173341.2344
173384.6875
173452.9375
173499.4844
173543.0313
173558.3281
173604.6875
173635.0313
173683.6875
173752.875
173795.4844
173830.1875
173857.2813
173930.9375
174106.125
174168.7344
174252.9844
174283.125
174319.625
174357.0313
174382.7344
174444.7344
174467.0781
174474.9375
174528.2344
174559.125
174597.5781
174626.6875
174675.6875
174702.1875
174755.9844
174823.6875
174880.875
174945.3281
174987.5781
175041.375
175130.9844
175212.7344
175268.6875
175318.375
175340.8281
175372.4375
175409.4375
175482.625
175523.0781
175558.9844
175591.1875
175611.2344
175636.8281
175667.375
175705.7813
175732.5781
175776.7344
175853.7813
175882.125
175974.2344
176050.9375
176098.3281
176152.0781
176191.8281
176266.8281
176323.6875
176380.5313
176413.7813
176455.625
176479.7344
176498.5313
176531.9844
176560.0313
176579.6875
176602.3281
176649.3281
176679.4375
176733.4375
176766.7344
176801.5781
176838.3281
176879.5781
176908.9375
176965.1875
177023.875
177094.875
177171.875
177270.2813
177311.9375
177356.0313
177395.9375
177436.6875
177471.375
177511.6875
177539.4844
177567.6875
177585.375
177654.125
177697.2344
177729.7344
177761.4375
177790.4844
177824.125
177871.5781
177932.0313
177958.875
178057.4844
178155.375
178206.9375
178259.6875
178327.4375
178410.1875
178474.6875
178511.7813
178534.0313
178575.4844
178614.9844
178640.125
178701.2344
178713.0313
178776.1875
178806.7813
178843.5313
178900.9844
178957.625
178999.0781
179043.3281
179094.7813
179170.875
179191.0781
179247.0313
179321.0781
179377.125
179380.125
179417.0313
179471.0313
179541.625
179547.0313
179596.7344
179631.5781
179694.0781
179768.9844
179833.7344
179873.8281
179912.4844
179954.2813
179997.4375
180039.6875
180080.375
180098.375
180137.2813
180178.0781
180275.9844
180348.0781
180420.625
180492.5781
180527.2344
180598.6875
180640.875
180693.125
180740.2344
180746.8281
180786.5313
180835.1875
180880.375
180886.4375
180931.375
180954.8281
181018.125
181081.5313
181113.9844
181191.7813
181228.2344
181260.3281
181290.1875
181362.3281
181400.375
181501.0781
181517.6875
181569.875
181608.875
181671.5313
181721.5313
181762.9844
181808.6875
181832.4844
181912.3281
181954.125
182023.9844
182068.3281
182119.7813
182192.4844
182210.125
182258.2344
182323.0313
182357.9375
182381.4844
182440.3281
182483.0781
182533.5781
182568.7344
182620.375
182660.1875
182691.5313
182735.2344
182781.4375
182811.5781
182849.875
182937.1875
183000.2344
183085.8281
183129.0781
183192.875
183229.625
183281.0313
183337.125
183390.7344
183422.6875
183495.4844
183536.2813
183574.125
183629.9844
183669.0781
183751.9375
183771.875
183818.5781
183851.0781
183947.0781
183997.7344
184001.875
184043.9375
184113.4844
184147.375
184209.125
184241.2813
184287.4844
184331.5781
184382.4375
184435.4375
184471.875
184544.125
184596.4375
184651.2813
184686.7344
184723.3281
184780.0781
184838.4375
184884.125
184939.125
185002.7813
185067.9844
185119.125
185122.6875
185166.2813
185244.9844
185257.625
185292.8281
185358.625
185397.875
185433.1875
185488.2813
185520.9844
185569.7813
185579.2344
185640.7813
185667.875
185724.7813
185811.2344
185846.6875
185877.4375
185942.875
185978.0781
186028.7813
186063.625
186117.8281
186180.8281
186250.0781
186317.625
186321.4375
186391.7344
186437.375
186500.3281
186580.6875
186617.125
186650.4844
186717.625
186777.4844
186802.8281
186897.8281
186961.0313
187011.625
187055.625
187081.7344
187108.125
187162.4375
187175.875
187239.4844
187304.4844
187349.7344
187404.5781
187453.5313
187483.4844
187549.9375
187581.7344
187625.6875
187675.0781
187717.5781
187752.9844
187783.7344
187855.2813
187864.7813
187930.6875
187976.9844
188011.2813
188097.7344
188146.7344
188186.125
188257.1875
188300.4844
188303.875
188360.1875
188395.125
188432.2344
188479.9844
188484.6875
188567.9844
188612.125
188652.1875
188698.875
188761.2344
188804.2813
188855.5781
188894.2813
188938.5313
188981.0313
189062.875
189089.125
189142.625
189175.0781
189231.0781
189254.9375
189309.5313
189358.6875
189404.3281
189439.7344
189516.8281
189569.3281
189633.6875
189636.9844
189704.7344
189708.2344
189790.5781
189822.5781
189879.2813
189901.3281
189944.2813
190001.4844
190074.2813
190128.7813
190168.5313
190195.1875
190290.0781
190319.375
190358.0781
190448.3281
190511.1875
190535.375
190583.3281
190649.4375
190682.9844
190715.625
190774.625
190801.9375
190864.5781
190892.4844
190962.9844
191033.0313
191084.375
191134.125
191156.5781
191194.5781
191270.1875
191305.7813
191345.875
191396.1875
191431.8281
191469.3281
191520.125
191582.125
191623.7813
191644.7344
191681.2813
191715.0781
191749.375
191811.0781
191871.9844
191906.1875
191947.2813
191987.9844
192052.4375
192093.6875
192132.4844
192151.5313
192206.5313
192239.4844
192283.6875
192359.6875
192404.5781
192420.4844
192476.9844
192482.6875
192547.125
192584.375
192618.125
192673.0313
192743.875
192762.7344
192819.625
192872.7344
192927.9375
193003.7344
193044.7813
193076.6875
193127.5313
193168.375
193216.375
193255.5313
193279.7813
193325.2344
193368.7344
193444.2344
193509.5313
193563.125
193567.0313
193621.625
193658.5313
193662.9844
193709.9375
193755.0781
193795.1875
193818.0781
193874.8281
193906.2344
193948.125
194011.7344
194077.5781
194123.7344
194152.2344
194175.6875
194212.9375
194260.9375
194293.9844
194325.7813
194370.5781
194392.9844
194442.2813
194502.0781
194547.4375
194582.7813
194608.0313
194687.9375
194722.9844
194769.125
194825.0781
194870.7813
194905.5313
194973.375
194998.9844
195050.7344
195111.9375
195153.375
195190.8281
195248.9375
195279.9375
195355.2344
195383.8281
195437.4844
195489.9844
195502.9375
195540.9375
195590.9375
195606.9375
195633.9844
195691.5313
195755.375
195773.625
195870.375
195897.125
195951.4375
195984.7813
196046.375
196091.1875
196114.2344
196164.7813
196211.6875
196262.5781
196317.5313
196355.8281
196415.9844
196473.0313
196511.625
196558.9375
196611.0781
196661.9375
196688.5781
196726.0781
196766.375
196843.1875
196876.3281
196965.9844
197005.7813
197053.625
197089.625
197136.375
197179.0781
197214.5313
197257.3281
197281.1875
197316.125
197362.875
197366.8281
197420.4375
197468.5313
197513.5781
197557.875
197577.1875
197634.8281
197677.125
197753.3281
197787.375
197818.4375
197913.8281
197939.2813
197983.1875
198002.9375
198048.625
198129.625
198170.5313
198224.5781
198280.6875
198317.125
198366.1875
198372.5781
198418.875
198443.4375
198492.7813
198546.7813
198611.7344
198638.7813
198672.1875
198739.375
198787.2813
198814.0781
198864.5781
198903.625
198960.6875
199019.875
199103.8281
199169.5313
199207.0313
199211.1875
199249.125
199300.5781
199355.9375
199391.5781
199421.4375
199463.2344
199496.6875
199542.0313
199609.5781
199688.2344
199728.0781
199783.375
199825.4844
199893.125
199930.5313
199972.0781
200006.0781
200046.5781
200104.2813
200151.0781
200169.7813
200226.2813
200271.9375
200325.2344
200343.5781
200397.875
200429.0781
200481.5313
200531.3281
200581.9844
200606.125
200665.125
200699.1875
200734.1875
200804.7344
200848.125
200912.2344
200966.3281
200996.7344
201076.0313
201129.9375
201179.125
201219.9375
201274.4375
201324.5313
201372.875
201443.7344
201466.875
201506.0781
201553.5781
201591.6875
201620.0781
201686.9375
201721.1875
201740.2813
201791.0781
201835.1875
201867.4375
201910.5313
201979.6875
202010.875
202068.7813
202127.6875
202183.3281
202214.9844
202250.2813
202275.8281
202310.9375
202372.7813
202406.1875
202446.6875
202482.0781
202485.5313
202542.1875
202608.0781
202650.625
202696.6875
202734.125
202813.625
202843.375
202909.6875
202945.9844
202979.7344
203016.0781
203064.7344
203098.7813
203163.9844
203198.0781
203288.2813
203341.7344
203372.875
203459.7813
203494.5781
203560.7813
203597.625
203652.2813
203739.0781
203808.5313
203839.3281
203889.2813
203929.125
203983.9375
204009.9844
204038.125
204071.4844
204137.875
204166.7344
204206.125
204245.8281
204310.9375
204352.5313
204395.4844
204462.7813
204515.125
204583.6875
204587.875
204632.7813
204678.5781
204724.2813
204779.2344
204809.4844
204868.125
204925.4844
204930.7344
205037.0313
205082.4375
205108.375
205177.9375
205233.4844
205298.6875
205332.0781
205368.0781
205420.9375
205471.625
205537.9844
205579.0781
205646.4375
205692.6875
205733.875
205787.8281
205843.7344
205893.0313
205913.1875
206012.8281
206048.2813
206102.2344
206172.375
206188.9375
206217.0313
206315.9844
206352.2813
206385.2813
206511.9844
206562.4375
206583.0313
206584.1875
206585.9844
206589.7344
206589.9375
206658.0781
206663.6875
206712.4844
206754.7813
206826.7813
206879.2344
206942.8281
206985.4375
207039.0781
207130.125
207224.0313
207303.5781
207334.9375
207379.8281
207435.2344
207480.0313
207609.4375
207674.7813
207677.7344
207752.0781
207813.625
207866.6875
207931.4844
207938.9844
207995.875
208044.8281
208091.4375
208144.2344
208193.7344
208259.7344
208300.0781
208342.6875
208421.2813
208470.3281
208493.2344
208516.0781
208576.7813
208624.375
208709.4844
208758.875
208848.5313
208947.2813
209001.9375
209102.0313
209151.6875
209205.9375
209284.2813
209288.1875
209357.1875
209416.3281
209449.875
209518.2344
209559.8281
209629.2344
209673.9375
209816.5313
209850.4375
209896.3281
209925.5781
209975.4844
210056.7813
210060.5781
210115.125
210222.0781
210266.9375
210318.4375
210360.125
210425.9375
210451.1875
210538.2344
210585.9844
210658.375
210693.875
210749.7344
210817.5313
210820.8281
210894.7344
210899.0313
210956.125
210993.2813
211033.3281
211089.5313
211142.375
211236.875
211362.625
211423.7813
211467.1875
211581.4375
211635.4375
211725.2344
211728.9844
211807.0313
211869.9844
211924.0781
211989.1875
212054.875
212130.0313
212189.125
212219.0781
212273.375
212333.3281
212448.7344
212498.9375
212558.125
212610.6875
212691.2344
212757.3281
212837.9375
212908.625
213045.2344
213072.7344
213118.375
213208.6875
213254.875
213258.5313
213325.2813
213379.125
213432.625
213463.4375
213564.8281
213612.875
213675.3281
213771.2344
213830.9375
213901.1875
213975.5781
214047.9844
214148.2344
214238.0313
214300.2344
214303.875
214368.5313
214430.0781
214483.4375
214598.8281
214647.7813
214732.8281
214807.4844
214812.875
214933.2813
215090.4375
215159.375
215201.1875
215262.9375
215364.5313
215463.3281
215534.7813
215591.2344
215701.5781
215813.125
215907.2813
215993.0313
216076.1875
216144.7813
216197.875
216282.2813
216399.125
216444.4844
216528.625
216646.8281
216743.4375
216748.2344
216858.4375
216986.125
217054.2813
217122.7813
217182.2813
217274.8281
217419.0781
217422.9844
217537.9844
217608.7813
217678.6875
217717.625
217792.9844
217851.4844
217914.0781
217966.5781
218140.9375
218256.375
218310.5313
218365.4844
218494.1875
218579.125
218655.5781
218816.4375
218852.9375
218935.2813
218940.5781
219069.625
219122.5313
219243.4844
219290.6875
219365.125
219448.5781
219523.375
219617.8281
219651.5781
219706.5313
219884.0313
219955.5781
219961.4844
220082.6875
220146.1875
220206.1875
220367.7344
220471.2813
220659.3281
220716.5313
220822.9844
220938.4844
220997.6875
221075.7813
221079.375
221153.5781
221243.2344
221247.1875
221343.0781
221446.2344
221502.375
221549.5781
221618.875
221726.0781
221754.2344
221845.0781
221918.9375
221966.4844
222039.4844
222193.125
222197.8281
222283.2344
222399.3281
222487.0781
222568.2813
222571.8281
222693.4844
222762.8281
222871.875
222938.1875
222992.9844
223098.4844
223231.3281
223308.875
223416.5781
223496.1875
223641.125
223644.3281
223808.875
223878.4375
223934.2813
224002.0313
224125.5313
224212.375
224254.0313
224348.9375
224352.625
224444.6875
224541.625
224592.5313
224704.5781
224713.2813
224791.5781
224872.9375
224876.3281
225036.4844
225116.875
225210.8281
225268.1875
225324.2344
225398.5313
225533.125
225612.7813
225674.4844
225755.1875
225846.0313
225940.875
226042.9844
226079.0313
226167.5313
226171.625
226252.0781
226312.125
226364.2813
226559.125
226702.625
226729.375
226851.0781
226905.5781
226983.875
227033.125
227094.875
227126.6875
227333.4375
227455.875
227530.2344
227662.875
227729.6875
227819.6875
227900.125
227971.3281
228050.875
228096.5781
228230.625
228324.875
228416.125
228443.4844
228525.5313
228616.7344
228751.0781
228879.875
229000.625
229056.4844
229150.9844
229177.2344
229240.4375
229290.1875
229496.0313
229533.7813
229628.9844
229689.7344
229734.1875
229820.2813
229878.6875
229943.4375
229978.125
230053.2344
230078.625
230266.8281
230321.7813
230391.2813
230493.625
230559.0781
230637.8281
230696.0313
230742.0313
230780.9375
230785.0313
230917.2344
231025.2344
231054.375
231109.625
231226.125
231309.5313
231404.2344
231499.0313
231587.3281
231644.0781
231735.875
231816.375
231883.0313
231993.7813
232097.1875
232138.125
232242.0313
232246.125
232406.875
232548.0781
232626.0313
232706.6875
232797.2344
232847.375
232906.7813
233089.7813
233167.2344
233302.125
233386.7813
233427.0313
233535.875
233683.875
233746.4375
233806.375
233856.125
233997.6875
234056.2813
234181.1875
234254.1875
234338.0781
234402.0781
234520.375
234643.625
234749.5781
234810.5781
234886.625
235049.4375
235090.6875
235166.9375
235323.3281
235412.0313
235522.125
235576.9844
235686.5313
235765.7344
235894.375
235898.0313
236038.0781
236129.2813
236309.7344
236313.2344
236405.9844
236491.125
236534.1875
236627.0313
236762.625
236765.3281
236927.1875
237004.8281
237087.875
237236.125
237295.7344
237352.7344
237414.1875
237479.875
237719.7344
237782.9844
237946.375
238093.0313
238174.625
238223.7813
238369.8281
238415.125
238418.5781
238505.9375
238592.875
238691.0313
238785.7813
238879.5313
239050.6875
239126.3281
239180.125
239295.7813
239369.4375
239450.4375
239499.7813
239625.375
239716.875
239796.1875
239908.0313
239991.9844
240053.7813
240128.3281
240241.5781
240366.4375
240434.5781
240505.7813
240592.375
240717.6875
240791.375
240856.7813
240926.625
241016.9844
241094.375
241216.4375
241260.5313
241359.5781
241493.2344
241541.4375
241602.375
241699.625
241803.5781
241971.625
242038.7344
242110.1875
242251.7813
242348.875
242418.2344
242551.4844
242634.0313
242638.0313
242749.875
242857.375
242955.2344
243028.9375
243088.3281
243129.1875
243199.6875
243264.2344
243389.625
243450.2344
243497.6875
243569.0781
243651.625
243836.4844
243913.5313
243999.3281
244077.8281
244142.875
244199.0313
244290.375
244377.5781
244494.6875
244602.6875
244647.5313
244785.7813
244850.0781
244952.4375
245025.1875
245116.0313
245267.5313
245320.0781
245491.3281
245595.4375
245598.5313
245674.0781
245811.375
245925.7813
246084.4844
246122.7813
246233.375
246238.3281
246362.7344
246472.8281
246577.3281
246732.6875
246736.0781
246833.6875
246948.1875
247006.5781
247056.7344
247168.125
247340.3281
247345.9844
247420.6875
247583.125
247745.125
247749.375
247841.375
248017.3281
248086.9844
248140.9375
248377.0781
248549.8281
248553.8281
248623.3281
248732.125
248872.375
248932.125
248998.7344
249104.4844
249187.875
249405.8281
249478.625
249534.7344
249538.375
249606.2344
249728.5313
249940.875
249987.7344
250224.6875
250294.5781
250388.625
250481.3281
250484.6875
250710.625
250792.2344
250862.4375
250924.3281
251019.5313
251167.4375
251227.5781
251296.2344
251364.9844
251459.7813
251545.0313
251666.875
251722.875
251889.625
251992.5781
252102.625
252251.625
252302.4844
252402.875
252471.4375
252550.9375
252643.375
252726.9844
252853.0313
252948.625
253012.3281
253087.9375
253170.5781
253230.4375
253349.0313
253459.0781
253463.125
253608.5781
253670.6875
253830.7813
253893.9375
254039.5781
254175.875
254257.875
254326.9375
254378.4844
254472.5781
254530.1875
254730.7813
254812.2813
254997.375
255082.6875
255221.9844
255320.375
255482.4844
255543.3281
255696.625
255780.0313
255832.2813
255972.7344
256063.0781
256174.7344
256370.375
256452.7344
256577.8281
256632.875
256840.1875
256902.9375
257007.7344
257087.2344
257185.2813
257281.125
257382.0313
257438.1875
257441.8281
257559.7813
257742.5781
257823.9375
257910.2813
258001.7344
258006.125
258087.5313
258249.5781
258333.7813
258401.625
258490.9844
258496.7813
258668.5781
258826.375
258891.9844
258973.8281
259058.9375
259139.125
259268.0313
259334.4375
259442.375
259621.2813
259702.1875
259795.2813
259872.5781
259925.5313
260035.6875
260116.9844
260230.125
260310.3281
260426.375
260534.4844
260580.5313
260710.5313
260832.5313
260836.0313
260960.625
261016.7813
261136.375
261240.375
261282.0781
261388.8281
261506.5313
261551.7344
261714.3281
261796.9375
261843.9844
261900.4844
262047.6875
262106.4375
262259.9375
262332.125
262436.2188
262534.4688
262604.4688
262694.1875
262725.6875
262877.9688
262964.375
263021.5938
263096.3438
263169.2188
263282.9375
263433.9688
263437.875
263607.5313
263675.7188
263751.9375
263755.6875
263864.4375
263988.2813
264083.125
264216.7188
264316.4688
264319.9375
264443.0313
264445.8438
264547.4375
264677.0313
264810.375
264905.7188
264998.6875
265099.1875
265151.7188
265301.0313
265410.7188
265500.8438
265629.5313
265772.0938
265844.625
265956.3438
266059.6875
266114.125
266213.5313
266264.375
266377.1875
266489.7813
266493.7813
266618.625
266741.0938
266807.3438
266908.3438
266976.3438
267072.5938
267138.4688
267271.8438
267274.9375
267450.625
267601.1875
267727.0938
267785.9375
267857.7188
267957.4688
268060.8438
268093.9375
268096.875
268186.0938
268240.125
268344.0313
268516.375
268519.2813
268635.5313
268710.0938
268805.2188
268978.9375
269018.5313
269093.7188
269208.625
269379.3438
269446.8438
269532.0313
269637.9375
269752.8438
269840.9375
269934.7813
269938.7813
270020.4375
270024.1875
270091.875
270167.125
270248.2813
270251.625
270347.7188
270424.7188
270534.2188
270666.2188
270788.0938
270881.0938
270950.875
271068.375
271181.9688
271254.2813
271310.8438
271368.4375
271490.875
271615.1875
271774.125
271865.8438
271919.6875
271997.4375
272099.0938
272213.9688
272260.1875
272347.375
272412.625
272486.0313
272585.4375
272676.9375
272801.0313
272897.0938
273028.4688
273104.5313
273179.2188
273314.375
273317.4688
273579.5313
273699.9375
273782.2813
273848.8438
273949.8438
274086.7188
274218.9375
274305.9375
274309.4688
274509.2188
274561.0938
274564.625
274633.2188
274741.375
274903.5313
275026.7813
275088.0938
275153.0313
275283.2188
275315.7813
275360.8438
275443.125
275571.8438
275743.9375
275935.375
276138.7813
276143.2188
276279.2188
276361.4688
276545.6875
276687.1875
276690.3438
276874.9375
277029.7188
277107.6875
277171.3438
277296.7188
277419.625
277457.625
277717.4688
277722.875
277867.0938
278012.875
278115.5938
278197.5938
278330.4688
278334.4688
278492.8438
278638.1875
278641.1875
278692.8438
278735.7188
278932.7188
279017.7813
279166.125
279235.3438
279246.4688
279410.9375
279454.9375
279509.8438
279608.3438
279794.6875
279797.8438
279933.375
279990.625
280029.4688
280198.1875
280372.2188
280462.8438
280465.6875
280673.875
280681.5938
280782.9688
280876.375
281066.3438
281069.5938
281286.9688
281404.3438
281480.9375
281560.6875
281654.625
281809.8438
281851.2813
281940.875
282071.4688
282188.0313
282286.2813
282352.7813
282472.125
282867.7813
282917.5313
283050.8438
283246.7813
283323.5313
283403.375
283540.4375
283544.0938
283745.3438
283824.6875
283936.8438
284118.8438
284237.0938
284289.4375
284304.0313
284531.5313
284707.6875
284810.1875
284813.0313
284935.4375
285067.5313
285283.4688
285407.625
285547.9375
285550.9375
285642.1875
285718.4375
285869.7188
285873.4375
285977.9375
286139.625
286279.0938
286394.5938
286507.5938
286556.3438
286588.625
286780.5938
286881.9688
286964.125
287042.0938
287276.5313
287347.9688
287465.9375
287470.0938
287549.9375
287654.6875
287766.6875
287865.1875
288020.9688
288024.5938
288137.3438
288238.2188
288335.875
288421.2813
288554.8438
288720.4688
288763.2188
288855.4688
288959.2813
289062.2813
289159.5938
289277.7813
289381.9688
289451.7188
289562.0938
289634.0313
289843.5938
289954.4375
289958.6875
290032.0313
290184.3438
290187.0938
290349.7813
290432.8438
290542.125
290645.7188
290687.2813
290734.4688
290821.4375
290885.375
291005.8438
291096.9688
291190.0313
291284.6875
291289.4688
291416.875
291534.875
291577.0313
291633.0313
291708.8438
291919.7188
291922.5938
292177.125
292202.7813
292282.5313
292394.2813
292454.7813
292622.125
292668.2188
292786.5938
292835.8438
292838.875
293000.1875
293171.1875
293276.625
293374.875
293436.7813
293523.4688
293530.125
293675.1875
293714.0313
293857.7188
294023.8438
294027.2188
294124.9688
294346.0938
294406.6875
294473.7813
294587.9688
294707.4375
294768.5938
294933.0313
294995.875
295092.9688
295138.4375
295308.1875
295383.5938
295461.9375
295503.2188
295577.7813
295642.375
295710.9688
295725.4688
295729.4375
295798.6875
295873.375
295917.2188
296073.7188
296156.7813
296190.8438
296293.625
296428.2188
296503.1875
296577.7188
296673.7813
296779.2188
296825.6875
