40.20999908
43.90999985
177.2599945
182.6100006
1728.660034
1753.51001
1775.060059
1792.109985
1813.209961
1838.109985
1864.359985
1888.959961
1987.26001
2045.359985
2051.560059
2674.110107
2683.659912
2818.959961
2823.610107
2939.51001
2945.360107
3039.409912
3045.060059
3124.459961
3130.76001
3222.610107
3240.610107
3335.909912
3343.76001
3425.409912
3430.909912
3453.060059
3476.959961
3526.459961
3536.310059
3596.01001
3618.560059
3709.360107
3812.76001
3950.110107
4003.060059
4017.159912
4041.110107
4119.109863
4130.959961
4212.959961
4224.160156
4273.160156
4439.959961
4445.160156
4521.910156
4527.160156
4713.959961
4721.459961
4851.209961
4855.560059
4950.009766
4956.609863
5114.759766
5120.359863
5143.560059
5235.509766
5348.410156
5368.910156
5388.609863
5397.410156
5401.810059
5406.859863
5436.209961
5437.959961
5463.560059
5489.209961
5509.209961
5533.310059
5674.660156
5683.359863
5714.660156
5906.310059
5910.810059
5981.160156
5986.709961
6276.609863
6280.060059
6289.509766
6474.560059
6479.259766
6554.810059
6559.609863
6741.609863
6746.859863
6780.009766
6894.310059
6900.009766
7147.209961
7151.709961
7182.560059
7229.560059
7237.759766
7263.459961
7311.259766
7329.209961
7338.560059
7346.910156
7371.359863
7429.709961
7438.560059
7453.709961
7630.759766
7634.959961
7652.209961
7873.160156
7876.859863
7885.160156
7979.109863
7984.209961
8096.560059
8101.560059
8134.359863
8322.05957
8326.110352
8421.80957
8427.55957
8588.259766
8593.05957
8716.660156
8721.80957
9030.410156
9035.910156
9286.009766
9303.709961
9329.360352
9344.459961
9367.410156
9444.759766
9583.110352
9587.259766
10429.20996
10494.41016
10499.11035
10723.16016
10728.20996
11440.00977
11453.86035
11788.70996
11827.86035
11853.75977
11884.50977
11888.41016
11908.95996
11917.11035
11929.16016
11954.95996
12220.55957
12224.41016
12237.61035
12857.25977
12861.00977
13397.95996
13402.11035
13798.61035
13802.80957
13836.75977
13863.70996
14150.61035
14155.00977
14931.36035
14935.20996
14959.05957
15007.16016
15038.41016
15386.41016
15401.16016
15405.55957
15415.36035
15433.30957
15481.70996
15552.61035
15608.41016
18373.35938
18398.56055
18949.41016
18953.06055
19032.41016
19041.35938
19430.00977
19433.81055
19813.06055
19817.71094
21196.75977
21201.00977
21261.31055
21266.66016
21939.31055
21944.71094
21994.31055
21999.06055
22160.75977
22167.31055
22178.10938
22365.46094
22392.81055
22407.85938
22426.66016
22447.66016
22499.25977
22524.75977
22561.66016
22601.85938
23185.41016
23190.75977
25459.41016
25468.75977
26462.75977
26485.35938
26501.75977
26524.96094
26549.41016
26576.41016
26598.10938
26639.25977
26664.06055
26705.00977
26739.75977
27142.10938
27148.50977
27166.10938
27368.66016
27372.71094
27413.00977
27423.71094
27540.91016
27548.21094
27651.46094
27670.85938
27683.00977
27687.41016
27693.10938
27723.81055
27773.06055
27845.16016
27852.10938
27904.25977
27925.31055
28149.85938
28159.71094
28338.50977
28470.46094
28480.35938
28597.75977
28620.46094
28636.96094
28644.56055
28871.56055
28880.96094
29145.00977
29151.35938
29207.25977
29233.85938
30302.91016
30330.50977
30421.66016
30450.35938
30539.85938
30543.56055
30630.56055
30658.66016
30696.21094
30704.10938
30719.66016
30743.71094
30772.60938
30782.16016
30786.56055
30982.41016
30996.66016
31047.75977
31307.71094
31312.35938
31357.06055
31378.60938
31577.31055
31583.81055
31971.10938
31974.71094
32037.35938
32119.75977
32387.91016
32393.10938
32450.10938
32487.31055
32494.16016
34056.71094
34085.10938
34109.41016
34129.51172
34191.30859
34220.51172
35523.46094
35551.35938
35590.01172
35627.96094
35632.01172
35637.66016
35674.96094
35747.46094
35782.66016
35815.55859
35846.05859
35851.85938
35890.10938
37448.96094
37905.05859
37909.05859
37929.80859
37959.46094
38496.05859
38500.16016
38538.05859
38557.91016
38853.46094
38857.85938
39063.60938
39127.76172
39138.01172
39236.91016
39247.41016
39343.80859
39349.01172
39446.51172
39466.01172
39473.91016
39494.85938
39538.01172
39544.96094
39574.76172
39577.85938
39594.35938
39619.55859
39679.96094
39729.01172
39733.26172
39736.60938
39791.30859
39799.85938
39967.01172
39973.05859
40357.46094
40361.51172
40405.35938
40536.60938
40541.96094
40551.21094
40782.21094
40787.66016
40809.51172
40825.26172
41040.30859
41045.80859
41087.05859
41100.16016
41124.35938
41538.16016
41543.60938
41606.85938
41623.16016
41888.21094
41892.05859
41967.66016
41972.30859
41994.60938
42007.96094
42027.46094
42058.66016
42080.71094
42099.80859
42140.21094
42163.30859
42314.51172
42318.26172
42406.66016
42413.60938
42636.30859
42640.16016
42699.60938
43024.21094
43027.71094
43032.66016
43183.91016
43189.26172
43270.35938
43277.76172
43504.46094
43509.01172
43710.35938
43716.21094
43972.71094
43977.41016
44161.85938
44244.55859
44249.66016
44295.41016
44309.21094
44316.46094
44318.85938
44353.05859
44372.41016
44419.80859
44437.26172
44489.21094
45140.76172
45299.10938
45314.85938
45327.35938
45349.51172
45367.96094
45407.46094
45508.60938
45512.60938
45530.16016
45545.41016
46365.16016
46368.96094
46446.91016
46453.80859
46775.10938
46779.71094
46802.85938
46878.30859
46886.10938
46926.30859
46939.66016
47106.46094
47111.41016
47141.51172
47156.46094
47282.76172
47291.46094
47626.80859
47630.80859
47895.35938
47900.05859
47917.96094
47938.51172
48133.01172
48137.21094
48145.10938
48162.21094
48184.80859
48207.60938
48223.80859
48230.30859
48234.76172
48261.01172
48310.35938
48356.35938
48369.51172
48377.51172
48571.76172
48580.46094
48669.35938
48675.35938
48875.85938
48880.80859
48966.66016
48972.41016
49069.66016
49077.35938
49167.35938
49232.80859
49250.01172
49257.16016
49259.76172
49274.66016
49296.21094
49313.10938
49337.26172
49343.05859
49352.80859
49381.96094
49495.80859
49585.71094
49591.91016
49758.10938
49764.21094
49826.76172
49833.55859
50125.21094
50189.91016
50195.21094
50433.26172
50437.71094
50498.60938
50505.16016
50535.96094
50560.80859
50597.55859
50653.10938
50682.30859
50715.01172
51233.05859
51238.01172
51270.05859
51337.16016
51352.05859
51372.30859
51408.60938
52386.30859
52390.35938
52432.30859
52446.05859
54109.85938
54114.30859
54157.96094
54165.60938
54318.60938
54358.55859
54362.71094
54401.21094
54432.01172
54445.91016
54451.91016
54475.51172
54711.30859
54715.66016
54748.66016
54766.96094
54837.60938
54850.35938
55060.91016
55065.76172
55097.35938
55121.60938
55138.35938
55223.35938
55227.66016
55275.46094
55282.76172
55683.91016
55688.60938
55713.51172
55734.91016
55751.51172
55855.66016
55862.01172
56289.80859
56294.30859
56326.71094
56335.10938
56515.85938
56608.51172
56613.46094
56622.71094
56785.71094
56793.05859
56939.21094
56953.46094
56991.85938
57001.51172
57072.91016
57090.35938
57103.96094
57134.91016
57209.96094
57214.66016
57221.76172
57267.01172
57280.35938
57300.16016
57530.01172
57534.55859
58005.35938
58009.60938
58031.26172
58081.30859
58095.60938
58796.21094
58920.41016
58926.05859
58966.71094
58978.51172
58998.96094
59018.60938
59064.10938
59120.41016
59319.10938
59324.41016
59350.80859
59508.05859
59512.26172
59622.26172
59788.10938
59791.85938
59826.96094
59848.51172
59861.51172
59887.46094
59934.51172
60000.91016
60011.66016
60068.30859
60078.21094
60144.76172
60151.60938
60222.05859
60240.16016
60289.46094
60294.80859
60304.55859
60334.55859
60336.85938
60350.71094
60395.66016
60458.46094
60504.30859
60512.96094
60664.71094
60669.96094
60724.01172
60735.85938
60756.91016
60849.05859
60858.21094
60930.35938
60946.51172
61298.41016
61302.80859
61443.91016
61449.30859
61514.55859
61538.35938
61544.55859
61566.26172
61587.16016
61672.91016
61678.10938
61822.35938
61827.80859
62301.80859
62307.35938
62356.26172
62360.41016
62549.60938
62554.30859
62560.85938
62669.85938
62736.96094
62743.01172
62971.91016
62976.16016
63037.55859
63060.26172
63062.01172
63089.35938
63122.10938
63137.46094
63201.46094
63228.55859
63300.71094
63331.30859
63461.46094
63465.80859
63516.51172
63523.51172
63698.01172
63704.01172
63787.26172
63803.46094
63890.80859
63901.16016
64635.85938
64639.60938
64668.85938
64685.46094
64795.01172
64799.91016
64910.55859
64915.96094
65106.66016
65110.51172
65153.10938
65165.76172
65167.55859
65201.71094
65219.01172
65496.91016
65502.66016
66085.0625
66089.10938
66111.3125
66120.21094
66170.5625
66191.96094
66202.85938
66224.85938
66266.50781
66307.5625
66330.0625
66359.10938
66558.60938
66562.71094
66577.21094
66627.25781
66637.15625
66973.10938
66976.85938
67087.10938
67092.65625
67326.50781
67493.10938
67499.60938
68050.0625
68054.65625
68096.85938
68102.40625
68242.8125
68360.3125
68373.8125
68598.71094
68602.75781
68759.50781
68763.8125
68782.46094
68927.65625
68932.85938
69202.75781
69207.10938
69243.96094
69355.96094
69359.46094
69378.3125
69677.60938
69682.46094
69698.0625
69893.50781
69898.35938
69927.00781
69938.35938
70004.25781
70019.40625
70084.00781
70113.40625
70141.00781
70169.65625
70230.10938
70282.00781
70300.96094
70449.8125
70454.75781
70478.96094
70493.35938
70592.25781
70598.5625
70638.85938
70653.85938
70708.96094
70724.60938
70759.8125
70783.35938
70915.15625
70921.71094
71020.40625
71082.10938
71104.8125
71130.90625
71151.21094
71155.40625
71177.00781
71205.40625
71213.3125
71246.15625
71279.10938
71316.60938
71515.8125
71520.0625
71536.15625
71608.40625
71616.46094
71631.8125
71846.71094
71851.90625
71878.35938
71899.35938
72089.25781
72363.75781
72367.96094
72383.40625
72565.46094
72591.0625
72784.25781
72788.10938
72823.15625
72832.10938
72988.96094
72995.40625
73019.60938
73340.8125
73379.15625
73405.96094
73484.65625
73533.85938
73537.71094
73559.65625
73572.46094
73765.50781
73770.35938
73841.21094
73848.00781
74048.10938
74052.40625
74109.90625
74115.90625
74210.3125
74215.15625
74352.00781
74398.71094
74412.10938
74428.75781
74540.71094
74544.60938
74571.85938
74632.90625
74681.3125
74686.96094
74925.85938
74927.00781
74930.00781
74941.8125
75011.40625
75016.35938
75168.10938
75173.0625
75193.25781
75220.00781
75231.85938
75407.35938
75506.8125
75512.85938
75575.5625
75580.8125
75670.35938
75685.35938
75708.0625
75725.5625
75760.3125
75783.65625
75800.35938
75805.00781
75810.96094
75918.0625
75923.40625
75971.90625
75977.35938
76052.46094
76059.96094
76525.21094
76528.90625
76616.96094
76621.96094
76807.21094
76811.3125
76878.60938
77119.90625
77123.85938
77146.8125
77181.8125
77187.40625
77188.75781
77295.71094
77300.75781
77328.96094
77369.25781
77388.35938
77526.0625
77531.50781
77668.40625
77673.50781
77691.21094
77692.35938
77708.71094
77756.21094
77794.15625
77836.35938
77851.0625
77857.5625
77894.85938
78001.25781
78006.60938
78027.15625
78054.3125
78127.75781
78267.50781
78271.5625
78303.46094
78310.10938
78473.25781
78477.21094
78522.00781
78588.8125
78595.25781
78595.35938
78595.60938
78650.90625
78656.85938
78814.5625
79012.3125
79016.5625
79049.21094
79067.50781
79184.3125
79190.10938
79346.71094
79350.8125
79374.00781
79405.71094
79414.40625
79491.40625
79507.96094
79589.71094
79591.21094
79594.3125
79649.46094
79816.15625
79821.35938
79878.5625
79890.3125
79999.5625
80003.40625
80031.46094
80046.21094
80081.71094
80123.46094
80147.15625
80213.60938
80222.35938
80277.15625
80285.25781
80391.71094
80397.35938
80582.60938
80586.40625
80657.21094
80662.35938
80713.35938
80734.8125
80750.35938
80762.90625
80789.75781
80810.60938
80827.15625
80832.65625
80876.85938
80888.0625
80948.40625
80957.21094
81222.71094
81226.8125
81235.71094
81430.75781
81435.0625
81679.25781
81693.35938
81709.75781
81738.25781
81760.21094
81828.96094
81857.46094
81913.10938
81956.5625
82101.25781
82105.5625
82175.90625
82186.21094
82247.3125
82253.00781
82319.5625
82328.25781
82394.50781
82551.71094
82674.35938
82684.21094
82858.0625
82862.0625
82981.21094
82986.0625
83122.71094
83126.96094
83453.71094
83458.8125
83621.3125
83628.21094
84389.25781
84408.35938
84412.8125
84418.0625
84433.21094
84435.71094
84452.8125
84471.96094
84482.8125
84493.5625
84563.25781
84596.85938
84754.71094
84759.5625
84775.35938
85115.00781
85119.5625
85132.75781
85199.10938
85216.40625
85233.75781
85264.8125
85325.90625
85368.71094
85987.21094
85991.21094
86003.65625
87033.0625
87037.85938
87066.0625
87183.96094
87189.35938
87358.10938
87365.40625
88228.46094
88232.75781
88269.5625
88275.8125
88492.25781
88515.65625
88528.85938
88597.21094
88655.35938
88678.96094
89351.40625
89355.25781
89438.21094
89443.65625
89616.85938
89641.15625
89660.5625
89675.35938
89686.85938
89752.40625
89769.50781
89790.96094
89890.5625
89996.60938
90001.50781
90045.25781
90051.65625
90084.8125
90099.40625
90320.60938
90325.75781
91794.50781
91972.71094
91978.40625
92633.15625
92637.40625
92679.8125
93638.40625
93675.25781
93691.96094
93733.60938
93738.15625
93742.96094
93755.90625
93795.90625
93852.5625
93891.5625
93920.71094
95788.10938
95797.46094
95826.75781
95839.8125
96106.21094
96111.96094
96146.25781
96422.50781
96426.71094
96618.65625
96624.46094
97605.40625
97609.3125
97617.35938
97852.25781
97871.10938
97889.50781
97905.40625
97933.90625
97971.40625
98018.65625
98052.75781
98089.65625
98119.96094
98203.5625
98207.60938
98270.21094
98423.5625
98429.5625
99084.5625
99088.21094
99129.50781
99156.46094
99166.15625
99427.65625
99435.25781
99567.21094
99571.75781
99603.40625
99624.71094
99832.25781
99836.46094
99974.65625
100131.5625
100158.5078
100179.0625
100205.0625
100237.6563
100277.2109
100301.8125
100306.1094
100311.0078
100328.0078
100350.9609
100366.9063
100603.1563
100648.3594
101151.4063
101157.8594
101330.8594
101335.5625
101418.8125
101468.6094
101492.4609
101515.8125
101537.4063
101560.6094
101621.4063
101686.6094
101715.7578
101912.1094
101918.4063
102473.5625
102477.9063
102485.8125
102571.7109
102592.5625
102632.6094
102663.5625
102719.8125
102747.4063
102831.3594
102845.3594
102882.7578
102998.4609
103004.0078
103518.6094
103523.2578
104249.6094
104253.6563
105533.5625
105537.7109
105550.8125
105711.3594
105729.5625
105748.3594
105770.3594
105786.4609
105806.8125
105824.7109
105846.7578
105874.9063
106848.3125
106852.1563
106895.2578
106908.4609
107957.7578
107962.1094
108134.4609
108140.5625
108172.8594
108188.7109
108401.0078
108405.5078
108491.0078
108508.6094
108516.1563
108844.9063
108868.9609
108885.3594
108905.7109
108919.8594
108925.3125
108937.6094
108956.8125
108991.0625
109041.5625
109177.3125
109182.4609
109260.4063
109265.2109
109308.2109
109349.7109
109368.0078
110114.1563
110149.1563
110172.3594
110195.3125
110370.2109
110377.1563
110978.6094
110983.3125
111111.4063
111117.6563
111832.3125
111836.6094
112095.3594
112103.5078
113252.6094
113253.7109
113261.5625
113283.5078
113297.3125
113316.4063
113335.3594
113358.3125
113381.5625
113413.1563
113434.4609
113582.8594
113586.4609
113892.2578
113898.9609
113973.5078
113979.2109
113997.3594
114415.3594
114420.4609
115603.1563
115608.1563
115621.4063
115626.4609
115642.1094
115661.2578
115682.5625
115703.5078
115761.4609
115875.9609
115879.6094
116929.3594
116934.0078
116953.6563
116972.0625
116993.8125
116998.2578
117007.6094
117008.4063
117030.9609
117058.2578
117125.2578
117148.1094
117191.2578
117196.1563
117570.1094
117573.5078
117583.0078
118186.3125
118190.7578
118298.9609
118306.1094
118440.2109
118445.3594
118491.2109
118498.7109
118588.0625
118592.4063
118653.8594
118676.7578
118690.2578
118732.6094
118762.4609
118818.0625
118824.8125
118834.7109
118846.5078
118975.5078
118984.5625
118991.5625
119123.2109
119129.7109
119367.9609
119399.4063
119411.1094
119469.0078
119477.2109
119565.7578
119571.3594
119649.6563
119659.0078
119769.7109
119775.3594
119799.4063
119942.9609
119947.9063
119964.2109
119983.4063
120006.9063
120026.5625
120094.5625
120136.5078
120141.8125
120160.4609
120173.9063
120619.2578
120624.6094
120685.7578
120690.5625
120798.3594
120802.9063
120850.9609
121449.3125
121520.6094
121524.6094
121602.5625
121609.1094
121631.0625
121697.2578
121704.0625
122040.5078
122046.9609
122256.0625
122259.8594
122284.9609
122306.2578
122472.2109
122477.3125
122808.2109
122812.7578
123108.9609
123128.5625
123130.2109
123131.9609
123143.1094
123148.7109
123170.8125
123193.3594
123245.5625
123440.9063
123446.4063
123452.9063
123454.0625
123750.2578
123757.0625
123914.9609
124239.1563
124269.3594
124281.5078
124285.6094
124305.2109
124329.9063
124348.3594
124397.0625
124428.4609
124653.4609
124656.9609
124791.5078
124796.5625
124871.7109
124878.9063
124893.9063
125178.9063
125183.5078
125195.4063
125364.3594
125370.5625
125470.8594
125475.8594
125499.2578
125521.5625
125540.1094
125561.4063
125576.3125
125620.0625
125627.1094
125632.3125
125643.5625
125697.7109
126525.0625
126528.3594
126584.6094
126589.8125
127109.5625
127113.2578
127124.1094
127311.3125
127316.0625
127352.9609
127561.9063
127567.5078
127605.4063
127647.3125
127655.8125
127957.4609
127963.1094
127975.3594
128251.4063
128264.9609
128269.1094
128274.7578
128295.5078
128316.1563
128325.3594
128351.0078
128379.9609
128426.6563
128478.2109
128575.1094
128579.4063
128607.4609
128618.8594
128731.4609
128738.6094
128974.0078
128979.9063
129129.4063
129134.5078
129207.3594
129359.4063
129392.1094
129403.9609
129476.3594
129481.1094
129530.4609
129538.6094
129847.7109
129852.1094
129906.1563
129925.4063
129937.1563
130086.8125
130091.5625
130153.8594
130208.9609
130214.8594
130425.8125
130430.0078
130692.6563
130696.7578
130730.0078
130741.0078
130962.3125
130989.7109
131014.4063
131383.7031
131408.0625
131427.9531
131443.2031
131459.0156
131467.4063
131470.6563
131474.2656
131483.8594
131494.9531
131534.6094
131694.1094
131698.3594
131777.3594
131783.4531
131993.4063
131998.0156
132063.1563
132070.8594
132102.0156
132147.2031
132178.3594
132249.2656
132255.4063
132416.9531
132423.0625
132570.4531
132574.4531
132595.7031
132640.3125
132657.3125
132678.8594
132690.6563
132850.6094
132855.6563
132944.6094
132951.8125
132961.4063
133237.2031
133241.4531
133253.3125
133417.2031
133422.0156
133506.6094
133558.9531
133566.6563
133603.7031
133613.6094
133812.7031
133816.8594
133861.6094
133867.2031
134043.8594
134047.5625
134132.0625
134136.0156
134162.4063
134172.7656
134345.4531
134360.5625
134484.8125
134489.6563
134576.8125
134581.8125
134669.2031
134673.9531
134831.2656
134835.7031
134887.6094
134898.8125
135143.4531
135147.3594
135160.5625
135198.1563
135209.6094
135250.0625
135255.9531
135402.2031
135407.5625
135467.1094
135473.6563
135529.8125
135535.0156
135589.8594
135624.3125
135633.6094
135761.9063
135765.8125
135784.3125
135797.7656
135836.6094
135851.0156
135939.4063
136003.0156
136006.8594
136031.3594
136193.3125
136209.9531
136503.8594
136508.6563
136595.5156
136601.6563
136629.6094
136638.0625
136748.1094
136753.0156
136828.1094
136856.8125
136875.8125
136892.4531
136923.4531
136946.5625
136950.9063
136961.8594
136996.2031
137056.5625
137077.1094
137086.1094
137098.9531
137106.1094
137129.9063
137157.7031
137175.9531
137411.1094
137417.6563
137425.8594
137718.2031
137722.8125
137747.9063
137758.0625
137963.5625
137967.8594
138103.2031
138143.0156
138152.9063
138349.8125
138550.0156
138554.3125
138560.4531
138724.4063
138986.3125
138991.1094
139010.3125
139429.5156
139434.0625
139454.9063
139475.0625
139610.2031
139614.2031
139663.7031
139670.7656
139696.2656
139714.7656
139815.2031
139821.2656
139935.1094
139940.0156
140136.1094
140140.8125
140291.3125
140295.7031
140337.8594
140348.4063
140422.2031
140692.8594
140699.3125
140706.1563
140934.0156
140939.0625
141012.2656
141017.6094
141485.7656
141489.7031
141495.6094
141985.7031
141989.9531
142061.8594
142081.5156
142112.5156
142116.4063
142122.7031
142147.7031
142172.4063
142218.0156
142219.8125
142236.3594
142269.4531
142304.4531
142544.7656
142548.5156
142562.6563
142635.8594
142642.6094
142941.6563
142946.1094
142959.6563
143273.9063
143278.2656
143371.3125
143376.7031
143494.0156
143498.5625
143583.4531
143588.8594
143883.7656
143887.9531
143947.0625
143954.2656
144008.2031
144016.4063
144113.8594
144119.0156
144148.8594
144185.2031
144220.2031
144226.7031
144263.4531
144278.2656
144308.1094
144314.3594
144326.9531
144346.5625
144362.4063
144389.4063
144442.6094
144470.8594
144488.2031
144511.1094
144610.7031
144615.4531
144647.4531
144660.9531
144938.4531
144942.5156
145124.8594
145129.6563
145180.0625
145193.2031
145243.4531
145254.5625
145285.9531
145299.3594
145356.8125
145363.5625
145539.3594
145544.2031
145716.0625
145720.3125
145743.0156
146035.0625
146110.0625
146129.4063
146146.3594
146161.7031
146177.3594
146181.9063
146186.3594
146228.8125
146233.5625
146266.2656
146289.5625
146322.8594
146373.7656
146475.9531
146480.0156
146499.6094
146525.9531
146617.1563
146679.4063
146688.0625
146710.5625
146770.3125
146945.5625
146950.8125
146964.9531
147028.5156
147041.8594
147249.4531
147276.8125
147661.4063
147665.8125
147725.5156
147730.3125
147939.6563
147944.0625
148060.0156
148064.4531
148076.4063
148436.1094
148440.8125
148496.9531
148499.3594
148502.0156
148518.9531
148535.3125
148564.5625
148585.1563
148591.6563
148598.3594
148631.2031
148659.1563
148721.4531
148749.0625
148833.6094
148863.9063
148884.4531
148889.7656
148900.9531
149040.2031
149046.9531
149081.1563
149088.9063
149279.7656
149283.8594
149768.4063
149772.4531
149838.2656
149843.3125
150358.5156
150362.2031
150376.6094
150569.5156
150574.3125
150582.6094
150780.7031
150784.8594
150845.4063
150850.3125
150999.8125
151004.9531
151025.3125
151027.6094
151052.2656
151081.6094
151088.1094
151109.9531
151134.3125
151156.4063
151180.9063
151204.6563
151623.4531
151627.4531
151642.0156
151655.5156
151675.3594
151953.8594
151957.7656
152029.3125
152038.2031
152154.7031
152158.8594
152166.4063
152432.8594
152437.0156
152444.7031
152687.6563
152691.6563
152699.5156
152896.7031
152900.8594
152945.6563
152953.4063
153087.1563
153092.0156
153128.9063
153136.6094
153396.9531
153401.9531
153562.6094
153566.7656
153736.1094
153740.3594
153781.7031
153789.3594
154432.6563
154436.4531
154449.9531
154478.6563
154721.1094
154725.2656
154767.0625
155095.9531
155101.3594
155224.7031
155233.0625
155250.6563
155436.5156
155440.3125
155659.4063
155664.4531
155831.5625
155835.9063
155845.9531
156005.5625
156029.0625
156053.5156
156073.4063
156096.8125
156137.1094
156165.1094
156197.2031
156224.8594
156259.9531
156304.0156
156353.3125
156380.0625
156557.2656
156575.5156
156599.4063
156608.3594
158661.0625
158665.4531
158677.9063
158701.5625
158752.0625
158757.2656
158964.1094
158985.2031
159001.3594
159018.2656
159040.1563
159056.1563
159077.1563
159132.7031
159189.1563
159194.3125
159206.5156
159237.6094
159248.2656
159254.3594
159258.7031
159286.8125
159293.2656
159693.5625
159697.8594
159768.7031
159779.4063
159797.2031
159945.6563
159972.0625
159976.3594
160061.7656
160068.0625
160088.5156
160099.7031
160236.9063
160242.8125
160277.3125
160509.2031
160513.1563
160528.2031
160591.1094
160835.4531
160839.7656
160871.3125
160895.1563
161090.4063
161094.5625
161109.3125
161245.0156
161249.1563
161334.0156
161339.4063
161394.9063
161406.4531
161478.5625
161492.5156
161498.2031
161541.9531
161562.1563
161579.0156
161611.6563
161637.9063
161643.4531
161666.7656
161691.7031
161733.3125
161758.1094
161791.1094
161823.6563
161840.8594
162007.6563
162012.2656
162050.8125
162069.0625
162190.6094
162195.0625
162277.2656
162457.1094
162462.3594
162474.1094
162603.5156
162648.0625
162664.5156
162778.8594
162784.2031
162929.8125
162935.6094
163008.6563
163014.7031
163178.0625
163182.4531
163322.5156
163329.4531
163340.7656
163466.5625
163471.7656
163496.8594
163962.3125
163966.0625
163993.0156
164006.3125
164036.1094
164057.2031
164067.2656
164097.3125
164118.2031
164137.6563
164168.3594
164190.9063
164233.1563
164262.0156
164267.5625
164271.9063
164284.4531
164301.7656
164344.9063
164347.0156
164355.1563
164364.7656
164720.8594
164725.2031
164752.6563
164761.2656
164789.1094
164836.9531
164899.6563
164906.9063
164970.3594
164981.0156
165040.6563
165130.4531
165239.3594
165261.5156
165273.5156
165302.4063
165370.1094
165404.5625
165407.2656
165411.9063
165420.2031
165431.4063
165444.0156
165488.4531
165495.3125
165536.6094
165543.5625
165586.7656
165595.1094
165757.8125
165762.0156
165774.7656
165816.2031
165831.5156
165857.2656
165881.1563
165891.9531
166055.2031
166059.7656
166134.7031
166231.9063
166236.9531
166612.5156
166616.5156
166625.5156
166734.3594
166738.6563
166777.1563
166792.1094
166827.0156
166913.3594
167131.6094
167138.1094
167157.4063
167174.0156
167219.6094
167228.0625
167433.8125
167493.0625
167502.5156
167634.5625
167640.1094
167669.3594
167683.4531
167897.0625
167930.8125
167948.8125
167970.5156
167988.5156
168006.7656
168033.3594
168037.8125
168056.7031
168062.4531
168086.0625
168130.7031
168135.7656
168241.7031
168247.0625
168292.2656
168298.2656
168655.1563
168659.0625
168672.9063
168706.2031
168716.8594
168766.6094
168801.9531
168809.2656
169171.8594
169175.8125
169221.4063
169232.5156
169292.7656
169459.4531
169463.1094
169477.4063
169553.9531
169558.6094
169646.6563
169652.3594
169666.7031
170036.3125
170041.8594
170062.8594
170146.6094
170168.1563
170183.7031
170205.7031
170222.8125
170225.8125
170230.0156
170281.2031
170309.5625
170317.6094
170323.5156
170333.3125
170335.7656
170356.1094
170391.8125
170402.0625
170484.9531
170587.0156
170592.8594
171024.6563
171028.8594
171060.5625
171067.7656
171173.5625
171180.3594
171416.7656
171420.6563
171440.7656
171451.3125
171864.6094
171868.6563
171889.2656
172382.3594
172403.4531
172418.6563
172541.2031
172548.0156
172558.1094
172801.1563
172805.6563
172817.5156
172868.4531
172875.3594
173012.0156
173035.0625
173039.7031
173044.5156
173067.2031
173086.3594
173103.8125
173109.6094
173110.9063
173140.7031
173197.2031
173370.5625
173374.4531
173383.6094
173409.1563
173443.5156
173466.2031
173490.2656
173551.0625
173559.3594
173573.8125
173777.8125
173782.3125
173792.1094
173908.4063
173913.5156
173928.3594
174063.3594
174081.5625
174098.1563
174120.0625
174149.2656
174180.6094
174254.2031
174271.2656
174295.6094
174341.1563
174364.2031
174493.4063
174497.5156
174520.7656
174532.1563
174547.6563
175050.1094
175055.0625
175062.1563
175111.0625
175120.0156
175234.9531
175239.8125
175269.8594
175286.0156
175307.3594
175537.6563
175542.3125
175554.2656
175625.4531
175652.4531
175840.6563
175844.5156
175854.8594
175927.7031
175932.9063
176229.6563
176233.4063
176253.2031
176291.3594
176292.6563
176299.5156
176416.5156
176420.9531
176446.5156
176468.1563
176584.6563
176590.4063
176615.7031
176804.9531
176809.5625
176837.5156
176861.8125
176993.9531
177036.8594
177166.2656
177170.6094
177184.3125
177271.9531
177275.6094
177356.5625
177362.1563
177487.5156
177515.7031
177531.1094
177550.7031
177574.6563
177590.4063
177613.3125
177634.2656
177679.9063
177683.8125
177718.0156
177778.6094
177869.2031
178118.9531
178122.3125
178131.2031
178649.8125
178654.1563
178870.6563
178874.5156
179911.0625
179914.8594
179921.7656
179967.5156
179973.4063
180233.4063
180339.0156
180343.1094
180503.4063
180525.6563
180546.7656
180571.6563
180591.9063
180608.7656
180649.9063
180707.6563
181158.2031
181162.1094
181175.6563
181270.4531
181275.3125
181601.1094
181605.4063
181613.5625
181669.9063
181674.7656
181744.2656
181761.8594
181779.4063
181797.6563
181820.9063
181844.2031
181874.8594
181879.6094
181899.5625
181929.5625
181977.3594
182116.1563
182120.5625
182188.6094
182192.7031
182224.9531
182235.2656
182407.4063
182412.2656
182463.9063
182470.0156
182778.8125
182783.1563
182794.6094
182906.7031
182916.6563
182935.2031
183239.8594
183245.3594
183253.2031
183486.8594
183490.9531
183620.1094
183625.0625
183639.0156
184181.2656
184214.0625
184239.4063
184257.8594
184278.1094
184315.5625
184378.8594
184409.7656
184458.4531
184463.1094
184491.0625
184502.8594
185067.5625
185071.7031
185079.1094
186033.5156
186037.1563
186051.6563
186070.6563
186495.1563
186498.6563
186509.2031
186596.3125
186628.4531
186679.5625
186694.3594
186767.0625
186775.1094
186912.8125
186918.0156
186999.0625
187005.1563
187039.9063
187054.2031
187142.8125
187160.9063
187178.9063
187204.3125
187223.5625
187231.2031
187267.9063
187276.6094
187280.6094
187311.7656
187333.8594
187369.9063
187706.5625
187751.8125
187761.0625
187797.3594
187910.4063
187915.7031
187974.1563
187978.4531
188345.9063
188350.3594
188470.2031
188474.6094
188645.4531
188650.1563
188712.4531
188717.6563
188738.3594
188779.6094
188796.9063
188818.7031
188820.5625
188833.8125
188836.7031
188868.7656
188896.6094
188912.0625
188918.5156
188922.7031
188939.5625
189060.8125
189064.7031
189084.7031
189112.3594
189151.5625
189179.0156
189445.6563
189450.8125
189464.2031
189496.3594
189691.3125
189695.0156
189706.6563
189742.3594
189752.8594
189870.1094
189876.0156
189907.1094
189916.8594
190052.1094
190057.4063
190066.3125
190333.1094
190337.3594
190358.7031
190411.8125
190419.2656
190472.9531
190480.3125
190677.7656
190682.8125
190702.4063
190731.0156
190794.1563
190804.2031
190816.0156
190838.6094
190856.5156
191149.5625
191153.4531
191173.3125
191181.3125
191451.4063
191455.5156
191469.8594
191483.2031
191745.5625
191750.5625
191771.0625
191799.9531
192356.1094
192360.1563
192361.5156
192373.8125
192406.2031
192412.8125
192470.9531
192478.0625
192533.2031
192559.8594
192588.7656
192614.4063
192635.5625
192641.9063
192653.4531
192656.9063
192695.8125
192746.8125
192752.8594
192758.0156
192787.4063
192801.9531
192806.0625
192829.8594
192948.7031
192953.1094
192954.4531
193051.4063
193057.4531
193157.2031
193161.9531
193189.3125
193213.9063
193271.1094
193275.7656
193529.9531
193533.9531
193544.7031
193571.1563
193652.7031
193784.9531
193788.9531
193812.5156
193848.4063
193855.4063
194089.0625
194117.0156
194451.7031
194456.1563
194464.0156
194471.4531
194891.3125
194895.8125
194908.0625
194971.0625
194976.2031
195035.8125
195066.9531
195071.8125
195213.1094
195217.5625
195438.2656
195441.8125
195448.9063
195577.1094
195684.8125
195691.6563
195815.6094
195820.8594
195838.1094
195857.7656
196004.7656
196009.2031
196102.1563
196176.1563
196187.1094
196262.6563
196275.2031
196301.7031
196317.5625
196474.6563
196479.2656
196522.8594
196530.3125
196565.4063
196594.9531
196609.2656
196634.1563
196867.9063
196872.7031
197177.2031
197203.2031
197222.0625
197241.3125
197264.2031
197268.5156
197292.3125
197309.6094
197331.2656
197355.0625
197389.9531
197420.2031
197473.1094
197499.8594
197564.0625
197568.3594
197588.0625
197617.7656
197782.9531
197788.4063
197895.2656
197900.2031
197996.3594
198001.4531
198166.8594
198171.8125
198181.2656
198346.2656
198350.5625
198373.7031
198452.3125
198460.7031
198573.6094
198695.5156
198706.8125
198714.2656
198778.8594
198787.4063
198877.5625
198885.6094
198926.4063
198938.6563
199253.9531
199258.8594
199268.4063
199366.2656
199373.2031
199397.6563
199460.4531
199466.0625
199647.8594
199651.9063
199668.8125
199676.6094
199684.8125
199688.6563
199705.4063
199741.6563
199767.8594
200039.1094
200044.3594
200095.3125
200126.7656
200387.8594
200413.4063
200438.9063
200458.3594
200465.4063
200556.5625
200624.3125
200664.6094
200674.1563
200697.6094
200708.1094
200735.3594
200777.7656
201126.8594
201130.7031
201199.0156
201204.6094
201348.9531
201353.2656
201542.9063
201564.9531
201849.5156
201853.6094
201863.3594
201880.8125
202099.6094
202174.7031
202181.0156
202218.3125
202799.4063
202803.8125
202860.6094
202865.9063
202905.1563
202924.6094
203106.4531
203111.4531
203132.9531
203147.8594
203170.3594
203303.2031
203309.4531
203388.1094
203394.2031
203590.4531
203608.8594
203632.9063
203658.1094
203664.0625
203676.9531
203704.0156
203732.2656
203836.0156
203877.5625
203885.4531
203892.4531
203912.5625
203925.4063
203931.5156
203949.9063
203958.2031
204013.1094
204019.7656
204021.3594
204300.8125
204305.3594
204318.8594
204361.0625
204702.7031
204706.8594
204728.0625
204746.8594
205175.5156
205179.4063
205226.9063
205233.9063
205528.6094
205532.7656
205561.5156
205614.1563
206008.6563
206012.8594
206036.2656
206047.8125
206238.4531
206266.5625
206287.8125
206306.0625
206333.8594
206361.3125
206393.7656
206421.7031
206467.2031
206469.6094
206473.1094
206614.9531
206619.8594
206627.9063
207901.1094
207921.9063
207941.7031
207989.6563
208022.4063
208054.2031
208075.0156
208102.9531
208168.3594
209470.1563
209506.2031
209638.0156
209642.8125
209666.7656
209696.8125
209770.7656
209780.5156
209837.6563
209843.9063
210226.6094
210230.7031
210237.9063
210335.9063
210341.5156
210406.6094
210412.0156
210458.5156
210465.2656
210555.1563
210580.4063
210595.5625
210616.5625
210638.5625
210676.3125
210701.3594
210767.6563
210801.2656
210821.5625
210825.7031
210832.5625
210848.0625
210861.3594
211326.5625
211330.2656
211364.7656
211371.7656
211462.2656
212403.6094
212407.8125
212432.3125
212438.0156
212743.0625
212746.9531
212755.1563
214461.1094
214482.7031
214502.3125
214529.4063
214564.2031
214584.3125
214607.9063
214645.7656
214667.0625
214741.4531
214762.1563
214788.5156
216043.4063
216048.5156
216057.8125
216976.6094
216980.7656
217015.2031
217025.7656
217065.5156
217075.0625
217161.2656
217170.2656
217290.6094
217299.5156
217380.7656
217387.4531
217534.5156
217539.2031
217762.6563
217822.5625
217829.2031
217873.9531
217903.5625
217923.1094
217971.0156
217988.7031
218022.0156
218094.3594
218120.6094
218173.5625
218216.2031
218230.7031
218234.7031
218239.8125
218351.3594
218356.5625
218409.0156
218420.4063
218746.1094
218751.3594
218776.9531
218784.3594
218832.0625
218929.6563
218942.6094
219088.8594
219095.1563
219133.2031
219140.2031
219235.7656
219241.7656
219262.6563
219414.9063
219420.6094
219435.7031
219524.1094
219530.4531
219587.7656
219594.2656
219651.2031
219707.1094
219714.8594
219836.4063
219844.3594
219872.9531
219915.1563
220014.7031
220021.6094
220048.6563
220058.9531
220345.6563
220349.2656
220356.7031
220436.3594
220441.0625
220491.8594
220507.5156
220515.9063
220541.7031
220560.3594
220652.1094
220658.6563
220701.1094
220709.8125
220752.3594
220766.7656
220768.1563
220844.6094
220851.9063
220917.4531
220924.8125
220986.9063
221012.5625
221107.6563
221112.7656
221196.3125
221201.4063
221237.8594
221245.9531
221290.1563
221307.3594
221348.5156
221370.3594
221461.5625
221466.6094
221514.3594
221529.8594
221555.1094
221574.3594
221588.3125
221588.9063
221598.9063
221607.9063
221623.1563
221649.1094
221724.5625
221731.0156
221769.8125
221805.9063
221822.1563
221827.1094
221850.8125
221887.6563
221895.5156
221901.7656
221960.2031
221967.0156
222038.5156
222048.6563
222069.0156
222103.5156
222113.8125
222210.3594
222217.1094
222300.9531
222306.1094
222399.7031
222405.8594
222433.9531
222575.3125
222579.6563
222620.4531
222684.9531
222692.5625
222719.4063
222770.6563
222782.1094
222787.2656
222808.6563
222826.0625
222865.0156
222904.3594
222910.7031
222933.9531
222958.6563
222988.9063
222998.1563
223048.7656
223057.4063
223116.9063
223136.2656
223155.9063
223247.9063
223253.2656
223534.8125
223539.5625
223574.9531
223584.5625
223746.1563
223752.2656
223800.4063
223806.1563
223916.8125
223921.2656
224169.4063
224173.2031
224235.0625
224268.1563
224283.1563
224514.2031
224544.6563
224556.6094
224574.8594
224590.5156
224610.2031
224632.2656
224648.6563
224677.9063
224723.3594
224729.9531
224734.0156
224743.1563
224750.6094
224766.0156
224781.5625
224810.8594
225526.5625
225530.7656
225559.6563
225572.2031
225804.8125
225811.0156
225816.6094
226081.5625
226085.4063
226093.8594
226131.7656
226148.3594
226207.4063
226220.8125
226258.5625
226270.4531
226610.3125
226615.9063
226636.9531
226648.4531
226847.3125
226854.6094
227078.8125
227083.2656
227096.5625
227224.6563
227229.3125
227251.9063
227262.7031
227495.1563
227508.6094
227596.3125
227600.6094
227609.7656
227671.6094
227682.7656
227956.6094
227983.7031
228008.0625
228033.4531
228056.4531
228077.2031
228093.0156
228117.1094
228130.1563
228190.2656
228234.6094
228268.3594
228273.0625
228357.4063
228361.0625
228410.8125
228420.0156
228545.6094
228551.1563
228666.0625
228672.8125
229004.1094
229007.7031
229020.2031
229057.0156
229064.3125
229091.1094
229117.4063
229156.9531
229174.6563
229198.7656
229219.3125
229236.0156
229259.4063
229279.6563
229297.7031
229383.0625
229387.1563
229397.9063
229412.7031
229618.1563
229635.4063
229699.5625
229705.3594
229818.6563
229825.3125
229891.6094
229898.2031
230019.7031
230026.4531
230036.0156
230177.6563
230182.1094
230269.5625
230275.5625
230301.2656
230327.0156
230464.7031
230468.9531
230483.0156
230496.7031
230588.9063
230593.5625
230615.8594
230630.1563
230688.3594
230695.7656
230921.3125
231038.1563
231064.7656
231092.9531
231114.7031
231121.3125
231126.7656
231143.6563
231148.8594
231173.3125
231199.8594
231227.2656
231301.9063
231308.2656
231342.6563
231357.9531
231708.0625
231712.4531
231719.0625
232140.4531
232144.2656
232158.2031
232169.7656
232276.5625
232281.0156
232291.8594
232593.0156
232596.6563
232602.3125
232657.4063
232663.4531
232705.7656
232713.0625
232763.7031
232773.0625
232882.2656
232946.1563
232951.3125
233078.3125
233084.2031
233137.1563
233145.6563
233211.0156
233225.4063
233234.9531
233496.4063
233521.4531
233541.2656
233556.2031
233573.9063
233585.6094
233594.6094
233598.2656
233605.4063
233606.7656
233629.4531
233655.5156
233659.2031
233665.4531
233678.9063
233703.8594
233888.6094
233892.7031
233903.2031
234189.4531
234193.3125
234232.5156
234237.8594
234550.2656
234555.0156
234563.1094
234633.7031
234638.3125
234904.7656
234909.5156
234925.8125
234988.0625
234993.8125
235115.1563
235120.2656
235135.6094
235164.8594
235176.5625
235454.8594
235458.7656
235502.8594
235577.7656
235580.4531
235585.1563
235678.7656
235700.9531
235723.7031
235740.7031
235767.9531
235785.1563
235814.2656
235837.0156
235869.1563
237154.1094
237158.8594
237165.9531
237219.9531
237305.1094
237309.4063
237320.5156
237449.1563
237453.7656
237461.9531
237503.0625
237511.5156
237861.6094
237865.0625
237876.8125
237997.4063
238001.3594
238016.0156
238060.4531
238070.4531
238091.4063
238104.1094
238123.3125
238138.4063
238153.0156
238170.1094
238214.0156
238218.2656
238230.4531
238256.8594
238262.4063
238281.8125
238297.8125
238298.8594
238314.5625
238318.6563
238334.8594
238393.4063
238400.5156
238424.0156
238572.1563
238577.5156
238632.1094
238636.5625
239057.8594
239062.7656
239333.7031
239723.3125
239728.7031
239746.0156
239815.9531
239823.8594
239858.5156
239884.9531
239902.7031
239948.7031
239969.4531
240019.3594
240108.5156
240115.0625
240271.6563
240276.8125
240312.1563
240321.7031
240602.4531
240627.8125
240661.9063
240677.4063
240706.4531
240708.6094
240760.6094
240777.6563
240872.2656
240894.6563
240924.3594
241199.1563
241204.7031
241213.1563
241404.2656
241408.4063
241466.9063
241472.9063
241495.1563
241653.6563
241658.2031
241680.4531
241690.1094
241691.5156
241893.9531
241897.9531
241912.1094
241973.3125
241980.6094
242025.8125
242033.4531
242703.0156
243132.9531
243136.8125
243141.9531
243928.6094
243932.2031
243935.4531
243942.1563
243971.7656
243975.8594
243989.9063
243995.6563
244008.8125
244010.9063
244050.6563
244058.0156
244062.5156
244087.2656
244128.4531
244142.3594
244149.7031
244167.0156
244189.5625
244203.2656
244233.4531
244244.4531
244318.0156
244323.0156
244525.2656
244530.6563
244532.0156
244555.9531
244563.6094
244786.6094
244790.7031
244802.5156
244880.3125
244908.8125
244927.4531
244966.9531
244976.8594
245009.6563
245083.6094
245089.9531
245213.1563
245219.4531
245359.3594
245363.8125
245455.6094
245461.4531
245485.6563
245496.8125
245653.6563
245658.9531
245702.3125
245711.4063
245766.9063
245773.7656
245793.3125
246012.5156
246032.6563
246053.1094
246069.8594
246103.7031
246127.6563
246137.4531
246141.2656
246147.7031
246171.6563
246178.3125
246223.3125
246264.3125
246301.2656
246308.5625
246321.6563
246329.6094
246359.0625
246454.3125
246459.4531
246465.9531
246595.2656
246600.5625
246637.2031
246643.4531
246761.3594
246764.8594
246857.5156
246862.2031
247013.2656
247019.4531
247038.5156
247196.9531
247202.3594
247533.6563
247537.5156
247550.8594
247579.4063
247591.5156
247791.2656
247795.6563
247809.7031
247825.5625
248282.8594
248286.7031
248306.3125
248315.6563
248377.2656
248387.7656
248459.7656
248469.1563
248470.8594
248491.4063
248522.7656
248525.3125
248530.6094
248552.3594
248572.2656
248601.6563
248638.7031
248644.2656
248648.3594
248702.0156
248732.2031
248763.0625
248767.7656
248831.7656
248839.5625
248846.6563
249192.9531
249196.9531
249204.0156
249461.7656
249465.9063
249475.8594
249524.6094
249529.8125
249628.4531
249634.3125
249658.4063
249670.4063
249818.1094
249822.2656
249839.4063
250060.8594
250065.1094
250079.0156
250086.6563
250315.5625
250319.5625
250389.2031
250398.2031
250427.0156
250452.4063
250467.3125
250480.9063
250498.9063
250516.2656
250566.6094
250592.8125
250633.0625
250667.1094
250697.3125
250788.5625
250793.3125
250799.2656
250868.3594
250874.0156
251105.0156
251109.8594
251124.9063
251157.4063
251167.0156
251228.1563
251235.0625
251651.1094
251655.3125
251689.8125
251701.4063
251718.0625
251733.8594
251794.6563
251808.2656
251888.5156
251894.9063
252108.8594
252113.0625
252286.7031
252291.7656
252310.7031
252332.4063
252347.8125
252421.2031
252469.7031
252481.6094
252495.0625
252760.7656
252764.7031
252770.7031
252821.1094
252827.8594
252873.3594
252878.9063
252998.0156
253004.8594
253144.6563
253149.2031
253195.8594
253327.8594
253331.6094
253371.4063
253379.7656
253510.9063
253516.0156
253594.8125
253599.5156
253661.4531
253718.1094
253841.4531
253846.7031
253973.1094
253977.2031
254063.5156
254069.3594
254089.0156
254120.1094
254267.8594
254273.1563
254316.1094
254325.3125
254351.4063
254359.3594
254375.4063
254396.2656
254412.0625
254429.2656
254446.6563
254497.7656
254503.6563
254536.6563
254555.7031
254575.1563
254599.1563
254624.4063
254663.7031
254667.6094
254698.1563
254802.4063
254808.1094
254843.1094
254850.2031
254976.7656
254981.0156
255005.7656
255017.4063
255156.8594
255162.2031
255286.1563
255292.2031
255435.9063
255440.8125
255489.1094
255501.6563
255531.4063
255601.0156
255613.0625
255650.4531
255655.5156
255660.1563
255775.7656
255853.5156
255880.9531
256002.1563
256007.5156
256223.8594
256227.5625
256242.5625
256269.9531
256290.3594
256313.9531
256526.2656
256530.8125
256563.6094
256582.7656
256616.9531
256631.8125
256785.8125
256828.5625
256834.6563
256839.7031
256861.4531
256881.4531
256900.6563
256938.6563
257009.6094
257013.7031
257037.6094
257051.7656
257357.1563
257362.1563
257388.3594
257437.9063
257443.5625
257709.6563
257713.3594
257762.3125
257770.5156
257961.0156
257986.9063
258011.2031
258025.9063
258037.5625
258041.9531
258048.4531
258052.0156
258414.5156
258418.6563
258425.0156
258461.0625
258466.7031
258785.2656
258811.1563
258839.0156
258853.1563
258855.0156
258856.7031
258878.6094
258885.6563
258903.8594
259019.3594
259023.1094
259047.3125
259054.9531
259392.2656
259396.7031
259406.3594
259418.8594
259615.7656
259620.1094
259636.0625
259650.3594
259674.6563
259693.0625
259716.2656
259814.2031
259818.5625
259830.7031
260038.8125
260042.7656
260066.2031
260402.5156
260406.3125
260414.9531
260609.8594
260613.7656
260637.5156
261065.6563
261073.6563
261298.3594
261302.2656
261326.2656
261370.6563
261627.9531
261631.9063
261639.8594
261729.2031
261858.8594
261863.4531
261876.6563
261988.6094
262001.7031
262337.875
262342.6563
262399.5
262622.4063
262645.5625
262720.75
262725.7188
262755.4688
262764.6563
262800.4063
262878.875
262897.4063
263004.25
263010.2188
263293.9063
263298.4688
263904.2188
263908.375
263934.3125
263947.7188
263965.625
264282.25
264285.9063
264316.6563
264327.5
264560.8125
264565
265155.7188
265222.375
265228.0625
265451.6563
265488.625
265502.2188
265738.8125
265743.625
266261.0625
266264.75
266891.7188
266895.8125
266915.2188
267037.75
267042.125
267340.25
267344.8125
267357.6563
267514.2188
267520.2188
267730.1563
267734.7188
267761.2188
267789.2188
267896.3125
268308.4063
268313
268565.9063
268570.75
268635.9688
268642.875
268657.625
268677.375
268697
268734
268757.75
268772.875
268788.125
268812.875
268862
268866.3125
268990.75
269105.75
269110.75
269371.3125
269375.2188
269387.7188
269581.1563
269585.4688
269853.4688
269857.625
270029.75
270033.625
270043.5
270176.1563
270181.25
270187.25
270363.875
270368.5
270408.375
270416.9688
270783.5
270812.75
270827.875
270875
270947.5625
270952.0625
270961.4688
271168.6563
271173
271194.3125
271508.875
271514.125
271589.25
271593.1563
271999.875
272003.9063
272406.125
272649.2188
272654.1563
272661.5625
273025.125
273027.7188
273028.9063
273048.0625
273056.9063
273067.75
273097.1563
273131.7188
273206.4063
273234.9063
273239.4688
273311.5
273316.7188
273492.9688
273497.125
273608.25
273612.5
273721
273811.7188
274048.5
274060.1563
274073.4063
274098.1563
274120
274136
274163.5625
274187.0625
274228.0625
274232.7188
274236.4063
274256.375
274276
274566.8125
274571.75
274606.5625
274632.2188
274677.3125
274687.7188
275073.6563
275078.1563
275084.9063
275325.625
275349.625
275366.4063
275405.8125
275456.5
276063.9063
276067.5
276087
276254.3125
276259.7188
276279.7188
276321.75
276332.5
276349.0625
276365.375
276379.75
276399.25
276424.875
276447.9688
277024.6563
277029.625
277038.3125
277510.4688
277530.75
277541.0625
277545.8125
277546.8125
277563.25
277575.625
277590.6563
277610.4688
277760.8125
277765.2188
277786.2188
277805.3125
277846.875
278373.9063
278781.2188
278806.875
278822.6563
278837.875
278850.375
278927.125
279308.0625
279312.4688
279326.3125
279539.5
279545.3125
279730.4063
279768
279791.9688
279806.6563
279845.75
279871.625
280140.5625
280144.4063
280523.6563
280536.125
280541.6563
280552.1563
280568.4063
280571.4688
280587.3125
280606.3125
280642.4063
280666.125
280712.375
280723.9688
280738.2188
280976.6563
280980.6563
280993
281023.8125
281032.625
281213.9063
281219.875
281492.0625
281500.5
281504.3125
281511.3125
281525.125
281530.625
281535.625
281575.0625
281612.375
281736.1563
281744.875
281856.375
281878.125
282042.5
282047.4063
282068.875
282107.75
282283.875
282288.4688
282373.5
282404.9688
282527.8125
282532.8125
282627.5
282634.5
282797.1563
282813.4688
282827.25
282828.1563
282833.8125
282841.8125
282856.9063
282873.8125
282911.1563
282916.8125
282960.9688
282986.9688
283621.5625
283625.25
283661.75
283668.4688
283862.4688
283867.125
283868.4063
283878.75
283885.1563
283915.2188
283962.9688
283981.375
284012.5
284057.8125
284074.1563
284080.1563
284107.875
284162.4063
284327.875
284331.8125
284601.875
284838.75
284843.75
284882.9688
284895.0625
285047.375
285051.875
285372.625
285400.2188
285413.125
285444.3125
285480.8125
285552.875
285619.875
285634.5
285639.6563
285681.75
286126.125
286131.125
286355.4063
286359.4063
286419.3125
286426.5
286735.4688
286826.6563
286842.3125
286858.125
286869.0625
286882.5
286898.1563
286916.125
286936.25
286954.625
286983.5625
287035.125
287069.8125
287074.25
287604.9063
287609.875
287812.9063
287941.0625
288024.25
288039
288058.5
288075.25
288111.875
288155.125
288176.125
288382.25
288386.7188
288397.0625
288583.9688
288588.375
288619.6563
288646.4688
288870.2188
288887
288900.7188
288926.0625
288936.0625
288956.9688
288978.8125
289031.875
289097.4688
289119.3125
289123.375
289125.125
289191.75
289846.2188
289851
289867.0625
290919.0625
290944
290958.7188
290975.4688
290991.3125
291034.875
291068
291087.3125
291091.2188
291100.4688
291105.4688
291120.3125
291122
291149.625
291932.625
291950.25
291975.4063
291988.8125
292046.75
292072.9063
292099.125
292155.375
292858.375
292874.7188
292891.4688
292910.75
292949.8125
292977.6563
293007.9688
293043.7188
293083.25
293684.3125
294352.5
294367.9063
294381.25
294399.4688
294422.875
294439.6563
294457.6563
294459.4063
294538.2188
294544.75
295009.8125
295014.375
295027.0625
295251.1563
295274.7188
295290.2188
295305.9063
295317.875
295335.75
295399.0625
295418.625
295582.375
295587.125
295628.875
295637.5625
296172.3125
296191.625
296505.5625
296509.6563
296657.8125
296664.4688
296770.5625
296776.5
297173.5625
297325.1563
297329.4063
297763.9063
297767.75
297871.9063
297891.1563
297906.375
297927.9063
297955
297960.7188
297974
297997.5625
298050.6563
298105.1563
298169.0625
298181.5
298251.9688
298253.125
298256.9688
298360.9063
298369.875
298517.2188
298522.4688
298829
298832.9063
