123.9605026
754.5604858
819.7105103
1039.310547
1874.560547
1881.360474
1889.210449
1894.710449
1913.760498
1918.260498
1932.860474
1945.460449
1952.510498
2340.210449
2346.210449
3474.811035
4004.710449
5867.060547
5919.710938
5929.660645
5936.310547
5944.11084
5955.210938
6213.810547
6223.910645
6229.060547
6241.760742
6246.710938
7520.060547
7529.160645
7540.660645
7544.710938
7564.810547
7569.760742
7577.960938
7605.010742
7610.560547
7617.060547
8077.060547
8747.610352
8885.760742
9321.060547
9712.560547
9915.710938
10364.16113
10705.66113
10852.01074
10860.36035
10868.51074
10904.96094
10909.51074
10920.46094
11015.71094
11032.56055
11206.21094
11305.21094
11498.31055
11503.96094
11505.51074
11512.71094
11524.26074
11534.86035
11560.11035
11567.96094
11586.41113
11604.91113
11815.61035
11842.66113
11866.86035
12149.56055
12670.96094
12676.01074
12735.56055
12832.26074
12905.01074
13270.51074
13279.86035
13288.91113
13295.71094
13314.01074
13327.51074
13401.61035
13403.41113
13406.16113
13414.66113
14705.36035
15192.96094
15355.26074
15506.11035
16160.11035
16295.91113
16303.51074
16389.91016
17050.16016
19170.66016
19649.06055
19730.66016
20780.46094
20789.31055
20794.61133
20804.46094
20815.71094
20824.91016
20839.16016
20845.41016
20884.91016
20889.96094
20900.81055
20915.36133
20974.46094
20979.56055
20992.46094
21010.11133
21014.61133
21221.66016
21296.86133
21461.25977
21597.66016
21604.56055
21759.56055
21767.96094
22099.71094
22163.00977
22167.96094
22186.31055
22271.00977
22438.75977
22768.71094
22781.91016
22885.46094
23255.56055
23623.25977
23654.41016
23757.36133
23916.16016
23924.11133
23941.00977
23961.46094
24015.31055
24080.75977
24082.41016
24088.16016
24100.41016
24109.50977
24122.61133
24137.96094
24143.75977
24177.46094
24183.00977
24205.46094
24249.31055
24307.71094
24310.75977
24724.16016
24825.06055
24829.91016
24842.16016
24843.21094
24849.21094
24857.11133
24858.61133
24858.81055
24866.11133
24877.56055
25156.61133
25172.61133
25222.36133
25228.11133
25230.11133
25237.41016
25260.41016
25370.86133
25385.25977
25387.11133
25392.66016
25400.56055
25410.25977
25415.75977
25612.25977
25767.06055
26029.00977
26506.00977
26741.46094
26875.81055
27690.11133
27752.46094
27928.46094
28136.06055
28142.36133
28162.31055
28166.66016
28179.36133
28191.75977
28196.75977
28255.91016
28261.66016
28618.16016
28633.36133
28639.96094
28648.75977
28650.81055
28660.96094
28670.21094
28734.41016
28739.50977
28760.00977
28765.66016
28892.41016
28911.61133
28915.86133
28934.41016
28945.36133
28959.11133
28960.86133
28982.00977
28987.16016
29056.46094
29064.06055
29102.46094
29106.86133
29289.46094
29295.96094
29320.06055
29325.41016
29341.96094
29354.21094
29374.00977
29419.06055
29435.25977
29437.25977
29439.71094
29441.11133
29545.25977
29555.81055
29660.06055
29666.31055
29677.46094
29686.16016
29730.06055
29736.31055
29774.50977
29779.31055
30296.46094
30347.00977
30498.75977
30509.50977
30521.50977
30527.11133
30529.21094
30531.21094
30555.50977
30559.75977
30567.50977
30640.06055
30641.96094
30645.00977
30656.61133
30668.36133
30679.11133
30786.50977
31157.71094
31495.61133
31497.86133
31505.96094
31511.66016
31520.86133
31531.11133
31538.46094
31554.46094
31561.25977
31584.75977
31591.96094
31918.11133
31959.81055
32291.25977
32512.61133
32634.25977
32636.06055
32640.46094
32650.71094
32659.16016
32666.46094
32671.11133
32677.61133
33090.01172
34249.51172
34430.41016
34981.41016
35035.71094
35379.0625
35387.8125
35393.66016
35416.46094
35421.91016
35429.71094
35469.3125
35471.01172
35474.46094
35500.60938
35506.01172
36423.76172
36431.76172
36439.85938
36447.16016
36473.51172
36478.5625
36488.01172
36501.16016
36528.3125
36556.46094
36560.60938
36568.51172
36591.46094
36605.60938
38268.96094
38937.21094
38958.85938
39246.51172
39255.41016
39262.16016
39271.76172
39316.8125
39322.91016
39335.91016
39349.35938
39364.60938
39394.21094
39407.16016
39408.66016
39414.41016
39670.01172
40557.26172
41178.60938
41906.3125
42252.16016
42522.51172
43294.26172
44363.26172
44453.16016
44464.76172
44471.35938
44482.8125
44517.8125
44521.8125
44537.46094
44557.46094
44564.46094
45447.96094
47259.8125
47272.91016
47278.26172
47284.16016
47830.91016
48424.3125
48432.41016
48437.51172
48457.01172
48461.96094
48491.10938
48495.0625
48554.26172
48561.21094
48599.46094
48604.71094
48613.10938
50044.01172
50046.0625
50049.26172
50061.41016
50066.41016
50084.96094
50089.66016
50157.16016
50160.8125
50181.0625
50195.3125
50203.60938
51015.35938
51020.8125
51034.85938
51040.3125
51054.96094
51066.35938
51073.0625
51171.71094
51176.51172
51226.26172
51228.01172
51231.10938
52161.91016
52172.0625
52177.0625
52201.35938
52207.41016
53142.76172
53158.3125
53163.26172
53178.76172
53185.60938
53215.96094
53221.66016
53313.21094
54087.8125
54096.85938
54103.96094
54105.26172
54124.51172
54129.21094
54139.91016
54149.91016
54152.0625
54169.35938
54182.51172
54188.26172
54247.41016
54259.60938
54265.5625
54269.16016
54286.66016
54310.26172
54314.41016
54616.85938
54758.76172
54767.76172
54773.21094
54788.46094
54793.8125
54818.0625
54828.91016
54850.26172
54859.46094
55080.46094
55732.3125
56795.85938
56802.5625
56810.01172
56815.21094
56828.01172
56829.71094
56836.10938
56848.0625
56859.85938
56861.85938
56894.41016
56899.26172
56906.41016
56912.10938
56923.76172
56931.8125
57006.41016
57024.91016
57207.10938
57645.96094
57973.8125
57975.60938
57982.41016
57993.01172
58000.41016
58012.35938
58021.35938
58039.51172
58041.46094
58046.51172
58450.71094
58683.46094
58690.01172
58702.35938
58710.85938
58719.41016
58727.96094
59166.10938
59173.71094
59182.5625
59195.91016
59205.96094
59222.3125
59242.16016
59248.76172
59989.85938
60230.85938
60239.10938
60262.66016
60279.16016
60335.51172
60339.66016
60349.51172
60354.71094
60365.3125
60374.21094
60430.8125
60434.91016
60438.51172
60443.60938
60665.51172
60840.66016
61110.5625
61117.35938
61125.5625
61127.3125
61136.01172
61145.10938
61155.60938
61202.8125
61208.01172
61256.3125
61261.0625
62146.10938
62148.0625
62155.66016
62161.10938
62184.66016
62186.41016
62188.76172
62204.21094
62229.96094
62249.60938
62256.16016
62258.26172
62315.26172
62348.41016
62353.16016
62361.85938
62383.60938
62389.0625
62668.96094
62691.46094
62696.16016
62705.46094
62711.91016
62726.91016
62733.76172
62885.51172
62950.3125
62960.66016
63015.5625
63022.96094
63033.96094
63043.41016
63055.76172
63069.01172
63096.71094
63102.85938
63126.35938
63242.85938
63245.35938
63429.5625
63667.51172
63676.35938
63681.51172
63699.01172
63704.85938
63732.5625
63737.3125
63873.96094
63971.8125
64018.21094
64024.85938
64033.01172
64034.8125
64039.8125
64114.8125
64119.71094
64130.41016
64147.35938
64178.3125
64183.0625
64187.10938
64192.76172
64543.51172
64816.21094
64964.21094
65186.26172
65197.0625
65205.91016
65217.10938
65221.21094
65228.3125
65237.46094
65239.35938
65397.35938
65578.0625
65619.60938
65726.00781
65761.25781
65921.21094
65922.85938
65929.66406
65939.35938
65952.50781
65954.3125
65957.10938
65969.5625
65978.0625
66197.00781
66204.3125
66214.16406
66228.21094
66229.96094
66235.3125
66244.5625
66300.46094
66306.10938
66317.3125
66788.85938
66794.41406
66922.50781
67140.3125
67153.21094
67166.96094
67173.46094
67182.60938
67189.50781
67191.66406
67200.85938
67213.46094
67236.35938
67247.60938
67275.46094
67280.00781
68258.25781
68276.85938
68287.21094
68291.71094
68313.35938
68315.00781
68318.50781
68361.8125
68367.25781
68396.16406
68401.96094
68995.0625
69021.50781
69029.5625
69039.96094
69041.85938
69046.41406
69048.50781
69068.35938
69073.66406
69084.5625
69100.75781
69109.5625
69128.60938
69244.35938
69690.5625
69696.60938
69701.75781
69713.21094
69735.71094
69748.66406
69758.35938
69822.85938
70045.10938
70230.00781
70241.0625
70247.71094
70266.60938
70271.21094
70290.41406
70295.21094
70716.00781
70890.0625
70914.71094
70920.66406
70934.60938
70940.96094
70951.25781
70959.21094
71113.66406
71118.10938
71128.50781
71141.91406
71151.25781
71201.50781
71322.35938
72265.16406
72267.60938
72273.66406
72280.3125
72310.50781
72317.3125
72319.60938
72328.0625
72368.0625
72370.35938
72384.50781
72394.66406
72934.16406
73266.0625
73707.41406
73709.41406
73716.25781
73725.0625
73738.0625
73742.8125
74426.3125
74509.60938
74522.3125
74531.10938
74538.41406
74552.0625
74553.60938
74558.41406
74568.0625
74588.71094
74590.71094
74594.66406
74602.66406
74616.10938
74627.85938
74889.25781
75711.96094
75713.96094
75723.3125
75731.75781
75733.50781
75738.71094
75758.25781
75762.91406
75794.75781
75800.16406
75816.85938
75837.50781
75848.91406
76192.66406
76728.50781
79818.66406
80048.16406
80053.96094
80065.91406
80067.50781
80074.10938
80086.3125
80124.25781
80134.35938
80148.00781
80168.66406
80181.50781
80194.41406
80211.71094
80336.16406
80579.41406
80773.75781
80919.66406
80925.35938
80934.60938
80945.85938
80951.71094
80957.91406
81037.71094
81043.0625
81051.35938
81063.66406
82685.8125
82704.0625
82709.85938
82719.75781
82721.25781
82732.71094
82739.21094
82753.96094
82763.10938
82793.91406
82800.96094
82849.91406
82856.0625
82861.50781
83939.0625
83956.35938
83966.0625
83973.91406
83983.35938
83996.96094
84010.25781
84075.91406
84080.0625
84091.21094
84111.60938
84119.10938
84481.75781
84488.46094
84494.91406
84504.66406
84515.10938
84558.00781
84571.75781
84579.35938
84828.5625
84843.0625
84885.21094
84950.85938
85024.60938
85032.5625
85041.41406
85042.96094
85051.60938
85064.91406
85067.10938
85075.71094
85089.75781
85095.66406
85201.60938
85208.46094
85344.50781
86213.75781
86226.3125
86232.5625
86244.46094
86250.75781
86284.8125
86291.21094
86304.16406
86324.50781
86352.16406
87192.75781
87290.60938
87297.8125
87305.60938
87314.16406
87321.91406
87325.85938
87349.85938
87357.85938
87462.5625
87933.25781
87939.85938
87951.21094
87957.71094
87959.0625
87966.00781
87990.5625
87998.35938
88014.0625
88029.0625
88543.8125
88549.91406
88555.41406
88559.21094
88657.91406
88664.35938
88669.8125
88691.85938
88696.96094
88736.10938
88741.71094
88753.25781
89788.8125
89889.75781
89898.8125
89982.3125
90214.41406
90319.3125
90322.21094
90343.35938
91010.0625
91549.71094
91580.3125
92775.85938
92933.60938
93291.00781
93298.96094
93305.21094
93315.66406
93323.46094
93335.21094
93343.00781
93355.41406
93361.0625
93362.75781
93399.46094
93408.16406
93443.25781
93450.25781
93477.35938
93490.21094
93504.00781
93532.66406
93537.41406
93538.85938
93578.0625
93584.66406
93641.35938
93655.35938
93684.5625
93856.71094
93893.3125
93900.5625
93906.85938
93928.16406
93934.85938
94246.96094
94256.21094
94262.10938
94270.16406
94286.71094
94300.10938
94310.60938
94345.0625
94350.50781
94429.50781
94434.16406
94459.50781
94466.91406
94500.16406
94513.16406
94533.5625
94628.91406
94673.41406
94739.71094
94741.91406
94745.91406
94759.75781
94783.75781
94801.60938
94833.50781
94839.60938
94859.0625
94874.5625
94911.16406
94920.5625
95148.75781
95155.66406
95181.5625
95186.35938
95202.75781
95227.21094
95230.10938
95245.46094
95252.60938
95336.25781
95369.35938
95374.8125
95383.0625
95401.46094
95407.8125
95547.41406
95788.3125
95796.8125
95799.00781
95809.0625
95820.21094
95833.3125
95846.16406
95935.00781
96014.25781
96270.5625
96283.21094
96297.75781
96308.0625
96406.5625
96411.46094
96417.46094
96441.3125
96443.66406
96448.3125
96470.96094
96478.0625
96611.3125
96684.66406
97040.41406
97049.00781
97056.50781
97067.8125
97076.85938
97096.25781
97103.00781
97125.46094
97141.16406
97151.75781
97170.25781
97172.8125
97190.66406
97216.10938
97225.00781
97234.3125
97660.85938
97669.71094
97678.00781
97690.25781
97700.5625
97719.35938
98801.50781
98946.66406
98955.46094
98966.46094
98967.8125
98978.10938
99023.85938
99029.3125
99031.85938
99038.0625
99054.75781
99066.41406
99845.35938
100077.0078
100078.9609
100087.7578
100094.7578
100106.8125
100114.5078
100826.2109
102933.6641
102943.4141
102950.2109
102964.2578
102971.5078
102988.8125
102990.3594
102993.7109
103056.7109
103123.3125
103125.0625
103127.7109
104215.6094
105733.2578
105744.8125
105750.2109
105760.9141
105770.7109
105780.0078
105799.6094
105801.4141
105805.7578
105878.7578
105883.3125
105891.9141
105909.9609
105916.4141
105945.4141
105952.5625
106349.5078
106791.9609
106855.6641
107147.2578
107229.7578
107235.7578
107244.7578
107254.1094
107263.0078
107265.2109
107275.3594
107277.2578
107297.4141
107304.8125
107325.8594
107340.4141
107355.7578
107508.9141
107553.4141
107773.6641
107873.1094
108274.4609
108281.0625
108287.6094
108293.5078
108306.4609
108319.2109
108326.7578
108523.2578
108706.8594
108862.4609
108927.5625
108934.5078
108941.8125
108949.9609
108959.3594
108989.9141
108999.9141
109019.6094
109024.8594
109037.7578
109286.0078
109586.8594
109838.2109
110916.0078
110939.8594
110952.8125
110961.6094
110963.2109
111026.8125
111028.8125
111034.7578
111037.3594
111040.9141
111051.1641
111054.4609
111065.1641
111084.8125
111091.8594
111369.2578
111820.8594
111858.3594
111860.0078
111865.3594
111875.8125
111881.5625
111896.0625
111901.4609
111949.5078
111970.5078
112027.9609
112032.1641
112043.4609
112056.0625
112058.5078
112124.5625
112633.7109
112768.3594
112846.0625
112860.2109
112866.8125
112875.1641
112885.9141
112904.2578
112909.2578
113080.1094
113713.3125
113719.1641
113748.4141
113754.9141
113756.8125
113763.4141
113776.6641
113782.8125
113792.8594
113808.0078
113819.8125
113839.3125
113846.9141
113855.2109
113862.0625
113880.8594
113884.0078
113889.9609
114061.7109
114219.7578
114752.3594
114759.3125
114766.6094
114781.3125
114785.9141
115026.1094
115520.7109
115526.1641
115536.9141
115545.0078
115580.2578
115584.3594
115617.6641
115623.9141
115630.5625
116119.6094
116132.5625
116176.6641
117106.9141
117115.2109
117774.3594
117783.0625
117791.7578
117800.3594
117806.9141
117819.5078
117840.2578
117876.4609
117882.3594
117891.2578
117954.1641
117960.0078
117968.8594
118781.6094
118841.9609
118853.3125
118860.6094
118869.0625
118876.4609
118892.8125
118899.3594
118987.3125
118991.5625
119001.7109
119022.0625
119029.6641
119504.1641
119786.2578
119794.3125
119799.8125
119812.6094
119821.7578
119828.9141
119839.2578
119858.0625
119866.6094
119987.5625
119991.7578
120010.2109
120041.8594
120048.2109
120845.6094
120852.9141
120860.4141
120880.2578
120881.8125
120886.7109
120899.2109
120917.8125
121655.9609
121665.2578
121673.0078
121681.3594
121690.6641
121724.2578
121729.5078
123020.1094
123021.8125
123028.6641
123037.9609
123047.9609
123066.1641
123080.3594
123093.2109
123112.5625
123119.7578
124901.3594
125026.5625
125478.9141
125490.3594
125499.0625
125511.9609
125518.4141
125529.8594
125539.9141
125552.8125
125589.9141
125594.6641
125610.5625
125612.4609
125620.8594
125645.2578
125688.5625
125696.0078
125715.3594
126188.1094
126196.9609
126205.0625
126212.7578
126225.1094
126247.3125
126253.4141
126279.7578
126289.9609
126297.2109
126738.6094
126745.0078
126758.7578
126764.7109
126778.1641
126785.0078
126787.2578
127391.3125
127400.0078
127406.2109
127425.6094
127430.7578
127445.0625
127451.4609
127489.3125
127495.8594
127529.3594
127543.2109
127572.9141
127586.8125
127597.3594
127631.6094
127644.1094
127717.0078
127718.3125
127724.0625
127750.3594
127775.0625
128287.5078
128308.7109
128310.4141
128316.7578
128325.6094
128332.4141
128375.4141
128386.5625
128397.3594
131254.3125
133803.6563
133811.8594
133820.0625
133826.4063
133838.2656
134788.2656
135584.6094
136515.3125
136521.5625
137522.4531
137525.4531
137695.3594
137700.3594
137707.6094
137720.8594
137730.8594
137746.7656
137749.5625
137755.9531
137761.2656
137901.7031
137936.6563
137945.3125
137975.4531
138245.2031
138360.3594
138369.9063
138659.5625
138662.4063
139494.5625
139603.8125
139605.9063
139611.1563
139612.9063
139620.2031
139627.5625
139634.1094
139668.5625
139673.4063
139684.0156
139697.3125
139699.1094
139700.5156
139863.9063
139872.2031
139874.2031
139876.8594
139881.8125
139895.2031
139909.0625
139910.3594
139929.9063
139940.3125
140033.6563
140052.4063
140651.0625
142010.3594
142023.3125
142029.0625
142039.1094
142045.2031
142558.0156
142564.9531
142570.8125
142580.7656
142592.6094
142601.8594
142615.3594
142625.6094
142648.2031
142680.4063
142687.4063
142762.0156
142768.5625
142778.5625
143016.3125
143024.7656
143030.4063
143049.8125
143051.9063
143055.2656
143067.4063
143089.3594
143098.3594
143117.1094
144356.9063
144369.9063
144377.1094
144387.5156
144395.9531
144417.8125
144425.0156
144446.4063
144454.0156
144465.9531
144481.0156
144528.6094
144538.8125
144552.6563
144669.2656
144724.9531
144750.0625
144757.3594
144762.8125
144772.9063
144780.7656
144796.2031
144879.0156
144885.2656
144895.1094
144901.7031
144928.0625
144981.7031
145205.8594
145213.6563
145216.0156
145222.0625
145232.8594
145247.9531
145294.4063
145302.1094
145320.0156
145472.1094
145594.6094
145601.9063
145613.8125
145620.7656
145633.8125
145643.1094
145666.1563
145693.6563
145739.3594
145747.0625
145783.1563
145902.0625
145905.0156
145962.9531
146069.2656
146333.8125
146710.6094
146712.5156
146719.4063
146728.1094
146737.7031
146739.5625
146741.9531
146751.7031
146764.4531
146784.1563
146790.2656
146845.6563
146985.0625
147581.8594
147641.2031
147652.1563
147659.3594
147664.8125
147677.2031
147688.2031
147697.1094
147749.4531
147753.7656
147779.9531
147785.3125
147793.1563
147797.0156
147813.2031
147815.3125
147815.6094
147821.5625
147823.7656
147870.0156
147937.7656
147943.4063
147958.3594
148167.6094
148289.5156
148425.9063
148871.3125
148921.6563
148931.8594
148933.4063
148938.8125
148952.2656
148963.7031
148980.3594
148982.0156
148988.2656
149567.8125
149744.4063
149861.8594
150072.9531
150081.3594
150092.6563
150099.2031
150111.1094
150127.1563
150134.8125
150167.1563
151839.1094
152366.1563
152376.2656
152382.6563
152405.2656
152410.0156
152425.5156
152436.0625
152438.1563
152451.1563
152462.0156
152536.6563
152597.2031
152779.0625
152851.9531
153354.9063
153523.8125
154214.5625
154350.2031
154359.2031
154370.1563
154382.5625
154385.7031
154390.9063
154410.7656
154415.4063
154447.6094
154452.3125
154459.5156
154494.6094
154502.2031
154616.1563
154739.7031
154745.3594
154753.2031
154761.6563
155087.2656
155206.9063
155225.8125
155227.4063
155232.1563
155237.6094
155255.7031
155265.4063
155267.2031
155279.5156
155281.0625
155295.5625
155301.0156
155351.0625
155355.6094
156092.4063
156243.7656
156252.3594
156260.3125
156265.0156
156279.8594
156290.6563
156312.9063
156322.3594
157085.4063
157421.3594
157422.7656
157428.7656
157435.3594
157443.6094
157458.0625
157467.2656
157483.1563
157505.9531
157512.7031
157547.9063
157554.0625
157572.6094
157851.7031
157853.2031
157861.7656
157873.9531
157879.8125
157881.9063
157889.9531
157991.3594
157995.6563
158006.5156
158015.0156
158037.6094
158055.0625
158075.6094
158095.6563
158108.7656
158281.9063
158285.4063
158324.2656
158330.7031
158340.8594
158359.2656
158365.9063
158406.2656
158419.9531
158424.5156
158454.5625
158475.7656
158481.7656
158660.9531
158665.8594
158670.8594
158692.8125
158698.8594
158706.4531
158708.8125
158711.6094
158717.6094
158750.0156
158895.9063
158901.7031
158913.5625
158915.6094
158918.8594
158930.5156
158936.0625
159037.2656
159042.9531
159052.3125
159080.3594
159082.4063
159096.0156
159115.4063
159135.9531
159494.3594
159496.0156
159503.4531
159516.1563
159527.8125
159642.9531
159648.1563
159677.4063
159682.3125
159695.8594
159706.3125
159739.3125
159800.4531
159810.8125
159829.2656
159851.3594
160004.2656
160015.2656
160466.3594
160477.5625
160487.7031
160495.2031
160506.7031
160516.7656
160546.8594
160554.4063
160559.4531
160572.1094
160710.8125
160862.5625
160868.3594
160882.0625
160888.7031
160912.9063
160931.9063
160945.9531
160966.6563
161236.9531
161246.8594
161260.4531
161273.8125
161285.7656
161411.3125
161416.3594
161461.8594
161948.5625
161956.2031
162153.0156
162405.9531
162583.4063
162739.9531
163064.4531
164170.5156
164407.8125
165608.8594
165750.9063
166851.0625
166858.7031
166885.0625
166891.4531
166899.1563
166951.2031
166953.1094
166957.2031
166997.5625
167204.9531
167209.9531
167227.8594
167233.3125
167253.6563
167265.9063
168701.2031
168702.8125
168711.0625
168718.1563
168730.9531
168742.6563
168754.8125
168776.7031
168812.5156
168820.3125
168853.3594
168871.7656
168885.5156
168894.3594
168901.0156
168909.5156
168924.9063
168973.9531
168988.4531
169788.0156
170051.1563
170059.7031
170065.3125
170075.2031
170083.2656
170109.4531
170939.0156
171045.2031
171638.1563
175087.2031
175307.4063
175308.9531
175311.9531
175324.2031
175331.3594
175344.2031
175356.9063
175372.7031
175387.4531
175427.9531
175433.6563
175455.6094
175462.6094
175471.6094
175486.2656
175552.2656
176303.4531
176316.1094
176483.2656
177416.8125
177422.6563
177434.6094
177441.4063
177459.8125
177471.9531
177493.3594
177500.6094
177523.9063
179355.1563
179762.8594
180503.6563
180512.9063
180514.5156
180518.9063
180530.2031
180542.5156
180548.2656
180698.6563
180703.6563
180710.4531
180740.2656
180746.7031
180761.4063
180772.2656
180792.4063
180816.7031
180829.1094
181415.9063
181421.6563
181433.4063
181439.7031
181454.9063
181478.9063
181580.3125
181586.1094
181596.0625
181608.4063
182137.2656
182146.3125
182153.4531
182162.2656
182163.9531
182179.2031
182209.9531
182215.4531
183693.1094
184384.3594
184403.2656
184859.0625
184908.7031
184920.8594
188254.4531
188258.4063
188269.2031
188278.1563
188287.4531
188334.5625
188339.4063
189139.8594
189146.6094
189151.8125
189164.3594
189170.2031
189185.8594
189187.7656
189193.5156
189366.0156
189522.7031
189530.3125
189539.1094
189546.2031
189556.4063
189568.9063
189582.8125
189653.1563
189657.9531
189673.4063
189679.0156
189851.6563
189857.8125
190718.5625
190842.4063
190848.7031
190855.2656
190866.2656
191212.3125
191224.5156
191413.2031
191421.0156
191430.6094
191438.0156
191450.3594
191478.0156
191484.8594
191499.6563
191531.1563
191721.7656
191726.4063
191886.7031
191935.3594
192145.0156
192275.2031
192281.1563
192291.8594
192300.1563
192352.1563
192356.6094
192382.4531
192399.5156
192404.5156
192435.2031
192436.9063
192441.0156
192632.9063
192979.7031
192988.3594
192995.2031
193004.4063
193006.1563
193065.9531
193071.5156
193080.7031
193092.3594
193200.5625
193236.0625
193241.2656
193258.8125
193264.6094
193278.5156
193370.6094
193468.8125
193473.1563
193480.1563
193506.3125
194022.4063
194026.9531
194036.5625
194037.0625
194044.7031
194050.0156
194058.7656
194060.6563
194073.2656
194103.5156
194109.8594
194125.8594
194156.8125
194198.9531
194207.3594
194472.7031
194476.9531
194485.8594
194495.2656
194503.2031
194558.2656
194564.4531
194604.3594
194610.2031
194635.3125
195002.1563
195236.0156
195241.1094
195254.0625
195261.2656
195721.5625
195734.2031
195751.9531
195762.5625
195772.0156
195788.0156
195802.0625
195827.3594
195860.7656
195874.0156
195943.1563
195948.4531
196366.4531
196373.0625
196380.5625
196389.0625
196417.4063
196689.3594
196694.1563
196713.2656
196737.2031
196752.5156
196827.9531
196921.4531
196927.5156
196934.9063
196974.5625
197787.5625
197794.5156
197813.9063
197850.3125
197871.1563
198421.4531
198652.8125
198748.4063
198750.2031
198757.8125
198763.3594
198776.9063
198818.5156
198820.5625
198822.6094
198852.8125
198854.4063
198858.4531
198914.0156
198920.4063
198967.5625
199013.2656
199098.6094
199171.9531
199905.8125
199913.5625
199940.5156
199944.3594
199959.2031
200686.6094
200693.1563
200698.6563
200707.0625
200721.7031
200728.2656
200770.5156
200781.6094
200787.3594
200866.4531
201114.3125
201119.1094
201200.7031
201205.0625
201242.0156
201305.5156
202006.1563
202013.9063
202020.5156
202028.9063
202038.2656
202053.9063
202067.0156
202226.7656
202231.7656
202250.7656
202258.8125
202337.6094
202365.9531
202934.5156
202977.9063
203041.7656
203049.1094
203057.7656
203152.1094
203176.8125
206138.3125
206142.2656
206157.1094
206163.0156
206185.8125
206389.4531
206393.8125
206407.0625
206414.6563
206589.6563
206591.9531
208483.2031
208501.2031
209404.0625
221043.1563
235665.6094
235672.5625
235683.0625
235689.3125
235719.6563
235764.3594
236520.5156
236525.2656
236534.4531
236562.3594
236569.1563
236613.0625
236631.3594
269297.375
269304
269312.3125
269333.5625
269339.7188
269357
269372.6563
269393.1563
269408.9688
269538.7188
269544.5625
269611.25
270124.25
270129.25
270139.1563
270162.5
270176.875
270472.125
270476.2188
270483.875
270496.125
270511.4063
270529.3125
270546.3125
270558.625
271348.5625
271352.875
271364.4688
271366.4063
271372.5625
271398.75
271405.4063
271434
271569.9688
271574.5625
271587.75
271619.2188
272170.4063
272180.375
272186.2188
272198.3125
272220
272234.3125
272268.5
272314.2188
274467.8125
278230.6563
285694.9063
