256.6665039
260.8164978
303.8164978
311.1665039
525.2164917
530.0665283
1069.966553
1073.816528
1090.116455
1130.566528
1137.466553
1259.116455
1265.566528
1304.016479
1316.966553
1455.416504
1463.066528
1488.266479
1503.066528
1826.866455
1851.916504
1865.966553
1898.166504
1930.966553
1945.016479
1949.066528
1955.516479
1989.666504
2011.216553
2017.716553
2026.716553
2077.766602
2086.266602
2106.266602
2115.616455
2132.066406
2310.116455
2315.066406
2340.816406
2365.916504
2407.616455
2654.366455
2658.866455
2691.066406
2698.116455
2800.966553
2825.866455
2876.216553
2881.166504
2894.666504
2899.716553
2910.966553
2919.766602
2931.816406
2966.116455
3291.216553
3295.516602
3435.216553
3441.216553
3531.166504
3535.716553
3684.416504
3688.566406
3697.966553
3941.066406
3946.166504
3949.916504
3967.116455
3987.466553
3995.766602
4021.266602
4035.216553
4041.516602
4058.916504
4134.966797
4185.166504
4186.216797
4189.416504
4202.166504
4257.066895
4264.166504
4272.616699
4354.916504
4366.266602
4417.216797
4425.366699
4807.266602
4811.616699
4829.216797
4841.716797
5059.466797
5063.616699
5092.816895
5102.566895
5150.116699
5158.866699
5317.666504
5321.366699
5332.066895
5351.066895
5369.866699
5395.266602
5431.516602
5452.516602
5540.816895
5545.216797
5556.666504
5621.766602
5629.416504
5809.916504
6002.766602
6173.016602
6177.116699
6185.616699
6369.766602
6375.416504
6431.166504
6455.566895
6466.866699
6486.466797
6505.466797
6521.316895
6539.116699
6905.716797
6909.466797
6932.016602
7235.816895
7240.466797
7271.316895
7284.416504
7460.766602
7466.416504
7598.016602
7602.816895
7625.616699
7637.766602
7650.566895
7657.416504
7666.966797
7670.416504
7712.516602
7746.316895
7889.266602
7896.966797
8206.966797
8211.216797
8340.216797
8346.266602
8831.516602
8835.966797
8844.666992
9181.916992
9187.566406
9224.716797
9233.216797
9638.266602
9642.216797
9654.566406
9767.616211
9773.016602
9792.016602
9842.866211
9857.766602
10436.2168
10440.7666
10458.06641
10921.5166
10926.61621
10997.4668
11006.11621
11075.7666
11081.16699
11629.7666
11663.0166
11705.36621
11717.7168
11781.7666
11963.7666
11967.7666
12097.86621
12102.56641
12156.41699
12162.41699
12662.31641
12667.31641
12789.36621
12793.41699
13320.36621
13325.91699
13468.16699
13472.5166
13525.5166
13532.66699
13635.06641
13652.56641
13670.11621
13689.11621
13704.5166
13741.36621
13778.86621
13798.06641
13802.2666
13915.61621
13920.0166
15079.5166
15085.11621
15100.36621
15278.7666
15283.36621
15295.0166
15449.7168
15455.06641
15521.31641
15534.41699
16313.61621
16332.2168
16371.31641
16409.51758
16427.7168
16450.61719
16456.66602
16460.41602
16482.56641
16511.7168
16526.61719
16574.61719
16582.4668
16852.7168
16856.86719
16937.91602
16942.76758
16993.7168
17002.66602
17084.16602
17089.9668
17148.36719
17155.2168
17252.11719
17258.61719
17565.4668
17570.36719
17615.51758
17620.91602
17715.11719
17720.61719
17914.86719
17920.01758
17957.2168
17964.7168
18208.9668
18213.66602
18553.7168
18559.51758
18571.81641
18759.31641
18763.91602
18797.41602
18807.26758
19016.31641
19020.9668
19041.51758
19122.76758
19129.36719
19233.76758
19251.76758
19277.66602
19300.4668
19317.81641
19322.51758
19491.86719
19497.51758
19528.81641
19558.56641
20015.81641
20019.91602
20029.56641
20060.06641
20092.9668
20102.76758
20116.81641
20162.01758
20335.4668
20339.76758
20369.06641
20381.2168
20400.81641
20446.06641
20467.91602
20546.7168
20553.61719
20806.56641
20811.76758
20819.16602
21043.16602
21047.7168
21185.9668
21191.9668
21275.11719
21280.26758
21548.31641
21552.91602
21576.41602
21683.26758
21692.41602
21736.11719
21743.81641
22208.26758
22213.2168
22224.11719
22394.91602
22399.06641
22506.16602
22512.2168
22950.31641
22954.2168
22981.81641
22990.01758
23014.06641
23023.61719
23037.7168
23059.01758
23060.91602
23092.9668
23097.76758
23119.26758
23171.56641
23174.66602
23180.61719
23444.11719
23448.26758
23465.91602
23490.01758
23507.76758
23814.4668
23819.56641
23857.76758
23865.31641
24068.41602
24072.41602
24086.76758
24668.91602
24673.01758
24696.66602
24719.4668
24864.41602
24868.4668
24890.86719
25057.31641
25063.26758
25224.86719
25516.81641
25520.76758
25532.91602
25623.66602
25634.26758
25901.66602
25968.01758
26059.51758
26084.86719
26089.31641
26192.9668
26198.41602
26286.01758
26298.36719
26310.86719
26900.91602
26905.06641
26947.56641
26952.61719
26972.9668
27006.91602
27018.7168
27102.11719
27139.16602
27175.36719
27178.91602
27184.2168
27207.4668
27213.7168
27451.56641
27457.16602
27673.61719
27679.61719
27693.76758
27766.06641
27773.51758
27955.91602
27960.56641
27991.9668
28179.56641
28203.01758
28221.2168
28243.41602
28260.2168
28287.2168
28292.26758
28303.51758
28331.51758
28366.16602
28388.16602
28439.31641
28443.66602
28470.36719
28484.81641
28547.06641
28553.7168
28752.36719
28757.01758
28867.61719
28873.81641
29040.4668
29046.26758
29401.7168
29406.36719
29412.91602
29429.41602
29448.61719
29456.76758
29590.66602
29816.91602
29821.56641
29884.7168
29893.7168
30124.51758
30128.9668
30171.76758
30198.9668
30782.76758
30786.41602
30797.66602
30961.51758
30966.26758
30992.66602
31003.86719
31297.11719
31300.91602
31310.86719
31564.01758
31569.41602
31696.91602
31701.56641
31913.9668
31918.56641
31942.76758
31966.06641
32004.16602
32014.7168
32280.01758
32300.91602
32321.06641
32334.26758
32369.61719
32391.16602
32696.06641
32700.91602
32722.16602
33042.61719
33046.96484
33067.96484
33355.86719
33392.46484
33502.21484
33506.41797
33521.11719
33620.61719
33626.81641
33671.56641
33679.01563
34012.21484
34016.56641
34026.31641
34194.06641
34201.56641
34241.46484
34255.46484
34268.66797
34452.36719
34455.76563
34478.16797
34489.66797
34499.06641
34507.96484
34516.01563
34520.26563
34537.61719
34554.41797
34628.16797
34718.31641
34777.16797
34783.41797
34822.11719
34845.66797
34870.11719
35153.61719
35158.91797
35170.16797
35349.81641
35354.56641
35483.11719
35487.16797
35499.76563
35643.66797
35647.96484
35736.96484
35745.21484
35871.31641
35875.91797
35959.66797
35966.21484
36115.16797
36120.96484
36188.01563
36193.81641
36499.76563
36503.96484
36526.96484
36615.16797
36623.51563
36630.96484
37074.81641
37089.91797
37103.16797
37155.16797
37189.56641
37198.06641
37202.16797
37297.36719
37302.21484
37586.86719
37592.01563
37611.66797
37670.86719
37677.01563
38194.76563
38199.71484
38215.06641
38854.96484
38859.26563
38884.11719
38908.46484
39528.81641
39532.66797
39551.11719
39597.21484
39610.66797
39617.61719
39664.91797
39706.76563
39856.06641
39859.91797
39895.31641
39906.11719
40225.71484
40231.56641
40514.71484
40518.81641
40543.06641
40627.21484
40631.96484
40669.61719
40672.71484
40684.36719
40687.36719
41023.96484
41028.61719
41092.76563
41099.71484
41300.56641
41305.71484
41338.11719
41346.91797
41553.86719
41558.61719
41613.91797
41620.71484
41667.06641
41688.06641
41705.61719
41741.01563
41765.96484
41786.86719
41791.71484
41796.61719
41914.46484
41921.11719
42127.26563
42132.86719
42163.86719
42178.46484
42316.11719
42321.51563
42413.21484
42419.46484
42446.86719
42580.16797
42586.06641
42603.81641
42776.06641
42781.96484
42864.21484
42875.16797
43167.31641
43171.61719
43183.16797
43214.91797
43254.76563
43269.61719
43455.61719
43461.86719
43550.16797
43555.86719
43725.71484
43756.91797
43779.46484
43784.61719
43795.11719
43810.36719
43836.16797
43853.71484
43869.66797
43875.41797
43912.16797
43927.51563
43933.76563
43936.16797
43966.66797
44015.06641
44043.56641
44072.16797
44650.46484
44655.46484
44673.46484
44696.11719
45034.51563
45038.21484
45095.86719
45103.21484
45173.91797
45180.61719
45255.56641
45263.51563
45272.91797
45459.31641
45465.21484
45485.46484
45552.16797
45789.21484
45814.46484
45824.36719
45853.26563
45863.06641
45868.71484
45873.51563
45910.96484
45920.91797
45928.56641
45931.81641
46229.76563
46762.46484
46790.21484
46794.21484
46802.81641
46817.86719
46832.91797
46848.16797
46849.61719
46857.51563
47085.91797
47092.96484
47211.51563
47217.61719
47252.81641
47263.11719
47490.66797
47510.11719
47523.11719
47542.71484
47562.91797
47604.31641
47606.21484
47610.56641
47632.36719
47697.16797
47706.41797
47915.76563
47920.66797
47937.61719
47950.21484
48178.41797
48183.16797
48203.21484
48269.66797
48286.21484
48557.71484
48564.51563
48719.81641
48726.06641
48756.66797
48773.66797
49183.51563
49187.71484
49227.66797
49236.91797
49352.46484
49358.91797
49368.61719
49771.41797
49775.76563
49794.01563
49806.01563
49918.61719
49925.56641
50013.31641
50021.66797
50047.81641
50072.06641
50109.31641
50123.16797
50315.31641
50320.66797
50343.46484
50350.96484
50559.61719
50563.61719
50575.96484
50631.71484
50638.76563
50726.26563
50733.86719
50824.06641
50852.46484
50875.16797
51011.96484
51018.56641
51029.61719
51239.56641
51243.71484
51300.76563
51306.11719
51390.06641
51518.76563
51539.21484
51563.26563
51568.46484
51591.06641
51626.21484
51650.16797
51654.91797
51675.26563
51678.86719
51937.56641
51953.31641
52084.36719
52088.71484
52121.86719
52127.66797
52264.76563
52269.76563
52280.16797
52498.36719
52503.61719
52526.26563
52663.86719
52669.36719
52696.01563
52710.86719
52876.46484
52882.11719
53063.66797
53068.26563
53156.76563
53161.26563
53264.86719
53269.46484
53279.76563
53423.11719
53439.56641
53450.41797
53464.61719
53485.71484
53494.31641
53498.91797
53504.31641
53520.96484
53543.06641
53573.56641
53581.66797
53595.61719
53603.06641
53621.96484
53654.71484
53687.86719
53749.46484
53756.21484
54232.46484
54237.66797
54353.36719
54357.81641
54412.66797
54865.46484
54871.21484
54904.96484
54917.46484
54967.26563
54973.81641
55154.11719
55162.26563
55174.11719
55511.66797
55517.56641
55530.21484
55683.21484
55688.56641
56842.86719
56877.41797
56893.01563
56907.96484
56935.26563
56946.86719
56966.21484
56987.11719
57191.86719
57196.41797
57251.61719
57394.36719
57400.41797
57445.36719
57451.51563
57810.71484
57815.71484
57835.21484
57887.21484
57893.06641
57960.21484
57968.76563
58132.66797
58137.66797
58158.46484
58174.76563
58579.46484
58608.16797
58629.31641
58658.76563
58744.16797
58748.51563
58761.16797
58809.01563
58818.91797
58896.41797
58907.41797
58931.06641
58983.11719
58991.26563
59226.16797
59231.16797
59266.26563
59281.86719
59320.66797
59338.56641
59361.86719
59374.21484
59637.81641
59642.46484
59653.21484
59686.91797
59696.16797
59745.91797
59923.51563
59927.86719
59959.86719
59995.31641
60004.66797
60153.56641
60161.91797
60175.01563
60198.21484
60213.51563
60245.81641
60247.11719
60251.71484
60284.46484
60317.66797
60340.56641
60347.41797
60366.26563
60761.66797
60766.31641
60788.86719
61172.21484
61176.41797
61191.41797
61236.01563
61243.41797
61431.46484
61436.06641
61564.46484
61587.31641
61600.66797
61607.41797
61626.51563
61647.61719
61663.96484
61688.01563
61736.46484
61751.61719
61778.86719
61968.76563
61973.51563
62005.81641
62012.81641
62289.81641
62296.41797
62317.46484
62382.56641
62389.91797
62438.16797
62450.96484
62749.56641
62756.21484
62826.01563
62834.16797
62852.61719
63021.96484
63039.31641
63053.31641
63066.61719
63085.51563
63108.16797
63144.06641
63249.76563
63253.46484
63270.81641
63451.61719
63456.31641
63463.91797
63624.96484
63630.21484
63720.01563
63725.41797
63980.01563
64008.76563
64091.51563
64098.81641
64498.86719
64503.61719
64513.86719
64658.16797
64663.11719
64682.01563
64711.51563
64737.01563
64786.61719
64821.41797
64827.66797
65277.76563
65282.51563
65387.91797
65408.01563
65428.76563
65448.01563
65472.81641
65485.86719
65498.81641
65570.21875
65609.32031
65684.41406
65690.21875
65702.96875
65721.96875
65736.07031
65994.36719
65999.01563
66022.11719
66028.51563
66221.46875
66226.21875
66247.57031
66266.86719
66274.41406
66281.91406
66284.61719
66308.01563
66322.51563
66345.21875
66358.16406
66384.51563
66434.11719
66439.32031
66463.11719
66474.66406
66876.11719
66880.91406
66893.41406
66953.96875
66961.16406
67218.91406
67224.76563
67249.46875
67272.51563
67291.46875
67460.71875
67465.82031
68388.21875
68392.16406
68415.21875
68429.41406
68663.61719
68668.57031
68689.41406
68696.51563
68906.11719
68910.26563
68967.82031
68978.51563
69241.07031
69245.91406
69366.16406
69371.76563
69473.26563
69479.51563
69508.51563
69526.91406
69537.11719
69543.26563
69546.21875
69565.91406
69579.57031
69597.11719
69634.76563
69656.36719
69762.01563
69767.07031
69846.11719
69851.21875
70150.51563
70155.16406
70171.46875
70186.51563
70316.36719
70321.46875
70548.07031
70552.91406
70586.86719
70597.11719
71034.21875
71039.16406
71084.86719
71090.86719
71391.71875
71412.16406
71429.66406
71447.07031
71462.01563
71473.86719
71508.96875
71523.51563
71708.61719
71713.07031
71801.71875
71806.91406
71893.76563
71899.57031
72214.41406
72219.26563
72240.32031
72252.86719
72273.46875
72281.71875
72287.61719
72344.11719
72512.86719
72517.71875
72547.82031
72579.51563
72585.21875
72714.71875
72718.86719
72797.91406
72804.76563
73023.32031
73027.76563
73068.11719
73079.66406
73124.46875
73144.51563
73187.21875
73208.01563
73220.91406
73313.57031
73388.71875
73543.61719
73547.36719
73570.36719
73620.32031
73626.71875
73644.71875
73694.41406
73703.82031
73854.66406
73859.76563
73910.57031
73916.82031
73991.16406
74094.66406
74100.61719
74111.51563
74197.21875
74207.16406
74276.71875
74298.16406
74306.96875
74383.01563
74398.71875
74439.11719
74546.01563
74552.61719
74596.71875
74613.76563
74703.21875
74734.86719
74903.36719
74908.16406
74969.61719
74978.91406
75121.16406
75129.21875
75159.76563
75180.57031
75222.91406
75467.76563
75474.36719
75493.16406
75537.76563
75543.91406
75647.91406
75653.57031
75825.07031
75830.46875
75871.07031
75876.96875
75896.91406
75927.21875
75944.66406
75951.07031
75956.82031
75967.76563
76001.86719
76026.71875
76047.01563
76056.21875
76102.61719
76111.26563
76148.21875
76220.32031
76233.76563
76311.32031
76331.21875
76339.41406
76507.96875
76512.86719
76527.46875
76621.91406
76630.41406
76678.91406
76738.57031
76745.26563
76808.21875
76813.26563
76896.07031
76901.46875
76946.32031
76954.57031
77076.07031
77080.46875
77122.01563
77129.66406
77292.91406
77298.32031
77387.57031
77412.51563
77443.11719
77542.46875
77547.91406
77713.46875
77719.26563
77890.16406
77895.11719
77932.26563
77942.51563
78069.41406
78074.01563
78090.76563
78145.91406
78152.86719
78184.26563
78235.36719
78259.96875
78370.51563
78391.21875
78441.76563
78459.57031
78464.96875
78466.51563
78495.96875
78502.41406
78505.21875
78674.01563
78678.71875
78817.26563
78822.36719
78865.41406
78871.51563
79010.26563
79015.61719
79058.16406
79064.61719
79329.26563
79334.01563
79468.57031
79474.82031
79861.32031
79865.07031
79918.66406
79926.36719
79971.11719
79977.71875
80367.82031
80371.61719
80433.57031
80449.16406
80464.32031
80493.11719
80494.26563
80498.91406
80510.66406
80526.11719
80558.21875
80612.61719
80978.32031
80995.26563
81072.71875
81078.26563
81286.21875
81301.66406
81303.11719
81311.86719
81322.07031
81333.26563
81353.82031
81423.16406
81872.26563
81881.41406
81984.26563
81988.26563
82025.61719
82036.91406
82441.07031
82445.66406
82501.16406
82506.11719
82692.57031
82697.57031
82871.41406
82876.46875
82925.16406
82954.07031
82994.46875
82999.36719
83008.07031
83030.66406
83054.26563
83056.41406
83062.26563
83130.21875
83628.71875
83632.82031
83651.96875
83690.86719
83699.76563
84230.61719
84250.46875
84287.82031
84320.76563
84330.41406
84579.07031
84584.41406
84914.36719
84920.26563
84939.96875
84960.71875
85105.71875
85122.26563
85157.57031
85192.11719
85242.11719
85267.96875
85590.96875
85594.51563
85702.82031
85707.32031
85744.82031
85766.71875
85818.07031
85823.91406
86177.66406
86182.61719
86203.96875
86228.36719
86252.51563
86295.71875
86301.61719
86378.21875
86399.01563
86412.11719
86475.26563
86483.46875
86695.61719
86700.11719
86761.71875
86767.91406
86976.57031
86982.57031
87030.32031
87120.96875
87127.51563
87371.32031
87375.96875
87386.57031
87519.07031
87524.86719
87587.71875
87593.71875
87595.76563
87622.61719
87638.71875
87659.11719
87686.82031
87692.32031
87706.26563
87720.86719
87766.07031
87807.26563
87876.96875
87882.51563
87937.32031
87943.51563
88093.21875
88097.66406
88538.96875
88542.96875
88572.36719
88590.11719
88603.21875
88807.76563
88813.26563
88836.16406
89283.86719
89288.01563
89335.01563
90124.21875
90127.82031
90187.01563
90192.76563
90374.21875
90426.21875
90443.66406
90473.36719
90972.96875
90977.46875
91567.96875
91591.61719
91608.11719
91653.36719
91691.32031
91804.51563
91808.61719
91888.11719
91896.01563
92091.07031
92095.71875
92172.26563
92182.61719
92616.57031
92620.61719
92774.51563
92780.76563
92792.07031
93414.82031
93418.82031
94143.36719
94147.91406
94162.71875
94213.16406
94226.46875
94517.61719
94521.61719
94614.16406
94620.86719
94630.16406
94649.46875
94666.07031
94698.32031
94709.76563
94735.01563
94861.66406
94880.21875
94979.57031
94983.96875
95080.91406
95086.51563
95234.91406
95240.66406
95515.71875
95519.86719
95559.41406
95575.26563
96160.57031
96167.01563
96258.86719
96281.61719
96294.07031
96314.16406
96335.57031
96356.51563
96378.66406
96475.57031
96480.86719
96488.86719
97013.51563
97018.76563
97030.66406
97059.21875
97095.07031
97119.01563
97191.16406
97199.82031
97266.57031
97276.07031
97416.46875
97422.21875
97576.36719
97582.01563
97673.46875
97683.91406
98052.51563
98058.07031
98079.11719
98140.66406
98148.11719
98157.01563
98164.61719
98191.26563
98210.86719
98273.51563
98297.07031
98452.71875
98458.76563
98729.82031
98734.21875
98981.86719
98991.66406
98996.46875
98997.91406
99005.86719
99021.32031
99044.11719
99068.96875
99082.76563
99094.96875
99386.51563
99392.07031
99411.61719
99460.51563
99671.26563
99677.01563
100141.2188
100146.4688
100275.3672
100280.1172
100332.4141
100355.6172
100373.4141
100377.5703
100383.2656
100386.2188
100429.7188
100475.3203
100589.8203
100594.1172
100890.8672
100895.2188
100943.5156
100957.8203
101282.5156
101287.0703
101309.3203
101324.1172
101580.9688
101588.3672
101830.9141
101835.4688
102067.5703
102071.7656
102082.6172
102335.0703
102339.2656
102340.6641
102359.5156
102368.5703
102374.9141
102398.2188
102436.9141
102496.7188
102498.1172
102507.4688
102517.5703
102564.1172
102594.3203
102611.1172
102986.0156
102990.1172
103566.4688
103571.5156
103603.5156
103620.2188
103656.0156
103781.4141
103785.8203
104939.3672
104943.8203
105145.0156
105165.1172
105180.8203
105185.8203
105191.7656
105206.5703
105224.1172
105258.5156
105263.2188
105272.7656
105298.5703
105362.2188
105572.6641
105578.4688
105739.4141
105744.5703
105839.4141
105847.4141
105918.9688
105929.3672
106111.2188
106117.2188
106326.8203
106332.7656
106495.6641
106533.2656
106534.2656
106541.0156
106552.0156
106569.1641
106586.4688
106598.0703
106613.5703
106620.6641
107069.8203
107075.2656
107094.3672
107371.2656
107376.5156
107720.2656
107736.0156
107749.8203
107768.9141
108279.1172
108284.1172
108344.6172
108352.4141
108581.6641
108600.1641
108607.7188
108609.8672
108627.7656
108637.9688
108652.6641
108685.5156
108692.5703
108707.2656
108750.2188
108859.0156
108864.4688
108943.9688
108952.4688
109096.2188
109102.1641
109258.3203
109265.9688
109356.0156
109363.1172
109373.0703
109379.3203
109395.0156
109406.3203
109431.8672
109475.2188
109479.8672
109485.9688
109866.1172
109870.2656
109901.0703
109919.3203
109946.1641
110122.2188
110127.4141
110372.8203
110377.4688
110474.0703
110478.8672
110634.7656
110640.9688
110675.1172
110704.6641
111014.9141
111019.4141
111055.2656
111062.7656
111251.1172
111277.6641
111299.4688
111358.1172
111375.6172
111380.6172
112004.9141
112010.9141
112032.2656
112137.3672
112142.9141
112363.6641
112368.7656
112443.8672
112451.8672
112693.3203
112698.2188
112746.2656
112752.9688
112984.1641
113056.8672
113066.2656
113070.2656
113093.2656
113107.0156
113135.5156
113156.3203
113202.9141
113242.4688
113258.9688
113272.9141
113316.3672
113652.1172
113657.0156
113916.9688
113921.7188
114096.8203
114101.1172
114165.1172
114171.7188
114394.6641
114399.7188
115223.5703
115240.4688
115483.3203
115706.5703
115760.5156
115786.8203
115803.7188
115844.3672
115860.9141
116358.7188
116365.0156
116611.2656
116615.5703
116817.7656
116821.8203
117036.1641
117057.7656
117060.3672
117097.6172
117115.2656
117126.4141
117128.2656
117133.5703
117169.9141
117389.6172
117394.1172
117479.7656
117485.2188
117799.0156
117802.9141
117862.6172
117866.8203
118426.4141
118456.2188
118472.0703
118499.2188
118514.1172
118558.0156
118623.3672
118668.9688
118706.7188
119148.9141
119152.5703
119178.9141
119195.7656
119534.8203
119539.4141
119811.1172
119818.4141
119918.2656
119927.9688
120036.3203
120041.3203
120108.5156
120125.2188
120445.3672
120449.8203
120522.3203
120529.1641
121089.3672
121173.5703
121178.8672
121379.6641
121384.3672
121407.9688
121558.7188
121609.1172
121624.3672
121673.2188
121688.9141
121884.0156
121890.0703
122199.3672
122205.7656
122236.6172
122245.9141
122262.6172
122304.6641
122329.4141
122356.5703
122376.1172
122413.8672
122421.0156
122474.6172
122484.7656
122559.9141
122566.4141
123126.7188
123131.5156
123354.1172
123358.2188
123432.2656
123438.1641
123529.9141
123536.2656
123597.8672
123633.1641
123657.0156
123662.6641
123738.1172
123744.6641
123876.0703
123880.7188
123955.5703
123962.8672
124097.4688
124103.1641
124180.6641
124185.9688
124328.3203
124364.6172
124384.5156
124390.1172
124392.7656
124411.0156
124425.6172
124475.7656
124513.0156
124527.6641
124532.1641
124566.7188
124580.7656
124678.3203
124739.1641
124745.1641
124859.5703
124868.5703
125123.3672
125128.3203
125147.8203
125170.3672
125292.0156
125298.1172
125371.5156
125379.6641
125593.6172
125598.9688
125833.8203
125841.0703
126019.9141
126026.3203
126228.2188
126232.3203
126280.5703
126372.4688
126393.0156
126429.7188
126453.2656
126477.2656
126493.5703
126521.5703
126526.8203
126545.8203
126674.6641
126678.9688
126820.0703
126824.9141
126907.7188
126913.2188
127190.2656
127333.5703
127458.1641
127464.2188
127710.8203
127715.8203
127743.8203
127769.6641
128008.7188
128013.3672
128042.8203
128069.9141
128084.3672
128139.3203
128257.7188
128285.6172
128309.6172
128335.3203
128542.8672
128547.4688
128600.5156
128605.9688
128835.4141
128840.0156
128854.5156
128946.0156
128950.9141
128986.1641
129029.2188
129042.7188
129282.7656
129291.0156
129306.2188
129438.1172
129443.9141
129566.5156
129573.1641
129584.5156
129760.9141
129803.0703
129816.4141
130022.4688
130027.0156
130172.9688
130812.1172
130860.1172
130877.1172
130959.1172
131191.3594
131195.8125
131239.6719
131250.7188
131436.6719
131442.1094
131495.7188
131525.5156
131546.2656
131557.9688
131573.6719
131663.0625
131723.5156
131750.7656
131751.9688
132082.3125
132086.8125
132740.3594
132744.6719
132801.2656
132819.0156
132824.5625
133034.1094
133040.7656
133131.0625
133136.7656
133224.3594
133304.4688
133309.9688
133342.2188
133385.0625
133404.3125
133414.8125
133422.6719
133436.0156
133450.4219
133492.0625
133524.3594
133582.7188
133587.9219
133612.7656
133709.4219
133717.8594
133976.1719
133984.4219
134100.3125
134108.5156
134121.3125
134235.4688
134301.4688
134309.9688
134358.4219
134379.9688
134398.8594
134415.7188
134437.8594
134584.3125
134593.2656
134628.1719
134666.1719
134700.8125
134710.5625
135102.7188
135107.6094
135116.6719
135689.6094
135709.3594
135719.1094
135956.0156
135961.2188
135978.6094
136219.6094
136224.4219
136391.4688
136396.1094
136462.8594
136481.1094
136514.5156
136548.7188
136645.3594
136678.6094
136690.4219
136693.4688
136698.1094
136721.6719
136727.1719
136738.3594
136786.7188
136796.3125
137009.0156
137013.8125
137106.4688
137114.1719
137131.0156
137417.7188
137425.4688
137441.1719
137723.8125
137728.6094
137786.8594
137792.1719
137979.6094
137984.9219
138087.9688
138093.5625
138247.9219
138251.8594
138273.0625
138282.6094
138458.3594
138463.2188
138494.2188
138509.8594
138692.9219
138695.9219
138697.4688
138735.8125
138761.9219
138779.8594
138804.0156
138822.9219
138861.3125
138905.9219
138909.9219
138945.3594
138985.4219
138994.3125
139204.2656
139208.4688
139288.4688
139298.6094
139639.3594
139643.1719
139676.4219
139684.2188
139901.5156
139909.5156
140040.1719
140046.5625
140369.8594
140374.6094
140464.4219
140502.1094
140524.1094
140651.0156
140685.6719
140698.9688
140703.7188
140706.1094
140725.1719
140768.1094
140790.3125
140800.3125
140815.2656
140967.0156
140974.0625
140997.1094
141071.5625
141082.0156
141114.7656
141137.1719
141451.6094
141456.4219
141521.9219
141529.3594
142077.4219
142082.1094
142572.6719
142598.3594
142604.8594
142608.6094
142642.0156
142667.8594
142674.5156
142681.5625
142686.4219
142996.5156
143001.1094
143043.8125
143052.9219
143425.2656
143448.6094
143465.4688
143478.5156
143506.6719
143530.4219
143556.5625
143560.9219
143617.4688
143646.1094
143654.0156
143658.5156
143954.3594
143959.3594
144028.9688
144035.8125
144162.8125
144168.2188
144368.7656
144375.5625
144507.8125
144539.2656
144665.1094
144673.5625
144720.4688
144726.3125
144861.4219
144867.1719
145149.6719
145154.9688
145189.6719
145213.7656
145230.2656
145246.4219
145323.7188
145328.3594
145337.0625
145353.4219
145521.5625
145525.7188
145794.3594
145837.1094
146087.0156
146101.9688
146235.1094
146240.0625
146259.2188
146418.7188
146425.1719
146512.6719
146524.2656
146545.2188
146852.7656
146857.5625
147531.7188
147536.5156
147593.9688
147600.8594
147794.9688
147799.4688
147843.7188
147851.7656
147952.4688
148120.2656
148125.9688
148156.5156
148169.4219
148459.4219
148463.7656
148497.0156
148517.2656
148600.2188
148609.5625
148740.2656
148765.8594
148782.1719
148797.3125
148818.1719
148852.5625
148870.4219
148976.6719
148980.6094
148999.2188
149093.0156
149098.2188
149174.9219
149180.8125
149311.2656
149315.6094
149376.6094
149382.6719
149666.9219
149672.6094
149738.4219
149773.5625
149918.1094
149929.9688
149965.0625
149988.5625
150016.0625
150088.4688
150111.7188
150146.4219
150152.7188
150162.9688
150180.6094
150197.2188
150588.5625
150592.2656
150685.8125
150867.8594
150873.7188
150980.3594
150986.9688
151252.2188
151257.3125
151529.9219
151535.4219
151631.9219
151904.9219
151912.7656
152126.6719
152132.1094
152184.0156
152185.6094
152200.4688
152215.9688
152270.3125
152307.2188
152940.2656
152944.0625
153112.3594
153117.1719
153295.4688
153312.6719
153327.7656
153344.6094
153368.8594
153386.0625
153436.8125
153710.4219
153715.0625
153789.2188
153797.4688
153854.6094
153862.8125
154054.9219
154061.8125
154254.8594
154271.3125
154328.6094
154347.2188
154423.6094
154556.2188
154561.1094
154636.6719
154641.9688
154843.2656
154849.3594
154874.4219
155076.7656
155359.1719
155363.2656
155699.6719
155703.5156
155745.7656
155765.0156
156332.6094
156338.6094
156347.3125
156821.2188
156854.9219
156873.5156
156895.3125
156935.2656
156974.3125
157005.9688
157040.8594
157051.3125
157056.0625
157075.3125
157102.3594
157369.9219
157374.4688
157398.4219
157764.2188
157768.7656
157924.0156
157928.6094
157941.4219
157967.0156
158024.2188
158034.6719
158040.3125
158042.6719
158279.9219
158379.6094
158388.9688
158413.2188
158815.2656
158838.8125
158858.6094
158871.6094
158886.0156
158926.4219
158931.3594
159129.8594
159134.9688
159292.9219
159298.1719
159568.8594
159573.5156
159617.6719
159623.6719
159910.6719
159937.3594
159982.4219
159986.8125
160025.5156
160181.9688
160219.5156
160235.5156
160604.1719
160608.8594
160663.7188
160671.1719
160695.2656
160730.6719
160773.3125
160808.1719
161019.2656
161023.8594
161209.7656
161214.4219
161233.9219
161280.5625
161292.2656
161622.7656
161644.9219
161707.7188
161718.2656
161724.4688
161810.3594
161861.0625
161886.3594
163009.8125
163153.2656
163157.6094
163305.4688
163311.2656
164027.2656
164032.1719
164302.3594
164339.4688
164357.9688
164372.0625
164404.9219
164409.0156
164421.9219
164439.7188
164458.6719
164469.8125
164500.6094
164512.5625
164959.4219
164963.4688
165075.3125
165081.2656
166076.0156
166113.2188
166139.2656
166149.1094
166170.9688
166195.0625
166231.6719
166233.3125
166237.9688
166261.5625
167094.5156
167100.6719
167340.9688
167344.7188
167474.5156
167481.6719
167502.4688
167614.2656
167632.5156
167647.0156
167723.7188
167754.5625
167843.5156
167848.3594
167864.0625
167874.3594
167884.3594
167913.9688
168416.0625
168422.5156
168498.4219
168508.1719
168731.1719
168732.3125
168736.1719
168754.3594
168769.6719
168817.0156
168822.1719
168826.6094
169139.4688
169143.5625
169517.1719
169523.0625
169549.7656
169564.6719
169756.7656
169761.6719
170340.1094
170345.3125
170867.2188
170871.4219
170939.8125
170951.8594
170953.3125
170957.1094
170961.8125
170976.9219
171036.6094
171043.1094
171400.8125
171410.6719
171420.4219
171566.9688
171574.0625
171836.0625
171840.2656
171956.2656
171962.5625
172246.3594
172250.7656
172360.1719
172394.4219
172403.5625
172427.0156
172443.6094
172463.6094
172479.6719
172484.8125
172493.8594
172831.8594
172835.8125
172894.8594
172901.0625
173402.9688
173408.1094
173532.6094
173538.7656
173979.4688
173983.9688
174189.7656
174197.0156
174246.4688
174251.0156
174772.8125
174777.2656
174796.9219
174820.9688
174841.1719
174880.7656
174902.3594
174916.6719
174951.2188
175025.3594
175043.9219
175336.0156
175340.5156
175420.5156
175430.8125
175849.3125
175852.7656
175857.5625
175879.5625
175924.7656
175976.0625
176029.3125
176220.4219
176225.1719
176286.6094
176291.3125
176561.7188
176567.3594
176580.4219
176610.6719
176619.4219
177417.0625
177421.5156
177444.6094
177482.3125
177787.5156
177792.9219
177822.5156
177883.3594
177896.3125
178080.6719
178086.2188
178149.3594
178326.2656
178331.6719
178418.8594
178432.9219
178447.6094
178460.0625
178496.6094
178553.7188
178602.8125
178628.8125
178636.2656
178665.2188
178673.2188
179169.8594
179188.9219
179203.4219
179239.8125
179258.3594
179262.2656
179278.1719
179313.7188
179323.2656
180246.9219
180251.2656
180271.9219
180481.2188
180485.7188
180504.2656
180507.2656
180521.0156
180532.5156
180566.3594
180587.0156
180630.0156
180652.5625
180670.0625
180674.8594
181017.9688
181022.4688
181656.9219
181661.1094
181689.9688
181714.5625
182108.2188
182113.3594
182176.6094
182184.1094
182263.0156
182273.0625
182720.4688
182724.7188
182729.8594
182900.4688
182905.5156
183169.6719
183175.6719
183232.9688
183238.9219
183370.3594
183377.7188
183433.6094
183446.0625
183447.7656
183597.1094
183627.6719
183656.4219
183697.4219
183717.1719
183842.4219
183846.8594
183856.7188
183905.3594
183965.2656
184028.6094
184033.6094
184227.7656
184238.6719
184675.0156
184679.7188
184988.3594
184997.4219
185045.6094
185591.1719
185612.1719
185625.2188
185634.8594
185648.3594
185698.8125
185714.3125
185725.2188
185729.6719
185752.7656
185758.6094
185773.8125
185819.3125
185831.9688
186266.7656
186273.1719
186286.6719
186338.9688
186365.7188
186442.8125
186448.6719
186604.6719
186609.5625
186685.4219
186740.7656
186776.6719
186790.8594
186812.7656
186892.1094
186906.9219
187127.1094
187132.7188
187240.8125
187250.4219
187398.7656
187770.7188
187775.8125
187809.9219
187838.4219
187845.9219
188176.9688
188184.8594
188190.2188
188204.0625
188210.7188
188225.7656
188245.6719
188255.5625
188272.8594
188282.4688
188305.8594
188324.8594
188347.2656
188357.6719
188436.9688
188444.3594
188710.4219
188714.4688
188727.9219
189159.5625
189165.2656
189185.9219
189207.5625
189388.2656
189394.1094
189652.6094
189657.5625
189965.4688
189975.8125
190350.4688
190355.0625
190406.8125
190414.8594
190848.5156
190853.7656
190856.1094
190881.4688
190898.1094
190913.1719
190944.2656
191014.1094
191596.4219
191601.7656
191619.6094
191658.5625
191673.3125
191888.5156
191903.5625
191939.8594
192003.3125
192263.2188
192266.8125
192307.6094
192313.2656
192428.7188
192434.9219
192463.1094
192723.9688
192728.8125
192769.6094
192781.8594
193052.4688
193056.8125
193070.9688
193111.9688
193127.1094
193143.9688
193151.1719
193161.2188
193190.7188
193356.5156
193363.2188
193392.9219
193408.3125
193586.9219
193592.2188
193806.0625
193810.5156
193904.6094
193911.4688
193977.8125
193985.4688
194222.3594
194227.8125
194383.1094
194388.1094
194716.8594
194722.3125
194824.4219
194846.0625
194878.8594
194901.3594
194952.3125
194957.2188
194984.7656
195005.9219
195013.5156
195068.1094
195109.5625
195135.4688
195925.7188
195985.1094
196007.5156
196504.1094
196510.1094
196571.6719
196578.9219
196911.0625
196916.4219
197014.7656
197021.3125
197046.3125
197073.6094
197118.3594
197138.4688
197406.9688
197415.9219
197434.9688
197456.3594
197501.0625
197544.1719
197580.9219
197626.2188
197639.6719
197661.4219
197681.6719
197697.4219
197711.1094
197731.6094
197765.3125
197885.1719
197928.5156
197937.8125
197968.7656
197983.0625
198278.4219
198283.2656
198444.4688
198449.5156
198686.4688
198692.0625
198733.3125
198746.7656
198829.2656
199038.9219
199044.3594
199094.9219
199358.6719
199363.3125
199498.9219
199505.6094
199872.9219
199877.3125
199976.2188
199983.0625
200018.0625
200145.8125
200153.4219
200433.7188
200438.0156
200461.2188
200587.8594
200599.2656
200673.7656
200739.7188
200788.6094
200837.2656
200859.2656
200907.8594
201109.7656
201113.3594
201285.4219
201289.6719
201323.1094
201343.6719
201687.6719
201692.5156
201710.8125
201838.0156
201914.6094
201920.0156
202289.3594
202295.1094
202378.0156
202384.2656
202615.6719
202621.1719
202981.2188
203002.8594
203020.1719
203038.0625
203055.4688
203099.6719
203131.0156
203150.4688
203180.4219
203470.5625
203475.3594
203648.3594
203652.8594
203700.5156
204170.8594
204175.0625
204692.5156
204697.2188
205174.8125
205186.0156
205203.7188
205230.9219
205458.1094
205462.3594
205911.2188
205916.5156
205930.4688
206123.6094
206129.4219
206237.9688
206248.5156
206256.8125
206274.6719
206308.1094
206327.1719
206367.8125
206423.6094
206474.9219
206970.3594
206976.3594
207143.9219
207157.9219
207168.0625
207486.0156
207494.3125
207761.3125
207766.1094
208111.8125
208116.4219
208535.8125
208542.2656
208830.8594
208836.1094
208857.6094
209076.1094
209082.7656
209106.3594
209229.1094
209252.7188
209272.1719
209294.7656
209312.3125
209344.2656
209418.2188
209438.9688
209574.7188
209579.3594
209871.1719
209876.0625
210396.0625
210401.3125
210436.5625
210465.9219
210487.5156
210540.6719
210598.9219
210701.1719
210727.2656
210758.1094
210763.0625
211039.9688
211044.3125
211773.9688
211779.2656
211868.7188
211875.3125
211958.4688
212562.9219
212566.8125
212872.4688
212877.7188
212912.6719
213012.3594
213018.2188
213042.6719
213260.9219
213337.3125
213355.4219
213383.3125
214052.5625
214059.1719
214417.6094
214444.6719
214459.0625
214478.8125
214687.8594
214693.0625
214718.9219
214953.7188
214960.8125
215105.0156
215112.1719
215497.2188
215501.2656
215662.0625
215667.3125
215703.8125
215878.2188
215883.6094
216049.9219
216056.3594
216546.8594
216552.3594
216956.4688
216969.7656
216987.4219
217181.1094
217186.5156
217311.1719
217424.9688
217429.4219
217469.7188
217484.7188
217505.9688
217568.3125
217586.5625
217778.0156
217783.1719
217835.7656
217844.5156
218323.2656
218344.8125
218362.1094
218379.1094
218380.5156
218384.3594
218398.9688
218426.4688
218433.2656
218442.6094
218465.6719
218494.8125
218511.8125
218794.3125
218800.4219
218871.4219
218888.1094
219209.6094
219215.1719
219472.7188
219477.7188
219587.4219
219592.6094
220085.0156
220088.8594
220335.9688
220341.2188
220424.3125
220576.6719
220617.1094
220637.2656
220677.7188
220681.7188
220830.7188
220835.7656
220943.9219
220949.3125
221490.8594
221496.0625
222049.4688
222071.0156
222095.3594
222138.4688
222170.4219
223452.5625
223474.5625
223496.0625
223513.1094
223546.0625
223590.3125
223678.8594
223832.0625
224094.0625
224100.4219
224852.1094
224858.1094
224902.7188
224913.8594
225738.7656
225761.5156
225795.7188
225814.7656
225819.1719
225866.8594
225890.5156
225960.6719
225999.5625
226010.7188
226014.8594
226121.6094
226126.1094
226353.5625
226358.9219
226396.6094
226459.4219
226767.6719
226800.2656
226816.2656
226999.2188
227005.2656
227361.6719
227365.9219
227390.5156
227419.2656
227432.2188
227626.1719
227652.3125
227745.8125
227750.6094
227810.5156
227834.0625
227862.5156
227875.2656
227889.7656
227909.0625
227931.4688
227938.8125
227957.5625
227972.3125
228026.1719
228046.8594
228199.7188
228205.7656
228331.3125
228340.2656
228396.9219
228405.0625
228612.6719
228616.5156
228631.7656
228809.6719
228816.5156
228947.0625
228953.1719
229192.9219
229197.3594
229253.9688
229264.3125
229415.2656
229880.4688
229884.9688
230059.6719
230066.9688
230097.7188
230108.4688
230304.0156
230308.8594
230348.0156
230393.7188
230411.2188
230426.6094
230455.7188
230473.6094
230541.1094
230656.4688
230786.7188
230791.3125
230968.7188
230973.5625
231020.2188
231047.9688
231075.6094
231648.1719
231652.3594
231670.5625
231691.3594
232047.1719
232050.9688
232114.3594
232122.6094
232161.8594
232242.1094
232250.3125
232668.1719
232677.0156
232777.0625
232784.5156
233160.2656
233164.2656
233195.5156
233224.7656
233251.9688
233306.0156
233339.3125
233355.1719
233415.0625
233423.5156
233689.2188
233694.8125
233813.8125
233822.5156
234144.9219
234151.6719
234188.5625
234209.8125
234277.9219
234286.1719
234323.2656
234476.9219
234483.2188
234526.7656
234762.6094
234767.2188
234830.2188
234837.3125
235088.9219
235093.2656
235111.8594
235156.2188
235192.9219
235227.8594
235246.5625
235252.0625
235255.5625
235282.9688
235341.3125
235366.7656
235371.5156
235529.7656
235535.4219
235786.9219
235793.2656
235857.0625
236041.8125
236045.8594
236132.4688
236174.1719
236183.2188
236369.2188
236375.4219
236553.6719
236599.9219
236617.9219
237131.1719
237135.2656
237158.5625
237182.8594
237196.6719
237264.0625
237451.6719
237456.8125
237525.0625
237532.9219
237666.7188
237673.1719
237878.9688
237897.8594
238056.1094
238075.4688
238080.9688
238102.6094
238133.4688
238160.3594
238166.8594
238187.6719
238225.2188
238256.8125
238375.9219
238381.3125
238739.6094
238743.9688
238796.3125
238805.6094
238916.6094
239062.8594
239072.2188
239243.9219
239249.1094
239301.9219
239310.2656
239450.1094
239464.8125
239471.8594
239476.4688
239482.4219
239494.7188
239559.9688
239581.1719
239631.2656
239726.6719
239731.3594
239832.6719
239838.7188
240069.7188
240074.7188
240319.9219
240326.3594
240594.3594
240624.6094
240638.3594
240655.2656
240695.2188
240711.5625
240715.6719
240783.1719
240789.2188
240976.7656
240982.3125
241087.3594
241106.5156
241416.3594
241421.8594
241457.7188
241467.3125
241560.9688
241566.5156
241666.3125
241671.2188
241728.1094
241737.9219
241978.9219
241983.7188
242005.6719
242054.4219
242062.0156
242431.3594
242436.5625
242528.6719
242536.2656
242650.3594
242654.5625
242751.7188
242756.7656
242904.8594
242910.2656
243005.6719
243010.3594
243099.5156
243108.1094
243132.3125
243151.6094
243172.8125
243188.4219
243212.7656
243230.2188
243266.1719
243273.2656
243274.4219
243332.5625
243449.8125
243455.0156
243514.2188
243520.7188
243790.1719
243795.8594
243828.2656
243837.0156
243991.8594
243997.4688
244030.1094
244043.4219
244107.3125
244311.2188
244318.9219
244356.8594
244369.2656
244438.2188
244444.2188
244667.3594
244671.7656
244752.5625
244758.6719
244808.9688
244815.1094
244911.6719
244918.8125
244981.2656
244990.3594
245128.8594
245134.2656
245233.3125
245238.2656
245306.6094
245346.1719
245399.6719
245407.0625
245641.0625
245645.6094
245673.4219
245687.6094
245792.3125
245848.0156
245891.6094
245910.4219
245914.9688
245969.8594
246043.8594
246049.3125
246118.6094
246126.7188
246363.1094
246368.9219
246407.8594
246415.9219
246544.1094
246548.6094
246593.7188
246608.6719
246688.8125
246696.4219
246777.8125
246807.1719
246825.6719
246830.7656
246839.1719
246920.5625
246950.7188
246958.4219
246963.5156
247186.5156
247191.0156
247223.4688
247236.2656
247310.0156
247315.9688
247474.9219
247479.1719
247518.5156
247525.9688
247747.5156
247755.6719
247878.9688
247885.2656
248116.6094
248121.9688
248208.2188
248213.0156
248662.7656
248667.2188
248717.9688
248728.4688
248823.1719
248832.7188
249139.5625
249143.8125
249211.4219
249217.2188
249384.0625
249392.2656
249436.6094
249456.5156
249473.9219
249487.8594
249559.5625
249590.4688
249612.3125
249617.2188
249620.6094
249689.7656
249718.9688
249724.8594
249833.5625
249839.1719
249913.2656
249921.3594
249964.4219
249993.7188
250165.2188
250407.6719
250411.4219
250444.8594
250458.9219
250656.7656
250661.8594
250740.5156
250745.8594
250808.3594
251039.3125
251045.8125
251288.6719
251294.9688
251351.5156
251359.9688
251480.5625
251488.5625
251504.9688
251612.3125
251632.6094
251639.5625
251650.9219
251673.6094
251706.8594
251735.0625
251772.2656
251805.7188
251810.6094
251835.2656
251902.4688
251903.6719
251909.2188
251945.2188
252046.8125
252051.4219
252126.3125
252135.1719
252255.2188
252260.6719
252397.7656
252403.7188
252450.6094
252461.0625
252773.0156
252777.0625
252780.6094
252784.3594
252784.7188
252786.7188
252819.5156
252827.5156
253026.8594
253031.4219
253067.3594
253076.3594
253250.5625
253255.4219
253474.5625
253479.1094
253497.2188
253564.6094
253570.5625
253692.7656
253712.0625
253715.0156
253718.0625
253740.7656
253767.1094
253787.4688
253805.7188
253810.5625
253813.1094
253831.7656
254061.0625
254065.7656
254155.9688
254163.1094
254658.7656
254663.4688
254681.4688
254728.8125
254749.0625
254792.2188
254811.5625
255277.9219
255283.0625
255314.5625
255320.6719
255524.5625
255550.1719
255569.3594
255577.6719
255582.5156
255593.2656
255638.6719
255643.9219
255925.0625
255929.5625
255959.5156
255968.3594
256118.8125
256124.4688
256222.8125
256228.2656
256421.2656
256437.7656
256454.9688
256472.2188
256497.7656
256711.0625
256714.8594
256745.4688
256767.6719
256786.1094
257130.7656
257135.5156
257245.0625
257254.5156
257598.5625
257604.1719
257668.7188
257679.4219
257861.6094
257866.1094
257919.6094
257927.3125
258148.3125
258156.6094
258161.7656
258171.1094
258191.5156
258195.6719
258198.5625
258257.7656
258294.6094
258410.1094
258414.4219
258433.0625
258642.9219
258646.8125
258682.2656
258694.8125
258864.4219
258867.8594
258877.5156
259106.3594
259112.5625
259239.7188
259246.5156
259528.9219
259533.7656
259563.8125
259573.1094
259813.6719
259818.1719
259990.7188
260011.4688
260030.0156
260090.1094
260114.3594
260134.2188
260156.1094
260160.8594
260164.7188
260226.1719
260233.6719
260428.9688
260433.4219
260502.9219
260508.3125
260613.6719
260619.4219
260729.4219
260734.8125
260758.8125
261150.6094
261226.9688
261232.8125
261715.2656
261720.2656
261731.0156
261771.6719
261783.0156
261993.0156
261999.3594
262027.8594
262047.1719
262080.3594
262091.7188
262140.9219
262154.5625
262344.5625
262425.7813
262433.6563
262495.0625
262502.6563
262739.0625
262744.2188
262760.7188
262785.3125
262802.625
262939.7188
262971.7188
262986.875
263006.4063
263030.875
263054.9688
263059.0625
263120.2813
263277.625
263282.375
263291.9688
263593.375
263598.0625
263607.4063
264028.9688
264033.0313
264053.7813
264769.875
264814.9688
264822.5625
264853.5625
264960.2188
264966.5625
265003.2813
265152.9688
265157.375
265316.1563
265321.7813
265513.3125
265518.2813
265592.125
265725.4063
265776.625
265798.7188
265802.625
265804.0313
265821.4063
265873.125
265922.2813
265975.4688
266056.5313
266281.3125
266285.5625
266654.7813
266659.7188
266797.4688
266804.4063
267019.125
267023.9688
267082.1563
267093.9688
267197.4063
267206.125
267312.4063
267317.8125
267736.2188
267922.375
267928.1563
267971.9688
267978.3125
267979.3125
267999.9063
268018.5625
268035.7188
268058.9063
268077.875
268122.875
268604.125
268609.6563
268724.8125
268731.9688
269210.5313
269214.8125
270122.2813
270151.6563
270169.9063
270192.2188
270228.5313
270246.375
270387.375
270442.6563
271493.3125
271524.125
271560.4688
271627.1563
272941.0625
272945.9688
273195.5313
273415.125
273646.0313
273650.4688
273672.4063
274186.5313
274191.7188
274445.1563
274455.0313
274461.9063
274569.9688
274598.8125
274621.625
274645.9688
274718.125
274719.4063
274723.5313
274753.9688
274768.625
274773.5625
275156.7813
275162.625
276640.125
276659.0313
276685.6563
276701.0625
276710.125
276754.4688
276801.875
277386.4688
277391.9063
277477.0625
277484.2813
278058.2188
278064.0313
279219.4063
279223.6563
279273.375
279285.5625
279356.8125
279363.5313
279618.7813
279623.4063
280149.625
280179.625
280217.625
280282.3125
280318.4688
280355.0313
280359.4688
280456.375
280461.125
280479.3125
280753.8125
280758.8125
280775.2188
280784.7188
280957.375
280978.1563
281030.5313
281054.2813
281078.3125
281099.8125
281111.625
281117.7813
281235.1563
281239.4063
281263.625
281700.0313
281703.875
281719.875
281768.0625
281775.2813
281985.6563
281990.4688
282331.8125
282336.0313
282367.375
282857.4063
282861.7813
282962.7813
282970.4688
282995.9063
283034.7188
283207.7188
283213.7813
283222.9688
283598.6563
283603.625
283827.4688
283832.2188
283867.6563
283875.7188
284035.6563
284068.625
284094.4063
284116.0313
284117.8125
284122.6563
284142.0313
284154.4688
284159.5313
284173.1563
284185.125
284207.4063
284243.9688
284741.125
284746.125
284880.4688
284885.4688
285131.5625
285136.9063
285202.0313
285212.625
285273.5313
285295.875
285314.3125
285328.3125
285334.7188
285351.4688
285381.375
285409.8125
285470.2813
285478.1563
285483.2188
285519.2813
286175.3125
286179.5625
286188.0313
286347.7188
286352.375
286697.9063
286703.125
286789.0313
287670.1563
287698.125
287713.5625
287716.3125
287720.6563
287759.5625
287761.625
287771.125
287999.375
288004.9063
288224.0313
288230.125
288360.1563
288365.7813
288641.5313
288661.4688
288677.375
288705.0313
288753.9063
289308.625
289312.9063
289332.7813
289728.9063
289734.9063
289743.8125
289943.9688
289949.4688
290357.7188
290361.4688
290401.9063
290424.8125
290449.0625
290461.1563
290766.875
290772.2188
290787.7188
291676.0625
291680.2813
291785.375
291790.9688
292009.4688
292013.375
292040.125
292214.1563
292218.6563
292255.375
292345.875
292364.9063
292383.0625
292403.7188
292405.0625
292411.0313
292424.7813
292454.0313
292473.2188
292491.8125
292576.8125
292603.5313
292605.7188
292609.3125
292653.5625
292779.5625
292784.375
292875.0313
292880.7188
293179.1563
293183.4063
293285.5625
293291.9063
293490.125
293496.4688
293672.0625
293677.625
293705.125
294243.5625
294247.7188
294258.125
294455.9688
294460.1563
294536.2813
294543.3125
294941.125
294948.0625
294956.5313
295202.625
295207.3125
295244.7813
295266.2813
295276.875
295505.4688
295510.7813
295528.5313
295566.375
295576.625
295717.5625
295722.5625
295895.9063
295901.2813
296016.4688
296023.1563
296062.6563
296389.125
296393.5625
296428.375
296443.6563
296593.2813
296598.6563
296636.3125
296651.0625
296690.875
297024.2813
297030.2188
297198.125
297241.9063
297272.625
297293.5313
297313.5313
297329.125
297350.4063
297354.5625
297362.9063
297377.2813
297397.0625
297405.0313
297417.6563
297423.8125
297464.4063
297615.5313
297620.9688
297818.7813
297824.4688
297928.9688
297934.3125
297953.875
298216.125
298220.8125
299074.7813
299079.125
299271.0313
299276.0625
299304.5313
299320.5625
299470.2813
299489.4688
299503.7813
299526.9063
299538.1563
299556.9688
299578.7188
299671.9688
299676.7813
299695.625
299719.9688
299752.125
299783.2188
299843.1563
299847.5313
299861.1563
300178.6563
300183.8125
300774.4688
300778.9063
300904.4688
300909.6563
300948.375
300954.7813
301424.0625
301427.625
301579.2813
301584.5313
301782.4688
301787.5313
302368.125
302371.875
302396.8125
302423.375
302438.2813
302542.6563
302564.375
302578.0313
302595.125
302608.8125
302633.8125
302634.6563
302639.125
302648.0625
302664.5313
302687.7188
302704.375
302714.375
302715.5313
302727.5625
302729.5313
302773.9688
302805.125
302959.1563
302964.1563
303036.125
303044.2813
303416.875
303421.375
303437.625
303760.9688
303765.2188
303874.9063
303996.125
304006.4063
304112.9688
304121.3125
304143.875
304227.4063
304235.9688
304456.2813
304461.4688
304887.875
304893.2813
305421.5313
305427.375
305452.1563
305468.6563
305588.3125
305593.4063
305669.3125
305703.375
305724.9688
306075.5625
306081.3125
306109.6563
306196.625
306201.9688
306239.7813
306290.625
306313.8125
306316.6563
306324.9063
306332.125
306348.9688
306363.125
306401.2813
306422.7813
306497.375
306522.625
306527.1563
306552.6563
307007.6563
307015.2813
307055.7188
307081.875
307139.375
307368.3125
307374.6563
307411.625
307483.6563
307490.125
307617.6563
307658.9063
307683.3125
307696.8125
307718.0313
307751.3125
307789.0625
307798.875
307803.4063
307818.1563
307914.9688
308110.875
308115.4063
308334.9063
308339.0313
308362.875
308390.3125
