10880.43945
12028.28906
15029.23926
15198.28906
15365.18945
19787.83984
20412.74023
21820.13867
23211.53906
23735.88867
26988.08984
27080.08984
27298.53906
28117.08984
29078.24023
30245.53906
33395.08984
34381.28906
35573.33984
35879.58984
42762.4375
43176.53906
43303.08984
43728.6875
44193.48828
45045.48828
46201.33984
46474.39063
47825.9375
49660.48828
50761.73828
50882.39063
51074.4375
52236.98828
53175.9375
56908.39063
58159.08984
58535.33984
62807.39063
62869.98828
65002.64063
65885.83594
66559.53906
66960.33594
67167.39063
80658.14063
83874.39063
84218.49219
85192.78906
86253.64063
88329.03906
90292.08594
90294.14063
90297.33594
93357.53906
110186.4375
112904.5859
116972.2891
117016.8359
119763.8906
119842.3906
119857.9375
120735.8359
123864.2891
124031.8359
163979.2969
165375.1875
166404.7344
168666.4844
191359.7969
281458.1875
