61760.46875
61780.51953
61808.32031
61828.67188
61856.21875
61880.17188
61918.76953
61995.96875
62881.92188
62892.42188
62923.46875
62951.71875
62988.71875
63917.62109
72442.02344
107410.6719
107483.7734
120037.0234
120083.4688
120136.0703
120234.1172
120764.2188
121270.0703
121912.7734
122174.1719
122238.3203
123050.8672
123152.5234
123363.6172
123403.0703
123431.8203
123690.0234
123705.4219
123817.2734
124521.3203
124583.3672
139814.7656
139860.0625
140133.9219
142805.2656
142816.5625
142830.1719
142853.0156
142915.1719
143019.125
144743.2656
144747.2656
144785.7656
144823.7656
144922.625
144936.0156
145021.375
145540.6719
145570.1719
148970.9219
148997.125
149738.7188
149790.3125
149824.4219
149849.0156
149885.7188
149930.5625
149980.875
150027.4219
150150.5625
150225.0625
150696.6719
150721.9219
150751.3125
150795.0625
150815.3125
150840.9219
150879.0156
150977.9688
151019.4219
151122.125
151151.9219
151441.9688
151998.7656
152067.375
152104.0156
152154.625
152192.1719
152415.9688
171171.2656
172383.125
172402.3125
172471.875
172489.2188
172506.2188
173181.3125
173208.7656
173231.125
173238.9688
173255.125
173294.875
173366.3125
173407.0625
173488.9688
173524.2188
174183.9688
174225.5156
174241.9688
174354.5625
174412.2188
174434.5156
174456.6719
174582.5156
174625.5625
174724.125
174780.6719
174827.5156
174851.5156
174856.9688
174888.375
174959.0625
175034.9688
175076.7656
175125.9688
175235.875
175397.3125
175420.5625
175519.9219
175601.4219
175631.1719
175692.625
175694.9688
175760.875
175834.7656
175912.4219
175977.2188
176098.5625
176204.4219
176809.0156
177275.2188
177371.5156
177458.9688
177673.3125
178384.0625
178408.9688
178550.5625
178761.6719
178801.0156
193045.3125
193073.2188
193184.8125
194280.4219
194320.6719
194363.0156
194627.0156
194955.3125
195044.3125
195264.4219
195312.9688
195332.7188
195348.3125
195400.1719
195429.7656
195639.3125
195724.625
195811.875
195884.2656
195967.0156
196023.7188
196048.4688
196371.4219
196460.375
196601.2188
196692.0156
196825.0156
197057.7188
197141.0156
197305.2188
197370.875
197419.4688
197509.5156
197936.6719
198232.1719
198257.6719
198370.125
198393.375
198406.5156
208926.2188
208946.3125
208963.5156
209044.1719
209072.8125
209100.0156
209128.4688
209289.4688
209498.5156
209662.1719
209749.8125
209781.0156
209925.3125
210409.6719
210414.8125
210457.9219
210502.9219
211157.625
211192.7656
211214.9219
211235.9688
211245.6719
211276.7188
211294.3125
211358.375
211567.1719
211610.4688
211795.4688
211847.5625
212132.8125
212380.2188
212395.7188
212456.125
217914.9688
226573.125
226865.125
228150.8125
228196.625
228923.2656
228954.6719
229135.9219
235755.1719
235780.125
236840.4219
236863.625
236933.5625
237052.7188
237777.125
237802.875
237821.625
237844.625
238024.3125
238076.875
238116.2188
238739.7656
239641.375
239742.0156
240584.7656
240628.125
240738.625
240901.6719
240935.2656
240991.125
241049.875
241134.5156
241290.4688
241322.4688
252083.7656
252114.7656
252701.0156
252752.2656
252935.625
252974.7188
253019.4219
253210.625
253471.9688
253511.0156
253537.875
253610.3125
253646.0156
253721.875
253763.5156
253876.4688
253913.625
253995.7188
254103.0625
254148.7188
254346.4219
254604.9219
254658.4219
254854.2656
255078.4688
255152.0625
255257.0156
