773.5131836
1633.713501
2180.263428
2353.163086
3008.163086
3992.413086
4508.313477
4820.563477
5802.613281
5913.363281
6979.213379
8592.313477
9165.063477
10658.21289
10751.66309
12070.16309
16605.86328
17088.61328
18365.46289
18414.26367
18440.11328
20117.5625
23502.16406
25849.86328
26794.61328
28315.0625
28365.96289
29636.21289
31178.5625
31725.66406
31923.86328
31931.76367
32665.76367
32989.3125
37183.01172
37511.0625
39525.66406
42329.36328
42457.0625
42688.41406
43283.76172
43464.01172
45067.66406
45198.61328
45335.11328
45466.5625
45482.41406
45837.41406
46677.96484
47213.01172
48417.8125
48755.66406
53349.76172
54310.96484
55522.46484
57114.16406
57548.8125
59209.76172
59273.51172
60200.11328
60254.11328
60370.16406
61246.5625
61291.8125
62270.46484
62286.11328
63077.26172
63289.71484
63469.51172
64254.76172
64351.3125
65120.0625
66403.36719
67362.01563
68883.21094
69651.16406
70458.76563
70973.71094
71188.8125
72115.01563
73934.11719
74320.5625
74585.41406
74631.01563
77702.61719
77869.61719
78652.91406
79223.01563
79471.76563
81188.21094
83737.41406
83767.86719
85264.21094
85271.86719
85375.26563
87905.76563
88814.71094
90144.51563
90629.76563
90753.76563
93121.91406
93126.86719
94124.11719
95485.86719
96518.76563
97046.86719
97466.3125
102546.2109
103421.9141
106690.8672
106820.7656
107525.8125
107965.3672
109082.7109
112306.8672
112891.0156
113277.0156
113583.0156
113915.3672
114247.6641
114975.9141
115040.8125
115090.8125
115880.2656
115976.2656
116647.9609
117482.3672
117529.9141
120029.7656
120038.6641
120121.3672
120895.0625
121118.7656
121261.2656
122229.4141
122900.3125
123971.0625
124012.5156
125279.4609
125698.2109
126430.3672
129911.2656
129961.7109
130364.4609
130368.9609
133725.9063
135195.8594
135235.2188
140495.8125
141837.2188
142612.1563
143328.7656
144028.1563
145028.4063
145116.4063
147427.5156
148089.1563
148116.8125
148401.4063
148748.9063
151964.7188
151969.2656
153952.8594
155859.5625
156124.6563
157055.2656
157366.1563
157408.6094
158082.2656
158802.3594
158931.3125
158953.5156
161327.4688
161345.2656
162551.1563
162956.4688
163190.9688
163259.6563
166184.1094
166384.2656
167687.4688
168851.8125
170807.1563
170822.3594
173105.3125
173411.9063
173713.7656
174254.8125
174760.2656
174849.7656
175339.4688
176380.9688
177129.8125
177566.8594
177577.8594
177890.2656
177900.4688
178374.1563
178493.6563
179623.7188
181126.4688
181380.3594
181913.9063
181946.3125
181950.9688
183128.6094
186023.3594
186400.4063
186661.9063
188226.1563
190238.0625
190623.3125
190751.2188
190781.0156
190958.0625
191269.3594
191320.0156
192158.0156
192943.0156
193347.9688
196591.9688
196961.4063
197232.7656
200031.5625
200568.0156
201731.7656
201787.3594
201908.8125
201962.6094
203766.8125
216487.6094
216540.1094
217350.0156
218735.9063
221398.5625
223425.6094
223933.7656
224235.1094
226768.8125
227254.7188
227577.0625
228308.5156
228388.6563
229062.2656
230982.9688
236808.6563
237776.1094
237791.6094
239708.4688
240507.2656
240754.1563
241738.9063
243695.4063
245647.8125
245663.2656
247080.5156
247416.7656
248753.9063
249219.1563
250448.0156
250998.5156
252647.4688
252963.2188
253011.5156
254502.3125
254741.5625
255009.6563
257117.1563
259772.8125
261905.1094
262388
265043
268777.375
269680
273551.625
274042.5625
275135.9688
275320.4688
278021.5
278849.9063
279146.7188
282124.875
283971
285827.8125
286767.25
287180.0625
287810.25
290089.3125
292011.75
292203.9688
293149.75
293982.7188
294367.4688
294881.5625
295518.75
295921.3125
300178.1563
300707.5
302391.7188
302817.7188
303096.875
305456.7188
305470.9063
307374.1563
307678.4063
