247.0065002
277.2565002
347.1065063
445.6564941
1764.356445
1838.856445
1956.206543
2582.006592
2640.957031
2708.106445
3812.106445
3956.656494
3999.806396
4043.756592
4132.356445
5095.556641
5153.756836
5176.156738
5214.356445
5290.956543
5588.406738
5690.756836
5826.206543
6283.406738
6500.106445
6557.656738
6562.756836
6585.556641
6620.456543
6677.206543
7420.856445
7508.456543
7571.606445
7611.706543
7688.706543
8589.806641
10608.65625
11513.65625
11644.10645
12144.35645
13551.45703
13606.45703
13636.05664
13677.05664
13714.30664
13779.00684
13857.90625
15944.30664
16209.05664
16321.75684
16945.00586
17002.25586
17090.75586
18103.25586
18139.90625
18208.70703
19179.20703
19210.90625
19247.25586
19292.95703
19913.95703
19965.30664
20053.15625
20093.65625
20214.15625
20474.80664
20889.95703
21304.90625
21365.65625
21448.15625
21545.00586
21604.85742
21654.05664
22069.20703
22742.90625
22995.35742
23036.55664
23194.10742
23473.20703
23584.35742
23713.05664
24813.75586
24985.80664
25286.10742
25704.75586
25764.50586
25809.30664
25946.85742
26035.25586
26129.70703
26176.05664
26215.00586
26261.65625
27113.05664
27155.10742
27294.70703
27651.70703
28174.15625
28238.20703
28397.85742
29146.25586
29208.35742
29357.10742
29406.55664
29529.65625
29578.45703
29640.10742
31018.85742
31081.25586
31111.20703
31156.25586
31200.75586
31488.75586
31614.75586
32109.70703
32160.60742
32237.50586
32275.95703
32315.00586
32358.75586
32360.35742
33187.75781
33532.65625
34052.25781
34174.65625
34220.00781
34257.80859
34328.50781
34377.70703
34666.20703
34722.05859
34809.40625
35013.15625
35338.85547
35790.70703
36861.65625
36911.90625
36951.85547
37037.25781
37314.25781
37430.40625
37749.90625
38061.70703
38113.20703
38160.20703
38416.35547
39282.95703
39412.00781
39445.30859
39471.20703
39515.60547
39978.80859
40298.55859
40343.50781
40375.50781
40436.80859
41443.10547
41491.75781
41536.90625
41612.60547
41675.90625
41677.50781
42404.90625
42500.70703
42529.45703
44000.25781
44046.65625
44084.15625
44099.85547
44149.95703
44190.40625
44255.10547
45532.35547
45620.70703
46327.45703
46407.00781
46458.00781
46486.55859
46536.35547
46568.45703
46603.15625
46672.95703
47435.45703
47651.40625
47655.35547
47682.45703
47720.70703
47753.00781
47759.80859
48435.30859
48594.70703
48690.65625
48981.25781
49457.45703
49528.25781
49540.35547
49574.15625
49618.05859
49662.20703
49695.70703
49970.05859
51459.90625
51495.50781
51524.25781
51557.20703
51680.35547
51759.85547
51826.80859
52011.30859
53314.15625
53378.10547
53440.00781
53447.40625
53498.00781
53868.90625
53936.20703
54023.45703
54392.90625
54558.90625
54598.55859
54643.15625
55135.40625
55667.70703
56231.85547
56924.45703
57062.60547
57638.00781
57681.85547
57725.55859
58297.05859
58337.35547
58405.15625
59170.40625
59705.10547
59780.90625
60427.95703
60464.25781
60522.30859
61000.50781
61632.50781
61692.65625
61750.55859
61877.75781
62018.75781
64027.80859
64318.90625
65363.55859
65409.25781
65440.10547
65454.55859
65491.10547
65521.60547
65606.25781
65801.60938
66027.25781
66063.90625
66100.50781
66312.95313
66351.45313
66387.40625
66451.15625
66870.40625
67414.70313
67485.30469
67531.10938
68556.30469
68616.75781
68661.40625
68685.70313
68740.85938
69300.85938
69339.85938
69390.20313
69433.70313
69479.50781
69600.65625
70190.70313
70494.45313
70673.45313
71354.60938
71399.65625
71419.35938
71441.35938
71482.80469
72016.50781
72099.75781
72196.20313
72255.90625
73004.45313
73166.40625
73215.25781
73271.50781
73306.55469
73410.20313
73914.40625
73990.55469
74049.40625
74095.40625
74150.75781
75726.80469
75786.40625
75867.95313
77212.00781
77278.85938
77352.35938
77354.10938
77408.10938
77467.30469
78177.20313
78297.30469
79448.60938
79473.75781
80293.95313
80361.80469
80440.15625
80476.20313
80516.30469
80574.65625
81052.65625
81107.90625
81188.45313
81582.00781
81633.70313
81683.70313
81745.70313
82271.95313
82728.50781
83737.70313
83910.00781
84922.65625
85010.10938
85609.85938
85668.95313
85972.90625
86448.80469
86789.00781
86823.90625
86867.95313
87453.70313
87527.55469
87583.60938
87641.50781
87693.20313
87708.70313
87789.20313
88598.25781
88687.70313
88770.20313
89272.55469
89319.10938
89368.65625
89515.90625
89657.30469
89946.95313
90254.80469
90420.30469
90494.50781
90604.30469
90650.45313
91531.05469
91598.50781
93958.80469
94603.15625
94644.75781
94716.70313
95125.80469
96238.60938
96322.85938
96378.20313
96418.65625
96426.40625
96475.35938
98779.45313
98781.05469
98850.00781
98914.35938
98974.50781
99243.40625
99348.40625
100242.2031
100328.8594
100397.2578
100990.4063
101051.5078
101082.7578
101149.0547
101197.3594
102127.2578
102167.1094
102200.0547
102248.0078
102298.6563
102453.1094
102551.7031
102855.7578
103283.2578
103455.6094
103809.9063
103846.4063
103890.5547
103923.0078
103992.1563
105003.5547
105043.3047
105076.6563
105113.4063
105205.4531
106195.8594
106245.1563
106310.9531
106365.7031
106438.7031
107669.4063
108439.2031
108497.2578
108547.3594
108596.6094
108646.6094
109199.2031
109247.6094
109286.6563
109358.3594
109532.0547
110547.6563
113051.9063
113118.3047
113296.0078
113655.9531
116228.5078
116308.9063
117005.1094
117053.9063
117057.2578
117058.0078
117108.5078
117625.4063
118039.8047
118125.7031
118155.2578
118161.3047
118275.9531
118498.0547
118564.4063
118815.8594
118898.8594
119494.2578
121696.8594
121738.9063
121772.2031
121914.7578
122052.9531
122166.7578
122202.8047
123504.2031
123567.2578
123665.3047
123969.7031
124361.3594
124400.0078
124441.8047
124524.4063
126082.6094
126502.3047
126584.1094
126627.3047
126665.1094
126730.2031
128061.5547
128096.0547
128139.3047
128190.4531
128232.1563
128276.2578
129577.6563
129917.1094
129980.0547
130043.1094
131454.0625
131556.1563
131708.5625
131718.5
131882.6563
131937.7031
131983.25
132120.25
133212
133240.9063
133277.3594
133313.6563
133363.25
133395.9063
133421.75
133457
134145.4063
134195.0625
134267.0625
134399.2031
136233.4063
136282.0625
136355
136651.1094
136688.1094
136717.8594
136754.8125
136783.3125
137589.9531
137690.8594
140325.1563
140396
140765.0625
140830.1094
140872.4531
141117.3594
141340
141398.4531
141450.1563
141500.9531
141552.8594
141949.75
142061.6563
142473.8594
143158
144174.25
145013.1563
145058.9063
145114.25
145140.5
145177.4063
145569.4531
145679.5
145992.4063
146045.5625
146094.4531
146179.25
146773.0625
147066.0625
147119.5625
148593.8594
148790.25
148901.9063
149766.9531
149771.75
149856.3125
149935.3594
149971.2031
150010.5
150063.1563
150068.6563
150236.4531
151114.1094
151168
151231.9063
151526.9063
152116.3125
152222.6563
152356.1094
152765.8594
153322.1563
153884.3594
153959.7031
154110.4063
154145.25
154185.9063
155754.8125
156755.6563
157078.2031
157145.25
157201.5625
157845.3594
157857.25
157903.8125
157961.1094
157998.3594
158029.75
158665.4063
158709.5625
158739.3125
158776.75
158826.8125
160350
160653.2031
160719.6563
160777.0625
161586.8125
161671.1094
161767.0625
161840.25
162462.4531
162524.25
162625.2031
163454.9531
164212.5625
164306.7031
164557.6094
166501.1094
166611.25
166692.5
168109.25
168510.4063
168577.9531
168637.1563
168691.4531
168737.3594
169467.7031
169897.6563
169962.7031
170648.0625
172643.3125
174562.3594
174632.8125
174841.8594
174902.75
174950.1563
174985.6094
176071.5
176146.25
177534.6094
177576.3125
177627.0625
177665.1094
177716.1094
177774.8125
177874.8125
178275.4531
178322.6563
178375.7031
178437.6094
178981.6094
179352
179427.8594
179497.7031
179874.3125
180727.6094
180771.3125
180773.1563
181347.3125
181426.25
181560.3594
181626.1563
181695.6563
183619.7031
183721.0625
183828.4531
183941.25
185664.6563
185745.3125
185751.25
185787.75
185845
186380.2031
186660.5625
186738.75
186789.4063
187993.3125
188074.5
188130.1563
188201.4531
188253.5625
190012.1094
191020.9531
191067.4531
191116.8594
191865.5
191912.8594
191969.1563
192021.5625
192987.5
193206.5
193468.3594
193793.25
194325.3594
194827
194860.9063
194907.7031
194953.5625
195023.25
195571.75
195650.8594
195668.75
195715.5625
195781.9531
195826.9531
197004.1094
197572.4531
197752.6563
197768.75
197809.75
199713.2031
199784.9531
199877.9531
201070.1563
202707.8594
203129.3594
203183
203226.6563
203545.75
203607.0625
203659.6563
203723.3125
204323.9531
205484
206093.4063
206141.25
206199.9063
206238
206292.4063
206771.3125
207017.8594
207800.75
208149.3594
208211.2031
209026.3125
209135.8594
209197.6094
209272.8594
209442.0625
210202.9531
210271.3125
210358.6094
213212
214515.6094
215219.8594
215266.5
215306.3125
215386.9063
215857.5625
215885.7031
218408.1094
218534
218571.9531
218664.6563
218755.9531
220178.5625
220241
220291.4063
220334.5625
220384.25
220473.3594
221810.7031
222266.1563
222334.6094
222439.4063
223283.3125
223571.8125
223621.9531
223695.8125
225869.7031
225992.75
226100.3594
227113.1094
227619.9531
227734
227745.6094
227879.7031
227941.1563
228022.75
229296.1563
230366.8594
230436.4063
230493.5
230640.4063
230665.5
230734.5
232219.75
232302.9531
232381.25
234549.7031
235134.75
235315.25
235365.9531
235429.0625
235854.25
235966.8594
236077.8125
238474.25
239357.1563
239400.7031
239453.9063
239487.8125
239860
240455.4531
240545.6563
240594.0625
240729.6563
243291.9063
243336.2031
243424.0625
243443.8594
243539.5625
243547.8594
244078.1563
244194.2031
245818.9063
245898.7031
246014.6094
246673.3594
247086.4063
247973.5625
248058.3125
248107.6563
248173.2031
248319.0625
249088.7031
249168.1563
249219.1094
249256.75
249294.6563
249337.75
249373.3594
249427.6563
249465.6094
249550.4063
249947.8125
250137.2031
250177.4531
250242.6563
250297
250329.2031
251876.75
251984.0625
252040.8125
252100.7031
252153.9063
252683.0625
252819.4063
252887.8125
252923.9531
255200.8594
255262.1563
255315.5625
255356.7031
255414.2031
255481.4063
255514.0625
255553.8125
255607.9063
255721.8594
256145.0625
256197.6563
256240.8125
256378.1563
256408.5625
256442.1563
256501.8594
256968.25
257420.8594
257519.6563
257821.7031
257937.8594
258013.6094
258066.9531
258071.75
258256.8125
259771.0625
260156.4531
260194.9531
260249.5625
260369.2031
261460.6563
261464.5
262715.0938
264246.0625
264449.9063
264521.9688
264565.7188
264608.3125
264647.8125
264713.7188
264777.9063
265408.1563
265953.9688
265955.5
266035.4063
266073.5
266135.9063
266184
268142.8125
268250.75
268533.2188
269776.0938
269928.2188
270052.5
270098.75
270132.5
270224.75
270271
270303.0938
270343.7188
271076.8438
271420.5
271488
271552.4063
271606.7188
273351.5938
273448.25
273616.8438
274286.5
274462.5938
274502.75
274538.6563
274586.5938
276583.5938
276685.25
276731.3438
276766.75
276816.5938
276875.5625
277926
278029.7188
278722.25
278803.2188
278955
279019.5625
279103.3438
279144.2188
279248.0938
279362.7188
279369.4063
280010.0938
280067.5625
280111.5
280141.1563
280188.4063
280257.8438
280633.4688
280743.7188
280819.5625
280858.6563
280930.75
280969.0938
281690.0625
281853.4063
284167.8125
284239
284289.5
284320.4063
284390.8438
285166.75
285211.2188
285240.8125
285299.0625
285353.3125
285381.8438
285425.7188
285965.5938
285977.3438
286031.8125
286124.5
286166.0625
286209.4688
286253.3125
286324.9688
286381.4063
287294.0938
288399.6563
289072.5
289845.0938
289943.5938
289996.4688
290053.4688
290097.5625
290471.3125
290677.1563
291384.0625
292203.2188
292298
292332.5625
292373.9063
292438
292509.25
292559.0938
292840.0625
292906.9688
295344.2188
295423.0625
295501.25
295558.1563
295593.3125
295639.2188
297462.7188
297519.75
297569.8438
297661.8125
299086.3438
299272.6563
299352.75
299409.3125
299429.3125
299514.4063
299577.1563
299640.5
299706.0625
300760.9063
301309.0938
302498.7188
302566.8438
302629.9688
302681.0938
302724.4063
302762.6563
302806.8438
303325.3438
303683.2188
303867.0625
304000.5625
304164.9688
306157.0938
306376.75
306539
306580.5625
306633.0938
306727.0938
307591.5
