5457.789063
5558.739258
5683.439453
7990.88916
8035.039063
8086.189453
8128.13916
8173.989258
8957.539063
9019.838867
9059.539063
9128.389648
10059.98926
10094.18945
10186.68945
10223.68945
11048.73926
11091.78906
11126.83887
11153.68945
11173.43945
12015.78906
12072.28906
12124.33887
12163.03906
12172.03906
12240.88965
12818.18945
15384.03906
15449.93945
16295.58887
16342.88965
16474.58984
17394.13867
17451.38867
18387.93945
18483.63867
19429.43945
19488.63867
19521.03906
22695.24023
22737.83984
22770.08984
22882.88867
23690.78906
23744.08984
23778.18945
24724.33984
24759.93945
24805.83984
24834.49023
25777.74023
25794.33984
25818.63867
25856.28906
26786.24023
26835.83984
29979.49023
30036.38867
30112.63867
31077.78906
31111.38867
32057.63867
32183.24023
33123.6875
36245.64063
37297.9375
38226.98828
38259.73828
39540.48828
40285.08984
40398.28906
41264.64063
41340.89063
41345.28906
44300.28906
44531.53906
45328.98828
46349.23828
46410.4375
46996.64063
47454.33984
48441.58984
48509.23828
51164.03906
51206.89063
52177.6875
52201.78906
52248.98828
52274.83984
53214.9375
53267.6875
53327.6875
54239.58984
54285.6875
54333.64063
55283.33984
55323.6875
58086.83984
58188.4375
58244.28906
58245.78906
59086.58984
59145.89063
60201.08984
60263.4375
60360.53906
61163.39063
61184.08984
61223.6875
61232.48828
61279.78906
62197.39063
62314.73828
68114.4375
73541.9375
83329.4375
88923.08594
92749.24219
93266.74219
93310.24219
113122.6875
113619.6875
118803.6406
206589.9844
206590.2344
