1155.23645
2295.886475
2304.986572
4583.636719
4610.286621
4922.636719
5261.586426
5372.236816
5419.336426
5646.086426
5740.386719
5802.536621
6136.186523
6677.886719
6792.236816
7740.686523
7742.936523
7757.236816
7792.436523
7798.336426
7810.736816
7869.586426
7879.636719
7982.936523
8314.287109
8332.886719
8509.336914
8801.736328
8856.686523
9117.886719
10185.43652
10214.98633
10219.58691
10262.93652
10297.18652
10306.13672
10363.23633
10371.38672
10859.13672
10889.98633
10962.58691
11209.33691
11237.98633
11250.48633
11273.23633
11277.13672
11306.03711
11312.98633
11410.08691
11412.13672
11548.68652
11871.78711
12144.58691
12163.18652
12202.13672
12246.88672
12277.23633
12295.28711
12329.78711
12352.63672
12390.33691
12769.18652
12890.93652
13035.13672
13081.43652
13093.28711
13183.33691
13250.03711
13257.68652
13293.13672
13294.28711
13308.98633
13312.93652
13414.23633
13577.68652
13694.38672
13695.88672
13811.03711
14009.23633
14162.28711
14230.28711
14243.13672
14254.93652
14302.48633
14303.93652
14308.98633
14311.33691
14362.08691
14544.73633
14568.43652
14644.48633
14735.38672
14851.03711
14982.38672
15901.48633
17542.23633
17651.88672
17667.28711
17695.98633
17704.33594
17727.1875
17770.38672
17964.63672
18284.38672
18547.63672
18678.73633
18684.88672
18711.58594
18718.9375
18730.73633
18734.98633
18746.53711
18773.78711
18924.98633
19282.13672
19649.53711
19672.73633
19691.73633
19708.88672
19713.83594
19716.38672
19722.08594
19745.03711
19775.33594
19801.48633
20013.48633
20434.53711
20780.73633
20793.23633
20796.03711
20816.9375
20844.58594
20870.9375
21040.38672
21479.6875
21579.08594
21849.08594
21850.73633
21858.4375
21896.1875
21902.58594
21945.63672
21990.6875
21991.73633
21998.83594
22093.98633
22436.9375
23496.73633
25246.33594
25248.38672
25257.58594
25283.6875
25319.9375
25328.4375
25330.58594
25352.88672
25508.13672
25901.33594
26025.73633
26070.4375
26153.13672
26201.83594
26268.6875
26269.78711
26286.53711
26390.53711
26402.88672
26610.13672
26776.38672
26881.53711
26883.48633
26987.6875
27039.78711
27086.63672
27146.78711
27199.08594
27279.78711
27299.63672
27303.98633
27328.1875
27332.48633
27416.48633
27451.1875
27545.28711
27557.33594
27622.88672
27747.58594
27805.83594
27888.78711
27958.6875
27996.6875
28091.08594
28142.83594
28206.48633
28298.63672
28373.9375
28432.1875
28441.53711
28475.38672
28510.08594
28900.63672
28933.88672
29009.13672
29066.08594
29163.63672
29168.78711
29250.13672
29341.78711
29359.08594
29360.4375
29376.48633
29380.4375
29390.13672
29603.9375
29636.03711
29688.88672
29768.38672
29823.4375
29875.33594
29948.63672
30028.1875
30164.03711
30304.48633
30333.98633
30509.08594
30558.78711
30780.1875
30814.38672
30849.88672
31010.38672
31022.88672
31094.08594
31161.08594
31284.48633
31358.73633
31378.48633
31634.88672
31638.73633
31664.6875
31671.48633
31688.83594
31717.58594
31721.88672
31969.58594
32152.28711
32246.48633
32304.88672
32449.6875
32455.03711
32478.63672
32629.88672
32644.48633
32688.98633
32776.63672
32822.53516
33149.48828
33251.53516
33273.63672
33291.63672
33293.73828
33323.03516
33387.9375
33656.78516
33702.48828
33716.83594
33764.78516
34247.23828
34285.6875
34292.98828
34330.78516
34478.83594
34749.28516
35078.33594
35128.33594
35155.03516
35397.78516
35668.98828
35685.28516
35700.08594
35743.63672
35832.83594
35965.73828
36042.78516
36292.38672
36460.08594
36582.03516
37669.6875
38130.23828
38331.33594
38919.88672
38990.53516
39017.28516
39025.88672
39419.23828
39466.38672
39473.33594
39824.13672
39947.28516
40001.6875
40004.23828
40034.03516
40355.98828
40457.1875
40628.53516
40896.53516
40928.78516
40960.73828
41001.83594
41332.38672
41551.33594
41691.63672
41873.98828
41884.63672
41896.63672
41916.88672
41980.08594
42010.78516
42045.63672
42590.48828
42928.33594
43040.53516
43108.88672
43574.9375
43660.78516
43785.33594
43846.63672
43847.83594
43995.03516
43998.58594
44026.58594
44053.88672
44220.63672
45124.63672
45726.23828
45797.6875
45997.48828
46420.73828
46460.88672
46601.58594
46808.53516
46843.08594
46938.73828
46986.38672
47180.13672
47254.9375
47339.4375
47358.08594
47439.88672
47482.6875
47771.4375
47907.28516
47963.13672
48002.83594
48371.73828
48621.13672
48857.53516
48862.08594
48879.73828
49407.78516
49462.13672
49488.83594
49674.98828
49800.73828
50410.03516
50449.78516
50547.78516
50583.13672
50695.9375
50762.9375
50764.08594
50785.98828
50794.4375
50920.6875
50997.58594
51179.9375
51444.38672
51547.6875
51611.58594
52091.48828
52116.1875
52306.88672
53335.88672
53337.6875
53388.1875
53422.98828
53491.03516
53568.4375
53576.73828
53602.38672
53608.78516
53611.13672
53715.08594
53794.63672
54083.1875
54088.9375
54265.28516
54343.38672
54475.13672
54512.58594
54554.58594
54640.28516
54650.83594
54659.58594
54719.9375
54787.23828
54835.28516
54839.33594
54995.78516
55171.73828
55190.6875
55210.63672
55218.23828
55276.83594
55363.03516
55435.38672
55474.28516
55558.88672
55565.73828
55585.08594
55596.78516
55608.53516
55631.73828
55651.13672
55676.38672
55685.33594
55709.78516
55862.58594
55864.33594
56157.53516
56202.9375
56252.63672
56279.58594
56371.98828
56450.58594
56453.83594
56526.9375
56666.13672
56732.1875
56751.48828
56767.6875
56882.6875
57090.83594
57208.23828
57266.03516
57314.13672
57325.63672
57401.38672
57517.53516
57543.33594
57582.08594
57646.83594
57686.83594
57724.03516
57756.28516
57789.73828
57893.13672
57897.4375
57951.63672
58021.38672
58174.23828
58176.08594
58224.63672
58250.1875
58304.58594
58308.03516
58366.98828
58397.33594
58444.23828
58610.88672
58757.53516
58880.6875
58937.33594
59098.58594
59170.6875
59248.1875
59272.23828
59357.58594
59873.88672
60231.38672
60301.58594
60697.83594
60730.63672
60862.1875
61167.1875
61426.63672
61657.63672
61663.98828
61690.03516
61748.73828
62028.53516
62218.28516
62316.83594
62457.13672
62605.58594
62624.33594
62681.83594
62803.38672
62957.03516
63179.03516
63273.83594
63414.58594
63419.08594
63455.23828
63519.1875
63594.48828
63642.53516
63656.03516
63689.08594
63700.38672
63710.4375
63720.03516
63783.88672
63876.83594
64276.08594
64333.73828
64391.1875
64418.23828
64486.9375
64509.58594
64535.6875
64601.78516
64602.88672
64620.88672
64675.48828
64695.6875
64766.28516
65341.48828
65466.53516
65518.6875
65543.33594
65678.98438
65721.33594
65735.88281
66238.1875
66405.83594
67070.88281
67136.98438
67325.13281
67400.6875
67595.33594
67646.23438
67670.58594
67673.6875
67779.63281
68351.78906
68405.6875
68529.03906
68770.53906
68801.4375
69536.03906
69594.13281
69667.6875
69726.98438
69857.88281
70550.03906
70566.73438
70647.73438
70899.4375
71041.58594
71146.6875
71539.13281
71549.48438
71584.78906
71651.03906
71652.08594
71662.83594
71707.53906
71797.1875
71930.08594
72016.38281
72140.13281
72546.03906
72550.6875
72682.83594
73080.9375
73318.4375
73355.03906
73423.73438
73533.98438
73540.1875
73708.9375
74061.48438
74914.88281
74979.1875
74984.63281
75120.98438
75187.33594
75216.88281
75290.38281
75324.13281
75342.98438
76101.53906
76123.98438
76130.83594
76133.33594
76159.13281
76209.58594
76247.78906
76260.33594
76277.23438
76283.88281
76400.28906
76435.23438
76455.33594
76975.4375
77065.83594
77106.38281
77112.33594
77176.08594
77181.1875
77231.38281
77232.98438
77235.83594
77399.58594
77401.63281
77536.38281
77914.88281
77999.53906
78152.73438
78258.08594
78265.98438
78346.63281
78509.28906
78701.13281
79159.28906
79195.78906
79245.83594
79269.58594
79288.78906
79309.73438
79331.78906
79333.38281
79381.13281
79399.98438
79403.9375
79482.13281
79568.13281
79896.53906
80297.08594
80413.33594
80479.98438
80522.08594
80617.23438
81753.38281
81979.1875
82733.4375
82796.78906
82812.78906
82830.33594
82873.6875
82890.13281
82897.33594
82934.73438
82946.03906
82957.23438
82974.6875
83557.08594
83715.78906
83781.38281
83845.23438
83866.73438
83908.6875
83931.13281
84017.33594
84353.48438
84470.08594
84545.78906
84619.58594
84643.28906
84660.03906
84691.88281
84692.08594
84752.6875
84887.13281
84895.4375
84946.23438
84946.53906
84948.13281
84967.98438
84995.78906
85465.23438
85653.23438
85731.88281
85790.23438
85793.53906
85885.1875
85910.1875
85915.73438
85941.28906
85954.28906
85966.78906
85968.23438
85978.28906
86018.23438
86548.73438
86642.03906
86792.63281
86823.33594
86836.9375
86892.6875
86904.08594
87228.48438
87281.83594
87526.1875
88237.98438
88812.48438
88820.63281
89050.63281
89276.73438
89304.98438
89323.33594
89337.33594
89361.48438
89438.4375
89647.23438
89841.48438
89888.08594
89908.6875
90122.83594
90225.4375
90277.38281
90312.08594
90378.08594
90408.6875
90416.9375
90441.98438
90492.08594
90604.48438
90862.03906
90939.78906
91060.98438
91404.33594
91429.88281
91459.4375
91511.73438
91569.53906
91919.28906
91948.33594
92037.38281
92110.03906
92352.78906
92357.88281
92360.53906
92370.48438
92394.9375
92440.38281
92462.83594
92485.9375
92489.28906
92712.83594
92999.1875
93227.08594
93245.83594
93304.88281
93343.63281
93446.38281
93837.63281
93891.23438
93932.53906
93989.48438
94004.1875
94150.03906
94418.38281
94659.53906
94841.6875
95188.28906
95254.53906
96498.13281
96642.9375
96674.23438
97298.58594
97503.23438
97504.53906
97883.28906
98286.6875
98321.38281
98378.23438
98561.53906
98666.4375
98790.78906
98908.08594
99087.83594
99338.48438
99536.83594
99548.48438
99595.58594
99617.38281
99787.73438
100033.2344
100088.4375
100372.2891
100375.4375
100552.9844
100651.2344
100735.6875
100781.2344
100839.7344
100930.4844
100961.7344
100997.0391
101165.5391
101370.7891
101472.6875
101554.6328
101606.8359
101630.8359
101946.6875
102022.9844
102197.0391
102393.6328
102471.8828
103100.0391
103133.8828
103137.8828
103564.6328
103622.0391
103740.9375
103786.7344
103840.5391
103889.6875
103942.4844
103999.6875
104061.6875
104117.5391
104192.9375
104286.6328
104393.0391
104633.6875
104653.3359
104656.0859
104786.8828
104799.6875
104917.7891
104949.2891
105003.8828
105039.2891
105122.6328
105208.3828
105330.2344
105552.3828
105603.7344
105618.2891
105636.3359
105643.9844
105662.8828
105733.4844
105738.5391
105744.0391
105922.6328
106006.1875
106053.8359
106083.4844
106159.6328
106224.8828
106414.8359
106506.5859
106755.7344
106782.8359
107047.7344
107217.9375
107283.3359
107430.6875
107491.6328
107557.3359
107565.4375
107605.6328
107662.8359
107706.8828
107754.6328
107801.7891
107838.5859
107945.9844
108068.1328
108122.2891
108179.4844
108245.8828
108272.6328
108322.2891
108379.2891
108400.7344
108402.9844
108490.7891
108547.6328
108628.7344
108671.0391
108699.6328
108715.8828
108734.4375
108778.9375
108780.1328
109012.2891
109063.4375
109102.5859
109154.4844
109192.0859
109195.9375
109235.4375
109282.5859
109459.2344
109513.2891
110075.4375
110097.8359
110490.9844
110590.0391
111155.9844
111293.5859
111310.9844
111326.7344
111399.0859
111405.7344
111421.4375
111424.2891
111426.0859
111524.5391
111593.4375
111637.3359
111833.1875
111977.0391
111983.6875
111990.0391
112015.4375
112053.2344
112060.8359
112097.8828
112196.6875
112261.9844
112335.6328
112337.4375
112359.3359
112394.1875
112405.4844
112428.7891
112440.9375
112445.0391
112452.8828
112484.5391
112542.5859
112588.6328
113002.8828
113096.9844
113132.7891
113159.2891
113200.7891
113276.4375
113322.8828
113329.3828
113365.7344
113376.5859
113432.3828
113433.3359
113495.7891
113503.0859
113588.9375
113833.5391
113994.4844
114042.6875
114153.6875
114216.8828
114289.2344
114379.8828
114381.3359
114418.7891
114422.9375
114465.7344
114471.6328
114500.3359
114505.3828
114557.0859
114584.2891
114612.8828
115206.1328
115331.6328
115419.4844
115437.3828
115453.5859
115454.9844
115542.9375
115573.2344
115574.3359
115622.4375
115772.1875
115788.1328
116025.2891
116057.3828
116074.8828
116098.5391
116165.5859
116368.8828
116463.4844
116506.4844
116575.2344
116767.9375
116835.7344
116927.4844
116973.7891
117002.0391
117237.1875
117345.1875
117425.5391
117471.4844
117608.9375
117734.4844
117813.9844
117857.9375
117867.4844
118091.0859
118148.0391
118171.6875
118178.1328
118181.2891
118235.9844
118237.3359
118264.7344
118274.6328
118310.7891
118355.9375
118452.2344
118817.0391
118833.4844
118877.1875
119109.1328
119160.0859
119222.5859
119233.9375
119235.4375
119258.1875
119261.5859
119264.5859
119283.6875
119286.0391
119340.8359
119395.7891
119541.3359
119906.9844
119955.7891
119963.6328
120144.0391
120259.2344
120260.0859
120282.9375
120284.9375
120322.5391
120339.8359
120370.6875
120382.9844
120387.5391
120389.7891
120412.8828
120516.3359
120800.7344
120953.1875
121020.8828
121064.8828
121096.3359
121209.6875
121335.1328
121361.7891
121412.6328
121434.3828
121520.8359
121565.2344
121580.1328
121600.4375
121659.0859
122128.2344
122334.3828
122370.8359
122377.4844
122450.5859
122454.9844
122464.4375
122599.5391
122762.7891
123142.3828
123267.0391
123312.7344
123425.2344
123430.1328
123598.4844
123821.7344
123926.6328
124082.6328
124440.2891
125382.4844
125615.2891
125929.5859
126103.0391
126110.2891
126148.1875
126260.9844
126294.6875
126334.1328
126645.6875
127077.8828
127155.8359
128061.0859
128699.9844
128808.6328
128862.6875
128886.0391
128996.2344
129320.8359
129362.7344
129385.9844
129883.0859
130057.3828
130223.8828
130298.4375
130444.6328
130843.4375
130916.2891
132263.7344
132678.3438
132735.8438
132886.2344
133215.3906
133664.8438
133737.3906
133776.1406
133784.8438
133804.9375
133818.0313
133860.3438
133932.4844
133989.6406
134460.0938
134675.2813
134753.9375
134792.3906
134799.7813
134809.1875
134838.5313
134851.1875
134864.7344
134983.7813
135080.4844
135174.8438
135334.4844
135669.7813
135698.2344
135707.1875
135770.8438
135812.9844
135935.6406
136519.2813
136671.8438
137193.3438
137841.9844
137943.3438
138145.1406
138533.3438
138865.7813
139578.2344
139887.3438
139899.9844
139936.0313
139949.2813
140004.7344
140007.0938
140058.8438
140114.3906
140159.4844
140299.5313
140698.9375
141014.6406
141022.5313
141025.1875
141045.3438
141072.0313
141095.8906
141135.0938
141325.9375
141465.2344
141499.6406
141550.7344
141615.2813
141760.4375
141810.7344
141855.4844
141993.5313
142010.9375
142016.4375
142039.9375
142049.1406
142146.3906
142370.7813
142680.9844
142766.1875
142951.1406
143009.5938
143032.0313
143100.9844
143229.2344
143352.0313
143625.1875
143682.1406
143727.4844
143903.8906
144039.5313
144044.0938
144128.2813
144146.2344
144171.2344
144172.2813
144199.2344
144304.2344
144464.5938
144545.5938
144575.2344
144752.6406
144793.8438
144862.3438
145040.0938
145289.2344
145824.3438
145825.6875
146126.3906
146741.6875
146765.0938
146798.4375
147145.6875
147152.7344
147219.3906
147244.3906
147290.8438
147332.6406
147446.9375
147591.4375
147636.8906
147782.8906
147925.9844
147943.1406
148487.2813
148520.2344
148578.1406
148626.3438
149485.6406
149495.4375
150193.3906
150209.9375
150223.3906
150239.4844
150242.9844
150539.6875
150613.8438
150753.1875
150988.1875
151004.9844
151026.1406
151252.8906
151286.0313
151327.7813
151360.3438
151382.2344
151488.3438
151613.7813
151985.8906
152980.3438
153080.1406
153300.4844
153501.0313
153948.7813
154020.8438
154074.4375
154691.8438
154726.3906
154836.5313
155161.2344
155292.0938
156622.1406
156641.8906
156906.6875
157013.2813
157837.4844
157859.5313
157935.0938
158107.5938
158162.1875
158456.0938
158756.1875
158828.8906
158884.0938
159138.2344
159298.8906
159531.3438
159728.1875
159820.2813
159845.0313
160286.9375
161242.6875
161789.0313
163021.9844
163277.3438
163578.8906
163755.0313
163844.7813
164364.4844
164463.6875
164514.0938
165077.8906
165445.2813
165569.8438
165574.7813
165759.7344
166298.0938
166491.2344
166564.8906
166650.6875
166929.6406
167200.0938
167324.5313
167475.0938
167555.8438
167596.0938
167885.1875
168435.3906
169081.0313
169084.8438
169113.4375
169153.1875
169231.8906
169300.9375
169959.0313
170098.9844
170099.6875
170214.7344
170280.3906
170361.6406
170604.5313
170955.5938
171047.1875
171227.2813
171252.0313
171278.6875
171321.0313
171335.5313
171490.4375
171523.6406
171601.2813
171618.0938
171739.8438
171935.7813
172016.9375
172110.6406
172247.6406
172264.6875
172275.4375
172350.7344
172432.6406
172702.2813
173237.4844
173270.1406
173335.8906
173337.5313
173404.4375
173448.9375
173510.6875
173527.1406
173575.6406
173593.8438
174039.4375
174445.3438
174540.1875
175012.3906
175477.3438
175546.6875
175562.4375
175616.4844
175782.4844
175942.9375
176209.2813
176241.5313
176570.0938
176595.9375
176640.4375
176827.0938
176846.6875
177115.9844
177209.8438
177582.8438
177779.7813
178031.9844
178545.2344
178585.3906
178588.5313
178595.7813
178607.4844
178615.5313
178647.9844
178723.2813
179024.0313
179291.7344
179392.2813
179468.3438
179580.0313
179596.1875
179648.2813
179721.4844
179773.1406
179786.9375
179820.5938
179838.7344
179909.1875
180356.7344
180444.0313
180675.3438
180730.4375
180740.3438
181072.3906
182370.2344
182464.6875
182470.4844
182722.4844
183044.0938
183131.3438
183914.8906
184195.0938
184265.0938
185059.3906
186074.5938
187154.7813
187491.2813
188064.3438
188094.7813
188193.0938
188219.4844
188659.1875
189299.4375
189516.3438
191532.5313
192106.6875
192133.0313
192954.2813
192998.5313
194057.1875
194367.9844
195081.2344
195234.4844
195727.7813
195757.7813
196440.5938
197642.5938
198549.1875
198558.9375
198630.4844
198703.3438
198761.6875
198815.2344
199693.3438
200081.0313
200216.5313
200511.0313
200744.3906
201147.1406
201183.4375
201424.9844
201485.4375
201513.6875
201556.7813
201667.2813
201830.6406
202363.8438
202517.5938
202602.8906
202818.8438
203163.9844
203404.4375
203464.5313
203502.3438
203525.5938
203621.2344
203725.9375
203767.5313
203882.7344
203931.6875
203990.5313
204039.7813
204376.3906
204459.0938
204621.9844
205031.7813
205687.9375
205852.9375
205957.4375
206189.0938
206433.8906
206540.2344
206580.7344
206862.3906
206989.4375
208193.9844
209007.4844
209518.5313
209781.5313
212086.2344
214424.4844
218928.1406
219916.6875
219998.9844
225158.8906
226201.6406
226676.2344
227220.9844
227492.2813
227895.3438
227958.6875
228033.3438
228874.2813
228989.8438
229541.5313
229736.7344
230008.2813
230017.3906
230170.0313
230222.9375
230281.4375
230466.8438
230747.1406
230848.0938
230941.0938
231537.3438
231640.5313
232263.5313
232298.9844
232509.4375
232663.3906
232825.9375
232903.8906
233787.9844
234380.9844
234960.0313
235181.6406
235227.9844
235421.5938
235515.5938
235784.6406
236076.4844
237029.3906
237413.2344
237515.6875
238121.3906
238245.4844
239146.7344
239240.0938
239252.5938
240118.4375
240589.0938
242046.1875
242047.7813
242497.3906
242970.4844
246777.4844
247287.7344
248155.9844
249425.6406
249662.6406
250357.3906
251630.3906
252851.8438
254289.3438
254933.9375
255229.2813
255906.9375
258495.0938
258521.0313
258814.0313
259236.7813
259285.5313
259701.1875
260051.5938
260110.4844
261030.7344
261321.7344
261738.2813
261817.5313
262061.7813
262684.7813
262723.75
263297.7813
264334.6875
264386.25
264419.1875
264994
265624.75
265864
265994.3438
266001.7813
266434.5938
266662.3438
267104.7813
267591.5938
267669.8438
268018.4375
268691.625
269220.1875
269229.5313
270699.6875
270914.1875
270956.5
271127.0938
271157.875
271606.7813
271655.2813
271659.375
271744.6875
271857.7813
271899
271991.6875
272653.875
272721.9375
272958
273871.625
273941.5938
274146.3438
274397.25
274511.75
274657.3438
274868
275584.375
277171.75
277667.5
277707.1875
277796.375
278461.625
279002.6875
279055.3438
279504.625
279679.25
279812
280463
280849.0938
281130.8438
281149.125
281797.5313
281898.4375
282028.4375
282049.0313
283199.625
283238.0313
283614.0938
283907.2813
283955.875
284752.3438
285146.4375
285691.8438
285901.5
286223.25
286682.875
286751.6875
286828.9375
286903.3438
286951.5313
286971
287454.1875
287520.8438
287589.4375
287964.5938
288142.2813
288573
289437.375
290003.0938
290292.4375
290427.3438
290825.125
291329.625
291488.8438
292133.7813
292242
292465.875
292565.2813
293417.5
294228.7813
294553.5938
294712.5938
294838.1875
294865.0313
295751.625
295809.0313
295927.0313
296084.8438
296121.5938
296438.3438
296552
296602.125
296603.375
296870.75
297243.25
297294.7813
297347.0938
297405.1875
297441.1875
297745.75
297812.125
297931.8438
298200.2813
298497.375
298628.0938
