1830.407104
1906.157104
1963.407104
2021.657104
5471.057129
5940.557129
5986.907227
6123.707031
7192.707031
7523.807129
7632.807129
10206.75684
10304.35742
10493.60742
10529.20703
10579.10742
10629.40723
10905.25684
11088.95703
11180.40723
11482.90723
11533.60742
11643.85742
11913.90723
11951.75684
13251.30762
13284.55762
13329.05762
13823.00684
15224.15723
16356.55762
19309.50781
19324.35742
20673.20703
20727.25781
20759.50781
20827.30664
20876.65625
20928.15625
20992.90625
21049.75781
22389.25781
22619.95703
22877.80664
25467.10742
25489.95703
25553.20703
26182.25781
26348.25781
26555.85742
26581.95703
26731.30664
26766.90625
26801.60742
26807.45703
27581.80664
28159.95703
28227.05664
28988.50781
29196.70703
29426.30664
29459.15625
29579.60742
31651.10742
31782.35742
35369.15625
35462.50781
35499.20703
35533.10547
35587.15625
36534.05859
36602.70703
36680.15625
36811.50781
36989.60547
38852.35547
38928.25781
39696.95703
39724.55859
39742.15625
39752.50781
42827.00781
43495.55859
44019.35547
44890.30859
45013.90625
47215.85547
50955.00781
50992.30859
51045.80859
51228.00781
51571.10547
52042.75781
52154.70703
52832.25781
52938.40625
52954.65625
53124.00781
54125.45703
54163.50781
54205.25781
54616.75781
56763.90625
56805.00781
56841.55859
56881.50781
56931.25781
57012.85547
57919.10547
58011.15625
58945.65625
59129.30859
60155.05859
60426.65625
61243.40625
62205.45703
62270.30859
62833.05859
63148.00781
63187.05859
64192.90625
64418.20703
64699.10547
65216.75781
65229.95703
65248.60547
65272.05859
65527.90625
65601.50781
65983.50781
66052.30469
66111.85938
66161.21094
66201.50781
66269.90625
67092.96094
67120.60938
67154.75781
67192.55469
67337.65625
67470.00781
68068.35938
68113.90625
68154.96094
68200.80469
68267.35938
68387.46094
68424.00781
68476.96094
69052.96094
69065.60938
69102.55469
69207.90625
69212.15625
69666.21094
70352.55469
70430.96094
70918.40625
70959.30469
71004.71094
71067.00781
71140.85938
72497.05469
72564.46094
73650.21094
73693.35938
74630.90625
74905.55469
75611.15625
75676.75781
75763.96094
75836.90625
76405.60938
76610.75781
76616.35938
76655.65625
76752.00781
76836.96094
78087.40625
79852.96094
79893.85938
79901.30469
79935.05469
79946.85938
79992.71094
80035.55469
80068.05469
80096.65625
80148.50781
80181.21094
80215.65625
80216.96094
80878.21094
80922.30469
80983.60938
81033.30469
81089.10938
81169.96094
81231.30469
81267.46094
82212.75781
82271.50781
82306.46094
82352.85938
82547.55469
82755.71094
82810.65625
82854.50781
82899.60938
83272.75781
83986.71094
84036.65625
84061.35938
84080.71094
84083.80469
84138.25781
84173.25781
84400.90625
84415.30469
84448.71094
84902.30469
85123.10938
85204.35938
85277.80469
85406.40625
85587.30469
86223.85938
86285.25781
86322.05469
86350.50781
86381.10938
87447.21094
87482.25781
87488.35938
87529.00781
87819.46094
87922.21094
88454.35938
88526.21094
88818.30469
88920.75781
89425.00781
89513.15625
89609.05469
91624.46094
94323.40625
94413.90625
94446.96094
94487.00781
94539.50781
94670.21094
94982.10938
95139.21094
95641.60938
95954.15625
97107.25781
97182.85938
97247.55469
97371.55469
97393.65625
97432.85938
97577.96094
97634.60938
97687.00781
98038.21094
98900.96094
101622.5547
102422.6094
102900.8047
102954.0547
104160.0547
104668.9609
104807.0547
104902.4609
104937.9609
105015.1563
105090.3047
105789.8594
105922.7109
105982.3594
106092.6094
106134.8594
106171.8047
106211.6563
106578.2109
106622.2109
106669.1094
106707.9609
106742.2578
106752.6094
106931.7109
107374.9063
107452.6563
107544.4609
107644.0078
107901.9609
108258.5547
108309.8594
108389.5078
108631.3047
108648.5078
108730.1563
109090.9063
109603.6563
109716.2109
109799.4063
110738.5547
110793.8594
110838.7578
110928.5547
111822.1563
111864.5547
111898.8047
112831.5078
112841.7578
112931.0078
113732.9609
113735.0078
113781.7578
113786.2109
113831.4063
113868.8594
113904.3047
113958.3594
114028.1094
114076.3594
114670.5078
114707.7109
114752.5078
114822.8047
114992.4609
115061.9609
115072.6094
115163.0078
115204.5078
115421.5078
115773.5078
115801.4063
115851.5078
115891.9063
115926.0547
116603.0078
116653.2109
117052.1563
117105.7578
117730.2578
117767.5078
117814.9609
117838.1563
117887.6563
117929.4609
117967.5078
118074.4063
118630.9063
118775.3047
118825.1563
118857.1094
118902.7109
118952.4063
118975.8594
118991.9609
119029.6563
119075.8047
119736.8594
119787.2109
119839.3047
119869.7578
120608.5547
120677.1094
120767.1094
121399.9063
123307.3594
123438.3047
123493.3047
124373.5547
124449.8047
125420.6094
125436.9063
125520.6563
125547.1563
125602.8047
125649.1563
125792.1563
126229.1563
126269.2109
126300.0078
126337.0078
126345.1094
126373.5547
126414.6094
126797.8594
126860.4609
127397.9609
127432.7578
127463.6563
127502.4063
127506.2109
127530.2109
127563.8594
127599.9063
127688.9063
127790.9063
128302.1563
128352.7109
128384.4609
128410.2109
128496.3047
128647.8594
130370.5547
130436.1094
130569.5078
130655.6563
130876.3594
130910.5078
130938.8047
131033.6094
131090.6563
131190.3594
132229.0625
132345.6094
133421.8594
133469.0625
133698.9063
133786.8125
133823.75
133874.7031
133911.0625
133925.9531
134353.4063
134387.5
134424.9063
134459.4531
135219.0625
135433.75
135588.4531
135648.8594
135691.2031
135727.3594
136179.4531
137652.8594
137704.1094
137783.7031
137833.9063
137897.2031
137944.25
137980.9063
138297.1563
138501.8125
138741.6563
139247.25
139452.3125
139515.5625
139600.5625
139654.7031
139697.8594
139746.2031
139813.9063
139863.9531
139872.3125
139914.1563
142192.9531
142206.2031
142409.6563
142476.9063
142528.25
142574.6563
142634.4531
142637.0625
142772.6094
142798.8594
142840.2031
142887.1094
142901.5
142953.5
143028.3125
143074.3125
143824.9531
144409.8125
144486.0625
144557.0625
144644.9531
144669.0625
144709.2031
144755.6094
144780.5
144825.8125
144864.5
144913.8125
144937.7031
145003
145138.6563
145248.0625
145322.2031
145490.4531
145537.6563
145699.25
145701.3594
145791.6094
145943.1563
146719.1094
146791.1563
146832.0625
146837
146883.6563
146936.8125
147026.5
147598.9531
147630.5
147691.1563
147697.9063
147748.3594
147803.8594
147874.6563
147932.4531
148132.4063
148981.8594
148987.6563
149013
149042.7031
149078.4063
149975.4531
150006.8125
150030.4531
150082.4531
150104.5
150128.9531
150134.1094
150170.7031
150362.25
150415
151059.8125
151316
151446.8125
151466.4531
152009.5625
152046.5
152098.8594
152133.9063
152205.5
152328.3125
152368.9063
152447.5625
152899.0625
153020.8125
153072.9531
153395.3125
154466.4063
154470.25
154509.5625
154551.0625
154609.4063
154661.3125
154728.8594
154812.7031
155216.4531
155260.3125
155296.3594
155329.75
156138
156188.4063
156225.1563
156248.8594
156274.75
156303.6563
156450.8594
157267.1563
157320.1563
157348.1094
157403.6094
157435.9531
157487.2031
157567.9063
158114.75
158137.5
159752
159797.8125
159823.3594
159855.0625
159937.0625
160077.5
161340.7031
161655.5625
161833.2031
161842.9063
162814.8594
162835.25
163070.1094
163114.5
163156.4063
163186.5
163189.75
163247.4063
163318.4063
163673.4531
166802.9063
166848.1094
166886.8125
166947.6563
167122.75
167343.9063
167538.6094
167587.25
167590.8594
167624.3594
167659.1094
167707.2031
167746.25
167786.7031
167879.5
167931.4063
168323.1563
168375.9531
168655.9063
168769.3594
168897.75
168931.2031
168969
169547.5625
169644.6563
169856.0625
169899.4531
169968
170025.4531
170434.2031
170785.6563
170825.6094
170874.3594
171474.9531
172685.9531
172813.8125
172885.8594
173483.5
173552.6563
174144.7031
174211.1563
175075.6563
175108.3125
175144.75
175169.8125
175214.1094
175313
175362.2031
175393.8594
175429.6563
175734.4063
176073.9531
176110.4063
176143.25
176185.3125
176236.9531
176245.5
176308.8594
176347.5625
176393.1094
176395.1563
177053.5625
177095.2031
177150.6563
177297.3594
177371
177436.25
177508.1094
177636.3594
178136.4063
178207.9063
178262.3594
178556.3125
178588.75
179302.8594
179358.4531
179416.3594
180748.6094
180787.6094
180812.1563
180842.5
180886.4063
180931.3125
181472.6094
181931.8125
183352.25
184206.6094
187587.3594
187628.1094
187937.75
188033.5625
188089
188132.75
188169.8125
188208.0625
188245.3594
188334.5625
188900.8125
188950.1563
188977.5625
189117.4063
189156.75
189191.4063
189414.8594
189622.1094
189669.7031
189690.4063
189718
189754.2031
189808.8594
189872.9063
190301.4063
190404.75
190455.1094
190508.5
190546.1563
190599.1094
190637.1094
190721.2031
190767.5
190796.1563
190881.25
191384.5
191422.9063
191478.1094
191528.4531
191581.75
191652.9063
191725.6094
191814.8125
191821.3125
191976.2031
192114.7031
192191.4531
192334.4531
192364.4531
192397
192471.75
192957.0625
192989.3594
193047.9063
193081.5625
193106.0625
193142.4063
193178.4063
193207.1094
193234.6094
193270.75
193314.0625
193408.1094
193441.7031
193508.4063
193569.25
193630.0625
193688.4531
193789.0625
193821.3594
193892.4531
194034.7031
194167.3125
194210
194269.25
194381.4531
194434.9531
194491.4063
194585
194644.5625
194705.9531
194794.6563
194871.9063
194902
194944.4531
195169.6563
195318.4063
195662.9531
195686.4531
195700.4531
195718
195736.8125
195739.25
195771
195792.4531
195818.75
195847.4063
196162.4531
196293.3594
196330.2031
196387.9063
196532.8594
196678
196724.7031
196764.2031
196934.2031
196942.9063
197008.6563
197044.5
197604.1094
197658.75
197824.0625
197880.6563
197914
197948.4531
198562.8594
198703.6094
198743.7031
198772.0625
198806.6563
198906.6563
199870
199916.8125
199992.4063
200690.6094
200737.6094
200768.25
200839.2031
200895.8125
201128.0625
201208.6094
201236.25
201290.7031
202214.8125
202270.9531
202320.9063
211439.5625
216320.5625
