187.1215057
10418.32129
18047.9707
19751.27148
31532.2207
31573.27148
32821.17188
36028.76953
50005.82031
64407.72266
64745.47266
73616.92188
73722.52344
87356.07031
88947.21875
89012.52344
89015.42188
90872.77344
90937.46875
90973.375
91001.07031
91180.57031
92216.17188
92265.71875
92413.375
92450.71875
92504.42188
92508.77344
113936.875
136174.0781
136277.7188
136709.2188
137140.1719
138308.4219
139194.5781
139216.7656
139287.9219
140038.0781
140271.875
140344.875
140456.875
140541.7656
140806.0156
141428.4219
141473.625
141757.3281
141809.9688
141844.1719
141853.4688
142021.2188
142059.0781
142134.0156
142167.5156
142180.9219
142672.9219
152354.9219
152404.9688
152560.2188
152601.0156
152890.125
152943.9688
153176.2188
153534.4688
154062.375
154538.7656
154564.2188
154691.0781
154877.0156
155408.3281
166550.2656
168764.2188
182764.2188
183677.4688
187732.3281
187820.5156
