3553.553223
3572.503418
3586.203613
3882.253418
4029.253418
4034.603271
4042.453613
4051.15332
4059.753418
4068.40332
4076.553223
4083.053223
4091.053223
4099.603516
4115.90332
4143.303223
4220.553223
4245.003418
4262.803223
4275.65332
4336.803223
4346.553223
4353.503418
4362.953125
4386.40332
4411.053223
4416.103516
4432.503418
4463.103516
4501.303223
4522.103516
4554.303223
4581.453125
4623.40332
4650.15332
4675.103516
4740.803223
4766.803223
4811.603516
4835.253418
4933.603516
4947.40332
4954.603516
4967.603516
4987.553223
4995.053223
5003.753418
5034.753418
5037.303223
5068.803223
5098.40332
5144.803223
5172.103516
5312.553223
5405.15332
5426.553223
5428.503418
5463.703125
5489.753418
5551.853516
5640.853516
5664.503418
6032.803223
7615.803223
7622.40332
7647.853516
7657.553223
7669.90332
7679.753418
7709.103516
7730.40332
7742.103516
7756.40332
7790.503418
7849.90332
7888.90332
7964.40332
7979.503418
8005.203125
8037.753418
8104.90332
8148.40332
8183.753418
8261.00293
8278.953125
8297.603516
8344.65332
8528.953125
8530.50293
8586.603516
8622.65332
8668.40332
8731.053711
8848.703125
8937.353516
9025.953125
9114.00293
9133.603516
9192.803711
9434.15332
9645.553711
11343.75293
11352.55371
11367.20313
11378.05371
11392.75293
11420.95313
11434.80371
11455.30371
11471.35352
11496.30371
11525.20313
11561.45313
11587.20313
11636.95313
11726.35352
11773.15332
11790.90332
11861.25293
11879.35352
11898.70313
11917.00293
11980.05371
12003.30371
12119.40332
12139.50293
12141.35352
12156.85352
12167.65332
12200.95313
12203.60352
12271.80371
12295.70313
12332.60352
12367.60352
12461.25293
12498.20313
12536.60352
12929.55371
13155.65332
13164.50293
13167.80371
13182.10352
13197.60352
13214.40332
13231.05371
13251.05371
13275.40332
13296.60352
13318.75293
13353.80371
13412.70313
13446.25293
13565.70313
14202.35352
14213.90332
14221.15332
14233.75293
14254.30371
14257.25293
14272.70313
14317.00293
14330.55371
14369.55371
14393.05371
14432.80371
14468.80371
14505.45313
16859.10352
16865.50391
16881.4043
16890.05273
16898.1543
16915.1543
16925.70313
16938.10352
16954.00391
16987.6543
17006.30273
17076.60352
17100.45313
17146.1543
17274.70313
17313.10352
17346.20313
17404.9043
17432.00391
17453.1543
17584.55273
17657.45313
17679.75391
17709.80273
17747.85352
18520.75391
18544.45313
25668.55273
25677.4043
25716.00391
25934.10352
25946.55273
26018.95313
26751.9043
26766.85352
26789.85352
26791.80273
26816.9043
26842.9043
26912.4043
26934.35352
27017.95313
27028.1543
27044.50391
27054.95313
27072.75391
27086.50391
27102.30273
27118.70313
27139.20313
27155.25391
27215.00391
27241.35352
27313.85352
27339.85352
27375.4043
27401.4043
27405.85352
27424.80273
27457.25391
27467.95313
27478.85352
27492.95313
27500.60352
27528.30273
27555.05273
27585.10352
27618.4043
27652.30273
27663.05273
27700.55273
27720.75391
27730.85352
27760.25391
27762.20313
27819.30273
27845.25391
27893.35352
27896.85352
27937.6543
27954.9043
27962.05273
27990.70313
28022.9043
28023.9043
28040.55273
28054.80273
28100.35352
28137.85352
28353.4043
28353.50391
28386.30273
28825.30273
28840.05273
28861.25391
28893.70313
28910.9043
28950.30273
29008.75391
29036.6543
29402.45313
29416.35352
29417.6543
29446.05273
29491.60352
29563.95313
29607.80273
29776.95313
29783.1543
29794.85352
29805.9043
29814.45313
29815.4043
29828.6543
29841.80273
29849.45313
29879.75391
29888.45313
29890.20313
29906.50391
29909.05273
29919.30273
29958.70313
29992.25391
30087.4043
30101.05273
30111.25391
30119.50391
30138.70313
30156.75391
30173.85352
30203.05273
30234.60352
30251.75391
30285.20313
30336.25391
30426.4043
30498.10352
30563.00391
30600.35352
30617.95313
30656.25391
30673.30273
30690.35352
30714.85352
30842.35352
30882.45313
30904.75391
30923.25391
30949.9043
30981.35352
31006.6543
31019.45313
31037.4043
31057.30273
31074.85352
31091.20313
31147.85352
31185.95313
31241.05273
31315.45313
31368.45313
31453.20313
31471.95313
31506.4043
31537.25391
31581.80273
31614.60352
31657.85352
31708.45313
32386.10352
32403.70313
32438.70313
33236.75391
33247.80469
33256.35156
33269.25391
33283.95313
33296.20313
33327.10156
33344.60156
33356.45313
33433.35156
33474.10156
33526.20313
33568.90234
33768.20313
33786.55469
33803.20313
33833.05469
33855.90234
33950.75391
37486.75391
37494.40234
37506.75391
37518.65234
37530.20313
37541.80469
37553.60156
37572.70313
37582.55469
37599.70313
37612.95313
37649.80469
37687.20313
37703.20313
37720.25391
37808.45313
38430.70313
43269.20313
44142.30469
45266.30469
46802.60156
46813.50391
46849.30469
46863.70313
46892.95313
46915.40234
46936.15234
47326.85156
47556.70313
47626.35156
47701.55469
47738.05469
47757.80469
49478.70313
49491.05469
49633.35156
49796.70313
49842.25391
49887.65234
50708.15234
50723.40234
50738.35156
50739.80469
50818.15234
52731.20313
54690.00391
54699.95313
54725.50391
57302.55469
57706.05469
57712.55469
57735.85156
57939.60156
58932.85156
59500.30469
59517.70313
59528.60156
59553.55469
59579.85156
59606.95313
59700.65234
59729.15234
59758.00391
59804.20313
59842.45313
59924.20313
59938.20313
60075.65234
60222.40234
60290.10156
60358.20313
60377.55469
60395.50391
60419.60156
60645.95313
60683.70313
60741.25391
60777.50391
61139.25391
61161.10156
61510.85156
61524.35156
61538.90234
61565.55469
61622.80469
61657.25391
61705.50391
62287.50391
62334.15234
62364.15234
62386.85156
62564.95313
62617.45313
62622.35156
62634.40234
62659.40234
62985.55469
63579.20313
63765.95313
64354.55469
64381.05469
65502.85156
68472.55469
68495.10156
68520.20313
68559.25
68569.15625
68596.20313
69658
69963.5
72851.85156
72873.15625
72890.75
72918.25
74912.75
74975.80469
74993.40625
75008.60156
76901.60156
76912.10156
76932.40625
76946.40625
76948.25
76990.60156
77033.55469
77068.90625
77126.80469
77600.35156
77621.15625
77672.40625
77999.60156
78038.30469
78133.85156
78155.95313
79515.45313
79517.80469
80221.25
80248.35156
80277.20313
80312.60156
81034
81048.20313
81073.80469
81094.55469
81162.60156
81189.70313
81194.10156
81200.80469
81208.85156
81218.60156
81228.40625
81241.15625
81249.55469
81259.5
81290.90625
81307.75
81339.90625
81357.75
81382.60156
81464.05469
81527.40625
81606.35156
81610.20313
81622.25
81633
81653.75
81671.15625
81690
81721.70313
81736.25
81767.45313
81804.5
81822.80469
82099.05469
82118.80469
82143.75
82194.30469
82249.65625
82266
82295.95313
82318.30469
82371
83233
84133.95313
84144.05469
84178
84180.05469
84207.20313
84224
84345.40625
84390.5
84416.85156
84479.55469
85167.5
85178.25
85200.05469
85222.85156
85359.95313
85392.5
85710.15625
85731.5
85782.90625
86362.20313
86420.90625
87692.20313
87694.30469
87709.75
87748.45313
88304.05469
88338.25
88366.60156
88478.10156
88498
88668.5
88906.90625
88923.15625
89356.20313
89379.05469
89384.70313
89432.90625
90709.80469
90728
91673.20313
91820.40625
91833.70313
91923
92595.80469
92611.95313
92637.90625
92663.10156
92702.15625
92737.65625
92749.65625
93298.30469
93739.05469
93753.5
94658
94672.10156
94702.40625
94738.65625
94868.90625
94875.10156
94882.70313
94891.55469
94898.80469
94908.80469
94917
94936.10156
94964.65625
94987.40625
95002.55469
95021.55469
95068.95313
95088.70313
95134.90625
95162
95278.25
95303.90625
95317.25
95346.45313
95408.90625
95429.70313
95451.80469
95485
95567.25
95587.05469
95719.75
95735.65625
95799.65625
95823
96547.15625
96548.60156
96574.80469
96624.05469
96976.55469
96989.5
97011.30469
97097
97127.40625
97342.10156
97372
97390.40625
98049
98076.10156
98106.60156
98129.10156
98153.20313
98228
98254.90625
98423.30469
98570.5
98598.15625
98669.85156
99061.35156
99072.65625
99123.25
99156.05469
99184.95313
99251.45313
99287.20313
99317.80469
99404.80469
99479.15625
99572.70313
99630.35156
99691.65625
99710.15625
99939.65625
99988.90625
100020.5
100039.75
100080.5547
100255.0547
100282.75
100319.4063
100373.3047
100439.4063
100501.3047
100701.75
100730.0547
100999
101013.8516
101036.3516
101060.6016
101111.75
101277.75
101353.5547
101373.8516
101414.8516
101447.6016
101508.3047
101614.1016
101813.4063
101865.7031
101898.3516
101943.3516
101968.4063
102050.5
102089.25
102162.4531
102168
102174.75
102183.8047
102194.9531
102204.75
102213.75
102224.1016
102232.7031
102242.7031
102256.25
102272.7031
102276.2031
102288.1016
102310.2031
102318.5
102342.9063
102361.4063
102381.7031
102395.4063
102407.4531
102419.6016
102433.3047
102446.1016
102458.4531
102473.9531
102487.3047
102494.3047
102499.4531
102521
102542.25
102550.6016
102613.25
102641.2031
102661.9531
102710
102735.4063
102777.3516
102821.1563
102841
102864.3047
102885.4531
102899.3516
102910.1563
102934.4531
102966.1016
102994.2031
103034.7031
103101.1563
103131.8516
103182.4531
103195.25
103212.5547
103229.3516
103255.7031
103274.5547
103277.75
103301.1563
103333.6016
103346.75
103348.1016
103348.9531
103380.3516
103412.6563
103604.7031
103622.5
103633.9063
103646.8516
103650.6016
103666.4063
103669.1563
103678.9063
103680.9531
103691.3047
103706.2031
103736.3516
103740.4531
103753.25
103762.2031
103777.1563
103792.9531
103811.25
103826.6016
103842.25
103855.1563
103874.0547
103902.8516
103929.5547
103949.8047
103980.0547
103998.2031
104016.5547
104039.25
104050.6563
104088.25
104114.9063
104142.3047
104147.3047
104160.3516
104171.8516
104205.3047
104230.4531
104233.9063
104259.75
104293.5
104295.4531
104302.5547
104320.3047
104324.25
104336.5547
104346.9063
104363.2031
104383.4063
104399
104415.5547
104418.7031
104448.1016
104519.25
104529
104538.1016
104548.5547
104582.9531
104611.1563
104635.0547
104661.25
104680.9531
104746.2031
104769.1563
104780.8047
104795.5547
104798.9063
104809.7031
104835.9531
104855.8516
104870.9063
104875.5547
104898.1016
104904.1563
104975.0547
105043.4531
105072.0547
105107.4063
105125.6563
105157.6016
105168.25
105188.5547
105197.9531
105204
105217
105246.7031
105262.6563
105288.4063
105300.5547
105367.3047
105459
105470.5
105477.8516
105482.0547
105492.8516
105497.75
105512
105518.7031
105532.8047
105577.5
105595.5
105614.1016
105627.4531
105646.6016
105670.5
105677.0547
105681.9063
105710.1016
105716.25
105730.8047
105732.5
105742.6016
106088.3516
106307.1563
106318.6016
106320.1563
106322.5
106334.25
106338.9531
106349.6016
106354.7031
106356.4063
106364.4531
106379.7031
106384.8516
106403.0547
106407.6016
106415.8516
106429.6016
106460.1016
106479.25
106497.75
106512.9531
106538.5
106552.4531
106594.2031
106611.9531
106771.4063
106814.5547
106856.4063
108377.8516
108391.5547
108401.3047
108418.8516
108444.3516
108509.25
109604.3047
109610.3047
109621.3516
109632
109640.6563
109652.2031
109666
109675.75
109692.3516
109707.5547
109733.9531
109752.6016
109773.1563
109794.9531
109868
109880.9531
109912.3047
109944.5
110391.5
111327.4063
111516.1016
112061.4063
112984.25
113402.25
113482.1563
113495.3516
113521.25
113530.2031
113562.75
113573.0547
113598.8047
113663.5
114714.8047
114731
114765.5547
114767.3047
114789.75
115344.2031
115485.3047
116768.1016
116811.9531
116990.6563
117316.9531
117333.75
117360.75
117436.75
117515
117570.8516
117601.6016
117619.6563
117659.6563
117984.8047
118320.7031
118344.7031
118384.5
118386.6563
118410.8047
118482.5
118510.9531
118593.5
118665.4063
118712.5
118734.7031
118786.7031
118820.9063
119454.7031
119469.1563
119509.3047
119537.8047
119589.6016
119758.4063
119778.75
120359.1563
120364.75
120371.1563
120381.1016
120395.75
120404.9531
120415.9531
120439.3047
120450.8516
120462.4063
120481.4531
120492.75
120514.5
120539.2031
120543.6563
120571.9063
120573.7031
120578.8047
120600.0547
120622.9531
120678.5
120715.2031
120756.5
120811.3516
120837.9531
120868.25
120889.9531
120911.3047
121492.3516
121558.8516
121586.6016
121598.7031
122674.9531
122693.5
122709.7031
122721.5547
122818.75
122884.4531
123861.0547
124559.25
125157.25
125172.4063
125923.8516
125936.2031
126003.2031
126356.1016
126399.5
126421.2031
126522.8047
126560.1016
126585.2031
126653.0547
127188.1016
127230.0547
127909.3516
127927.25
127953.9063
128059.8047
128088.8047
128229
128446.4531
128459.3047
128487.9063
128502
128508.25
128535.3047
128576.9531
128641.8516
128692.1563
128734.4063
128924.3516
128960.1563
129437.7031
129476.4063
129766.75
129793.4531
129815.1016
129832.6563
130012.6016
130389.3047
130589.9531
130610.7031
130863.4063
130882.2031
131193.3594
131210.4531
131350.3594
131389.5469
132486.5469
132490.9531
132500.7031
132508.7031
132509.5
132517.75
132525.3594
132531.75
132541.7031
132553.9531
132564.3594
132582.7031
132596.5469
132616.7969
132628.9531
132649.6094
132692.1094
132746.5
132763.0469
132784.2031
132815.5
132886.8594
132914.2031
132915.8594
132946.5469
132971.6094
132991.5
133032.9531
133100.7031
133115.1094
133190.3594
133230.7031
133254.5
133266.9531
133279.75
133286.0469
133314.6094
133347.7031
133364.75
133377.3594
133415.5
133430.0469
133469.7031
133491.6094
133512.3594
133548.2031
133570.75
133667.9531
133694.9531
134036.7969
134060.2031
134081.5469
134128.2969
134151.3594
134234.4063
135112.5469
135115.7969
135124.3594
135133.5
135141.9063
135150.6563
135157.6563
135164.25
135165.8594
135172.4531
135180.3594
135184.75
135189.5
135201.1094
135214.6094
135236.0469
135247.2969
135250.4531
135259
135263.6094
135277.3594
135291.75
135312.9063
135328
135341.3594
135345.8594
135375.9063
135399.9063
135431.9531
135447.4531
135466.75
135483.1094
135498.2031
135520.7031
135538.1094
135545.75
135575
135592.75
135594.25
135614.7031
135647.1094
135658.2969
135683.3594
135688
135700.5469
135713.8594
135716.0469
135745.75
135754
135777.4531
135794.6094
135796
135820.4531
135831.1563
135854.2031
135869.2031
135890.6094
135925.6563
135939
135967.6094
135971.4531
135975
135984.6563
136003.3594
136024.6094
136046.75
136064.7031
136089.2969
136109.5
136150.4063
136216.4063
136282.4531
136346.1563
136574.4063
136594.3594
136613.2969
136629.75
136644.4531
136660.7969
136682.3594
136715
136750.1563
136809.2031
136831.8594
136865.4063
136899.5
136947.5469
136978.0469
137008.8594
137029.6094
137042.9531
137058.8594
137230.75
137259.6563
137283.1094
137308.9531
137363.75
137396.5
137420.6094
137430.4063
137444.7031
137460.5
137474.5469
137505.7969
137520.75
137542.2031
137567.6563
137591.8594
137623.9531
137638.9063
137656.25
137718.25
137734.4531
137751.8594
137790.2031
137825.4531
137844.4063
137846.25
138135
138182.25
138206.6563
139116.5469
139124.2031
139728.6094
139742
140130.1094
141660.7031
141884.6563
141889.0469
141912.1094
141929.0469
141976.5469
141996.4531
142000.0469
142791.7031
142816.7969
143896.5469
143916.75
143963.0469
144003.25
144427.8594
144514.4531
147742.4063
147755.7031
147960.7031
149784.25
149916.6094
149930.7031
150130.8594
150932.0469
150946.9531
150968.2031
151153.2969
151273.9063
152113.25
152129.25
152156.1563
152845.2969
152859.6563
152892.9063
154123.1563
154130
154146.1563
154179.1563
154206.5
155345.75
155369.1094
155382.6563
155405.4531
155426.5
155436.4063
156525.2969
157814.0469
157835.4531
157883.5
157909.5469
157947.75
157971.25
158199.8594
158224.4063
158630.2969
158653.5469
158675.7969
158837.0469
158887.0469
159529.7969
159601.4531
159631.5469
159663.3594
160052
160077.8594
161247.8594
161773.9063
162463.4531
162772.7031
162907.1094
162918.5
163013.3594
163065.3594
163482.5
164234.7969
164676.4531
164874.75
166037.7031
166047.1563
166063.6563
166081.2031
166225.2969
166230.7969
166245.0469
166255.25
166268.5
166280.1563
166290.4063
166300.3594
166309.75
166317
166328.3594
166333.6094
166355.4531
166386.2969
166403.5469
166427.8594
166439.0469
166482.1563
166501.4063
166519.9531
166547.5
166563.2031
166585.3594
166614.9063
166646.6563
166665.0469
166698.9063
166746.9531
167352.6094
167353.9063
167367.7969
167391.1094
167893.5
170275.0469
170282.3594
170292.4063
170304.4531
170315.2031
170329.8594
170342.4531
170351.8594
170365.3594
170373
170406.3594
170421.1094
170443.0469
170479.8594
170554.75
170567.1094
170585.9531
170608.2031
170633.9531
170665.1094
170697.1563
170737.75
170753.8594
170758.0469
170819.6563
170835.0469
170861.5469
170887.1563
170907.1563
170931.9063
170959.2031
170976.75
170989.2969
171006.1563
171046.9531
171048.4531
171058.9063
171071.4531
171072.6563
171091.2031
171113.8594
171118.2969
171186.25
171216.3594
171279.6094
171431.25
171784.2969
171791.25
171802.4531
171805.1563
171815.9531
171827.7031
171829
171841.1563
171843.3594
171863.6094
171883.4531
171896.2031
171919.7969
171960.8594
171996.5469
172038.4531
172051
172070.2969
172093.9531
172133.1563
172156.2969
172270.6563
172679.5
172770.6563
172778.5469
172787.4063
172798.7969
172815.25
172825.5
172836.4531
172848.5469
172863.9531
172871.0469
172888.2031
172891.9531
172898.0469
172904.1563
172924.2969
172927.8594
172937.5469
172967.1094
172968.7969
172976.5
173013.4063
173077.5469
173118.2969
173201.9531
173227.2031
173410.75
173740.5469
173757.4063
173768.4531
173786.75
173795.9063
173815.9063
173828.5
173845.7969
173856.9063
173884.9531
173893.4531
173934.7969
173967.6563
174270.6563
174284.6094
174384.75
174755.75
174771.1094
174796.6094
174805.1094
174806.75
174818.9063
174833.4063
174846.9531
174864.1563
174865.4063
174894.9063
174896.0469
174910.2031
174937.5469
174955.6094
174959.1094
174979.4063
175002.9531
175199.2031
175231.9531
177642.9063
177699.5469
178107.7969
178367.5469
178573.2031
178590.0469
178613.5
178644.5
179377.5
179432.7969
179718.9063
179881.6094
179894.7031
179914.0469
179932
179971.25
180532.8594
180541.75
180565.4531
180588.4063
180658.4531
180675
180685.6094
180687.0469
182109.7031
182133.2031
182545.7031
182568.4531
182893.1563
183323.2031
183348.8594
183618.9063
183916.8594
183937.2031
185168.9063
185681.9063
185692
185709.9063
185731.1094
185755.2031
185780
185832.2031
185888.3594
185919.4531
185942.1563
185974.9063
186001.6563
186006.7031
186014.0469
186017.9063
186024.5
186032.9063
186043.4531
186054.7031
186076.7031
186090.1094
186096.7969
186099.75
186125.4063
186141.9063
186171.1563
186197.5469
186211.5469
186217.7031
186232.4063
186248.8594
186260.6563
186278
186303.9063
186403.1563
186415.9531
186492.5469
186508.25
186544.3594
186560.25
186601.2031
186622.4531
186642.75
186652.2031
186675.7969
186698.4063
186720.4531
186751.25
186765.9063
186923
186945
186983.9063
187012
187048
187338.7969
187361.25
187407.7031
187436.5469
187466.7969
187596.75
187667.7969
187702.1094
187704.1563
187938.2969
187966.1563
188048.7031
188101.5
188390.0469
188409.2969
188445.6094
188469.4063
188508.7969
188510.1094
188561.8594
188631.5
188667.9531
188733.6094
188766
189172.3594
189185
189203.6094
189220.9063
189291.25
189314.25
189354.9063
189382.1094
189483.75
189489.6094
189500.5
189511.9063
189525.5469
189536.1094
189552.75
189561.7031
189573.7031
189593.7969
189612.2031
189654.7969
189673.7969
189688.4531
189690.6094
189714.0469
189717.8594
189830.25
189842
189889.9531
189902.9531
190293.1563
190311.6563
190348.3594
190862.4531
190874.25
190920.9531
191159.8594
191520.9531
192622
192631
192632.4063
192677.9063
192691.4531
192721.2031
192736.6094
192863.7031
193601.5469
193629.0469
193641.75
193720.8594
193723.7969
193748.9531
193987.4531
194184.4063
194234.9063
195349.5
195605.5
196274.7969
196285.9063
196807.4063
196936.5469
196963.9531
197205.9531
197264.6094
197295.9531
197988.75
198000.6094
198017.6094
198032.3594
198475.25
198479.5
198487.0469
198498.7031
198511.2031
198522.6094
198533.5469
198542.3594
198565.4531
198581.6563
198596.7031
198617.8594
198690.3594
198702.8594
198739.4063
198743.75
198752.5
198772.7969
198797.9531
198799
198813.4063
198828.4063
198992.1094
199016.6563
199086
199097.0469
199117.2031
199126.8594
199137.9063
199140.9531
199157.9063
199165.8594
199169.8594
199184.7969
199196.3594
199211.1094
199212.2969
199220.75
199244.9531
199259.2969
199275.4531
199282.4063
199306.4063
199328.5
199347.5469
199368.5469
199381.8594
199404.0469
199426.0469
199432.3594
199439.1563
199448.75
199585.0469
199625.2031
199645.9531
199672.3594
199705.4063
199766.8594
199790.2031
199927.7969
199936.25
199944
199951
199984.9531
199986.4063
199999.3594
200025.0469
200026.5
200075.9063
200099.1563
200161.2031
200278.7031
200320.25
200496.6563
200516.5469
200552.6094
200915.2031
201475.9063
201481.75
201491
201499.5469
201506.75
201512.75
201517.7969
201520.1094
201526.4063
201529.25
201539.4531
201541.5
201550
201550.9063
201561.25
201576.4531
201587.1094
201589.0469
201596.4531
201605.3594
201620.1094
201636.2969
201645.1094
201665.25
201691.5469
201714.4531
201738.7031
201751.6094
201774.5469
201807.0469
201862.1094
201883.0469
201909.25
201945.3594
201972.5469
201994
202031.9531
202043
202064.25
202079.8594
202084.7969
202094.7969
202110.9063
202125.5469
202137.9531
202140.0469
202142.8594
202160.1094
202195.0469
202214.4063
202271.4063
202289.0469
202320.7031
202350.7969
202416.7031
202447.6563
202465.3594
202509.9531
202557.7031
203040.2031
203057.6094
203070.5
203127.6094
203143.2031
203161.7969
203208.1563
203258.1094
203276.2969
203303.6094
203310.5469
203315.4531
203319.25
203329.2031
203340.5469
203342.1094
203348.4531
203351.8594
203358.1094
203367.4531
203376
203382.9063
203391.1094
203410.1563
203429.9063
203432.5469
203454.7031
203461
203475.6094
203488.8594
203507
203513.7031
203520.1563
203537.25
203549.9531
203566.2031
203581.6094
203595.6094
203623.5469
203645.4531
203673.5
203690.2969
203730.3594
203770.9063
203798.75
203837.7031
203876.1094
203916.7969
203928.5469
203951.75
203964.2969
203991.1094
204008.5
204028.1563
204030.6563
204089
204133.1563
204155.25
204197.2969
204213.1094
204251.1563
204271.4063
204285.4063
204311.25
204315.2969
204316.5469
204328.5
204336.4063
204348.25
204357.6563
204363.25
204447.6563
204553.9531
204809.2969
205145.2031
206688.25
206694.25
206702.0469
206711.1563
206723.75
206733.75
206746.9531
206759.3594
206769.5469
206771.1563
206783.8594
206812.9063
206836.9531
206860.7031
206874.2969
206894.8594
206964.5
206983.25
207003.5
207035.6563
207057.5
207171.7969
207382.7031
207395.0469
207446.7031
207456.6563
207482.75
207540.7969
207568.1563
207579.6563
207592.25
207614.4531
207635.2031
207680.9531
207734.4531
208393.0469
209448.1563
210285.5469
210327.7031
210332.7031
210340.2031
210347.9063
210357
210368.75
210380.2031
210387.9531
210395.2969
210413.9531
210430.1094
210443.1563
210467.0469
210480.4531
210498.25
210517.4063
210570
210608.1094
210641.1563
210674.25
210720.5469
210777.9063
210862.25
210878.3594
210909.7969
210923.25
210928.25
210949.75
210992.5469
211054.5
211071.4531
211098.0469
211109.75
211143.2969
211160.6094
211179.4531
211232.4531
211246.2969
211279.6563
211300.9531
211321.75
211338.5
211361.25
211377.3594
211398.5469
211424.4063
211457.7031
211483.8594
211526.9063
211539.6563
211558.4063
211589.7031
211627.8594
211629.3594
211673.1563
211685.2031
211693.5
211728.1563
211770.4063
211801.3594
211829.6563
211935.0469
211963.7969
212541.1094
212551.5
212554.4063
212564.2031
212565.25
212576.7031
212592.75
212600.1563
212622.7969
212636.0469
212649.5469
212678.3594
212693.1094
212711.4531
212732.1563
212742.9063
212781.1563
212797.2969
212814.9531
213351.4531
214428.9531
215616.7031
216074.1563
216115.75
216147.8594
216161.4531
216163.2031
216195.3594
216516.3594
217002.7969
217017.7969
217052.7031
217076.8594
217265.2031
217296.2031
217332.5
217367.6563
217393.4063
217424.6563
217792.7969
217809.75
217836.4531
217866.8594
217890.3594
217915.5469
217950
218052.4063
218075.8594
218086.8594
218176
218177.8594
218222.2969
218224.2031
218292.5
218339.7969
219179.7969
219197.0469
219198.5469
219215.3594
219258.6563
219310.7969
220397.3594
220407.9531
220430.0469
220457.25
220477.4531
220499.7031
220521.7031
220541.3594
220543.2031
220558.2969
220565.25
220582.6563
220584.0469
220628.9063
220684.7969
220709.8594
220714.8594
220724.0469
220731.9531
220738.2969
220741
220750.2031
220757.7969
220762.4531
220770.0469
220779.8594
220787.75
220798.3594
220810.5469
220819.2031
220825.25
220845.1563
220866.25
220887.6563
220916.75
220962.0469
220969.9063
220992.8594
221016.4531
221136.1563
221156.6094
221184.6094
221187.5
221203.5469
221217.4531
221245.5469
221271.6563
221314.2969
221342.5
221381.1563
221410.7969
221453.8594
221494.8594
221534.8594
221576.25
221582.2031
221590.9531
221603.6094
221605.7031
221627.7031
221632.0469
221643.6563
221664.7031
221672.4063
221682.4531
221697.6094
221905.9063
221926.9531
221928.8594
221952.9063
222004
222310
222321.7969
222347.5
222371.4063
222381.9531
222392.0469
222406.1563
222416.5
222433.2969
222444.0469
222452.9063
222456.25
222463.6563
222469.7969
222483.1563
222491.25
222501.75
222544.2031
222553
222568.9063
222580.2969
222583
222596.4531
222602.25
222626.2031
222628.1563
222660.7031
222682.2031
222683.5
222720.7969
222742.5469
222783.1094
222794.2969
222847.6094
223147.1563
223198.4531
223215.75
223237.8594
223296.4063
224072.1563
224078.9063
224081.1094
224090.9063
224099.7969
224108.5
224111.5
224123.4531
224134.1094
224139.1094
224182.5
224190.75
224204.75
224225.9531
224241.25
224262.4531
224319.1094
224346.1094
224370.6563
224395.2031
224413.4531
224439.6563
224651.2031
224653.3594
224740.5469
224752.1563
224772.9531
224826.9063
224859.4531
224898.7031
224959.9531
224969.75
224984.25
224998.6094
225016.6094
225026.4063
225078.4063
225111.4531
225138.1094
225154.3594
225180.5
226283
227576.9531
228193.3594
229551.25
229912.1563
230008.8594
230848.7031
230875.3594
230880.5
230893.5
230895.2969
230903.1094
230912.6563
230922.6563
230929.2969
230946.1094
230953.75
230979.8594
230990.6563
231013.6563
231046.2031
231061.7031
231077.9063
231098.4531
231109.5
231143.2031
231158.1563
231182.1563
232838.5
236435.25
236457.5469
236476.25
236922.6094
238218.6563
238321
238822
239584.0469
241540.9063
241810.9063
242610.9531
244371.4063
244380.1094
244409.0469
245271.75
245287.5469
245324.7969
245346.0469
245373.2969
245419.6094
245599.1563
245671.25
246165.6094
246185.8594
246203.25
246219.0469
246242.5
246289.3594
246339.0469
246386.9063
247017.2031
247777.75
247799.2031
247822.9063
248988
249117.2031
250267.7969
250281.25
250359.5469
250384.8594
251189.1094
251204.7969
251971.2031
252155.5
252179.4063
252835.3594
252844.0469
252862.9063
252902.9063
252941.4531
252942.9531
253586.1094
253611.2031
255587.0469
255592.7031
255600.5
255608.6094
255616.0469
255623.7031
255632.2031
255643.4531
255645.2031
255653.6094
255655.5469
255660.9063
255670.8594
255685.1094
255687
255698.6094
255702.6563
255725.2031
255740
255749.7031
255769.9063
255780.2969
255808.4531
255816.8594
255839.6563
255856.8594
255866.8594
255886.2031
255899
255925.0469
255935.9063
256000.5
256015.0469
256032.2969
256074.5
256138.7969
256172.2031
256189.1563
256209.7031
256227.4063
256595.3594
256598.6094
256610.25
256624.75
256631.75
256643.0469
256650.1563
256673.2031
256683.1094
256701.4063
256708.2969
256715.5
256733.0469
256748.1563
256773.6563
256791.2031
256825.6094
256866.4531
256870.7969
256938.4063
256960.0469
257014.9531
257052.9531
257533.9531
257552.8594
257574.0469
257575.7969
257615.9063
257640.6094
257716.2031
257747.7969
257935.7969
258012.3594
258579.0469
258618.1094
258638.2031
260375.1563
260393.3594
260410.6563
260945.2969
260955.9063
263892.75
263904
264044.5625
264857.1563
264919.3125
264949.3438
265055.3125
265090.4063
265125.3438
265236.7188
265273.6563
265704
265723.9688
266146.4688
266161.7188
266200.25
266234.5
266600.3438
266632.5938
267011.9063
267030.9063
267065.0625
267126
268003.3438
268028.0625
268356.0938
268364.2188
268372.8438
268375.4688
268384.3125
268392.8438
268408.8438
268424.0625
268452.2188
268470.1563
268519.0625
268537.5625
268548.7188
268623.0625
268643.5
268695.6563
268829.8438
268842.5625
268863.3125
269037.5938
269060.75
269116.1563
269130.2188
269272.0625
269290.3125
269324.75
269346.8438
269361.4688
270163.6563
270178.75
270203.3125
270245
270493.0625
270516.0938
271143.5625
271158.9063
271181.8125
271353.1563
279914.8438
279919.9688
279930.4063
279944.3125
279954.6563
279967.5938
279983.5
279996.5
280045.75
280057.5625
280071.4063
280117.1563
280143.25
280153.25
280189.8438
280204.0625
280268.9688
280292.7188
280363.5625
280402.5
280459.5
280518.75
280537.1563
280544.0625
280552.75
280597.0625
280621.4063
280641.75
280664.4063
280672.8438
280690.3438
280712.0938
280722.7188
280738.3125
280762.0625
280793.5
280842.25
280845.9688
280862.3125
280908.5938
280964.4063
281216.6563
281259.2188
281509.8125
281811.0938
281876.7188
282400.0625
282411.5
283369.4063
283378.0625
283394.5625
283405.4688
283421.75
283435.8438
283479
283492.3125
283512.2188
283571.2188
283620.4063
283648.0625
283734.3125
283753.3438
283786.4688
283807.9063
284923.1563
288164.8438
288171.9063
288178.9063
288192.1563
288218.1563
288232.5625
288239.25
288254.8438
288292.3125
288318.3438
288388.4063
288415.6563
288429.8438
288477.5
288494.4063
288521.4688
288582.9063
288607.2188
288673.5625
288702.5
288727.0625
288754.9063
288851
288889.2188
288941.0625
290888.75
290893.0625
290907.25
290922.3125
290936.4063
290949.1563
290959.3125
290972.9688
290993.8125
291025.0938
291047
291065.6563
291086.4063
291150.2188
291167.5
291183.8125
291203.1563
291251.3125
291270.8438
291297.9688
291366.6563
291380.1563
291400.7188
291425.2188
291508.7188
291566.0938
291567.6563
294148.4688
294534.1563
294541.4688
294551.1563
294562.8125
294572.0625
294588.4688
294605.3438
294615.8438
294627.5625
294640.5
294660.25
294677.8438
294688.3125
294707.9063
294725.9688
294739.2188
294798.4063
294864.3125
294883.0625
294944.8438
294969.9688
295007.6563
295100.3438
295112.8438
295170.25
295197.5625
295211.9688
295307.9688
295322.7188
295334.5625
295401.25
295435.5
295473.8438
295544.9063
295563.0625
295641.8125
295746.8438
295851.1563
295872.5625
295886.5938
295932.1563
295960.4063
296371.0625
