102.385498
229.2855072
272.9855042
320.0855103
364.5855103
456.635498
724.5855103
926.9854736
971.4854736
972.1854858
1019.185486
1128.135498
1287.335449
1427.435547
1478.385498
1984.235474
2204.735596
2350.436035
2688.635498
2867.735596
3195.2854
3270.835449
3604.635498
3777.585449
3802.5354
3896.2854
4009.585449
4080.686035
4119.085938
4208.385742
4228.48584
4325.035645
4353.585938
4645.785645
4868.23584
4930.085938
4993.185547
5101.98584
5205.085938
5294.435547
5357.185547
5416.73584
5425.785645
5432.585938
5439.385742
5441.385742
5442.885742
5445.085938
5448.48584
5449.73584
5455.885742
5464.085938
5467.685547
5469.98584
5477.435547
5480.48584
5481.335938
5484.98584
5486.285645
5490.335938
5498.23584
5499.535645
5504.48584
5513.635742
5516.685547
5519.48584
5522.185547
5532.48584
5533.385742
5536.085938
5536.635742
5546.335938
5546.935547
5549.73584
5557.23584
5558.035645
5562.285645
5563.535645
5567.935547
5579.435547
5580.48584
5588.48584
5590.635742
5592.585938
5599.435547
5601.23584
5607.085938
5617.23584
5617.635742
5619.285645
5622.23584
5623.635742
5629.23584
5635.585938
5640.685547
5650.335938
5651.535645
5659.685547
5662.535645
5665.23584
5682.48584
5684.185547
5694.085938
5696.335938
5708.685547
5718.035645
5724.785645
5732.285645
5736.98584
5745.935547
5769.23584
5780.335938
5792.98584
5808.185547
5815.185547
5826.585938
5869.73584
5908.185547
5916.435547
5955.885742
5990.935547
6055.48584
6131.635742
6147.685547
6173.935547
6201.035645
6248.535645
6263.185547
6273.335938
6291.685547
6316.685547
6391.98584
6530.23584
6556.285645
6616.885742
6636.23584
6656.185547
6697.385742
6729.585938
6744.785645
6834.835938
6873.185547
6950.885742
6995.885742
7024.98584
7060.685547
7088.085938
7181.185547
7296.73584
7342.335938
7371.435547
7623.885742
7658.285645
7671.185547
7707.835938
7726.585938
7816.73584
7828.335938
7920.085938
7943.98584
7945.135742
7959.135742
7962.585938
7974.785645
7976.73584
7977.98584
7980.48584
7989.98584
7992.73584
7995.935547
7999.435547
8002.285645
8003.335938
8019.98584
8029.48584
8032.585938
8039.98584
8047.135742
8048.785645
8052.73584
8059.085938
8061.98584
8063.585938
8067.535645
8070.535645
8073.685547
8096.635742
8105.585938
8110.085938
8113.98584
8126.98584
8131.185547
8132.23584
8137.98584
8144.885742
8158.285645
8160.185547
8169.685547
8171.435547
8172.135742
8173.98584
8182.685547
8186.935547
8187.935547
8193.985352
8194.685547
8204.335938
8208.935547
8210.185547
8216.885742
8229.735352
8231.435547
8235.786133
8238.085938
8243.435547
8264.485352
8269.036133
8278.786133
8279.835938
8292.385742
8295.536133
8302.135742
8320.036133
8324.735352
8334.385742
8339.786133
8343.536133
8345.885742
8354.435547
8359.735352
8375.985352
8379.235352
8380.835938
8384.536133
8469.635742
8506.885742
8554.036133
8573.735352
8585.685547
8693.786133
8724.635742
8725.385742
8729.135742
8787.985352
8793.335938
8829.335938
8858.786133
8884.335938
8886.735352
8916.085938
8932.885742
8934.085938
8949.335938
8957.585938
8958.835938
8968.935547
8997.135742
9000.536133
9010.036133
9014.286133
9018.235352
9019.935547
9031.935547
9038.036133
9045.085938
9052.786133
9064.036133
9070.635742
9075.635742
9083.835938
9085.685547
9090.735352
9096.885742
9100.885742
9106.786133
9108.385742
9111.235352
9116.485352
9128.435547
9140.135742
9143.135742
9145.935547
9148.685547
9153.735352
9158.485352
9165.286133
9166.685547
9173.685547
9181.935547
9189.885742
9205.585938
9212.385742
9220.536133
9225.885742
9234.735352
9244.385742
9245.435547
9258.286133
9267.286133
9273.235352
9276.385742
9289.485352
9290.135742
9291.585938
9299.435547
9310.935547
9338.685547
9341.135742
9354.435547
9368.835938
9382.885742
9394.435547
9419.385742
9476.585938
9523.036133
9605.786133
9623.685547
9650.485352
9717.286133
9736.885742
9746.485352
9758.085938
9770.036133
9781.235352
9790.435547
9847.085938
9884.885742
9888.786133
9894.335938
9931.335938
9934.135742
9949.286133
9959.536133
9968.235352
9985.085938
10013.33594
10036.68555
10038.58594
10054.33594
10061.73535
10063.28613
10065.13574
10070.73535
10080.88574
10082.03613
10084.53613
10091.08594
10094.08594
10095.43555
10099.33594
10105.93555
10116.43555
10124.03613
10131.63574
10133.03613
10138.78613
10141.23535
10144.03613
10158.08594
10161.13574
10176.63574
10182.88574
10184.78613
10186.43555
10188.68555
10210.23535
10212.08594
10219.13574
10229.88574
10231.43555
10236.28613
10258.93555
10262.68555
10264.18555
10279.58594
10295.38574
10296.23535
10297.68555
10299.13574
10303.43555
10315.73535
10331.53613
10342.98535
10354.13574
10358.88574
10369.48535
10398.23535
10410.13574
10436.13574
10437.68555
10444.28613
10453.03613
10557.23535
10623.18555
10631.98535
10658.13574
10675.53613
10691.18555
10701.63574
10709.53613
10725.98535
10742.93555
10768.43555
10800.23535
10806.18555
10814.28613
10825.23535
10907.38574
10917.98535
10935.63574
10953.83594
10961.13574
10990.48535
11002.13574
11002.88574
11048.78613
11054.93555
11061.28613
11062.33594
11071.58594
11080.58594
11083.33594
11088.88574
11098.23535
11103.13574
11112.08594
11120.98535
11131.98535
11133.98535
11148.13574
11149.48535
11150.63574
11153.83594
11163.63574
11165.28613
11169.13574
11171.83594
11178.13574
11181.03613
11182.43555
11189.38574
11190.38574
11197.13574
11207.53613
11212.18555
11221.03613
11221.83594
11230.48535
11254.63574
11255.73535
11268.83594
11276.03613
11277.78613
11281.73535
11304.63574
11305.78613
11337.18555
11345.08594
11347.98535
11350.53613
11361.68555
11391.38574
11407.53613
11422.03613
11431.33594
11441.93555
11487.88574
11540.93555
11551.88574
11610.23535
11620.13574
11634.13574
11640.43555
11675.68555
11688.43555
11698.63574
11724.83594
11810.38574
11840.73535
11858.68555
11900.28613
11925.18555
11945.73535
11952.98535
11970.48535
11982.68555
12005.28613
12021.68555
12022.98535
12033.43555
12039.18555
12052.73535
12064.83594
12073.13574
12075.13574
12077.83594
12082.28613
12086.13574
12088.73535
12089.33594
12091.83594
12104.38574
12111.78613
12114.43555
12119.68555
12124.38574
12125.38574
12132.93555
12139.58594
12144.28613
12158.13574
12160.58594
12171.93555
12176.98535
12181.23535
12195.08594
12197.43555
12200.43555
12202.68555
12212.08594
12218.23535
12219.68555
12220.98535
12230.98535
12256.28613
12258.98535
12263.28613
12277.43555
12281.13574
12284.78613
12307.28613
12310.23535
12315.58594
12321.53613
12324.73535
12355.33594
12363.93555
12373.98535
12389.88574
12390.68555
12399.33594
12428.53613
12438.58594
12482.28613
12495.78613
12540.28613
12624.63574
12694.93555
12707.78613
12718.38574
12735.03613
12745.63574
12776.08594
12818.23535
12866.88574
12910.98535
12960.43555
12996.88574
13059.23535
13165.93555
13184.13574
13186.98535
13271.78613
13299.43555
13330.28613
13360.18555
13499.23535
13521.38574
13593.68555
13657.43555
13698.58594
13723.68555
13840.43555
13951.58594
13990.28613
14039.88574
14134.38574
14168.53613
14186.58594
14223.33594
14303.48535
14352.03613
14505.03613
14548.58594
14960.28613
15105.08594
15116.83594
15222.33594
15276.03613
15288.78613
15289.58594
15305.03613
15325.08594
15328.23535
15348.33594
15351.73535
15371.98535
15375.98535
15384.98535
15390.28613
15391.43555
15392.03613
15404.98535
15410.63574
15416.03613
15423.13574
15425.33594
15434.68555
15439.18555
15443.08594
15444.88574
15457.38574
15461.38574
15462.28613
15464.13574
15469.13574
15483.58594
15489.18555
15493.58594
15494.88574
15507.73535
15515.53613
15522.48535
15524.68555
15525.78613
15528.13574
15537.78613
15543.28613
15551.78613
15558.63574
15562.53613
15577.68555
15583.83594
15587.13574
15600.18555
15619.08594
15628.63574
15630.38574
15634.73535
15660.88574
15692.33594
15781.23535
15900.68555
15912.08594
15932.88574
15959.53613
16011.63574
16020.88574
16097.38574
16194.83594
16216.38574
16272.18555
16292.73535
16302.83594
16323.03613
16338.68555
16355.43555
16363.58594
16371.93555
16376.33594
16377.78613
16395.38477
16402.83594
16416.68555
16426.63477
16438.78516
16442.03516
16442.88477
16445.58594
16447.33594
16457.88477
16464.08594
16471.08594
16477.28516
16485.58594
16503.88477
16510.63477
16520.63477
16526.18555
16535.48633
16538.38477
16549.48633
16554.88477
16556.98633
16565.33594
16576.33594
16579.13477
16587.33594
16596.83594
16620.13477
16624.08594
16630.43555
16652.33594
16657.58594
16665.78516
16666.63477
16692.88477
16739.38477
16767.63477
16778.33594
16824.58594
16914.18555
16950.93555
16972.68555
16986.48633
16992.93555
17023.68555
17047.78516
17142.23633
17178.83594
17203.18555
17217.08594
17227.83594
17247.78516
17294.58594
17341.18555
17357.53516
17371.78516
17375.98633
17396.03516
17402.28516
17414.63477
17418.98633
17423.73633
17436.33594
17437.78516
17447.63477
17450.18555
17452.68555
17455.23633
17460.48633
17461.23633
17474.08594
17475.43555
17476.83594
17481.23633
17491.68555
17494.78516
17495.98633
17501.48633
17515.03516
17519.28516
17521.53516
17548.43555
17567.73633
17569.43555
17570.43555
17584.53516
17602.83594
17609.33594
17615.13477
17636.43555
17643.63477
17656.18555
17663.38477
17665.78516
17682.53516
17689.48633
17695.78516
17697.48633
17711.63477
17739.13477
17865.58594
17938.28516
17969.33594
18059.78516
18119.03516
18145.23633
18178.38477
18184.53516
18258.73633
18297.73633
18339.43555
18351.38477
18369.83594
18376.03516
18376.93555
18387.73633
18407.08594
18408.23633
18413.03516
18432.63477
18433.83594
18458.38477
18472.33594
18479.38477
18482.73633
18488.28516
18497.83594
18509.38477
18510.98633
18520.43555
18533.53516
18534.83594
18546.33594
18548.68555
18556.08594
18561.93555
18563.23633
18589.93555
18606.33594
18618.93555
18628.48633
18651.58594
18658.63477
18659.63477
18685.33594
18725.78516
18771.88477
18781.38477
18807.73633
18832.43555
18861.13477
18889.68555
18983.83594
19041.18555
19075.93555
19146.68555
19261.48633
19277.53516
19327.58594
19363.53516
19375.48633
19384.98633
19423.03516
19431.88477
19442.23633
19443.58594
19454.63477
19461.03516
19464.03516
19467.03516
19469.88477
19474.38477
19484.13477
19493.03516
19495.53516
19509.63477
19521.08594
19523.83594
19526.53516
19527.68555
19542.38477
19544.08594
19561.48633
19567.73633
19585.28516
19594.78516
19601.68555
19604.38477
19617.33594
19624.78516
19635.53516
19645.13477
19675.23633
19684.08594
19685.23633
19687.93555
19701.18555
19711.73633
19721.68555
19725.73633
19729.93555
19745.43555
19768.33594
19772.33594
19810.13477
19866.48633
19886.93555
19912.78516
20089.73633
20126.53516
20145.98633
20231.33594
20339.08594
20567.28516
20640.43555
20732.68555
20798.43555
20841.18555
20912.18555
20963.23633
21013.98633
21044.63477
21161.88477
21360.73633
21465.58594
21512.88477
21599.13477
21652.68555
21729.68555
21811.18555
21847.23633
22064.38477
22277.73633
22298.73633
22325.13477
22339.48633
22401.68555
22614.13477
22637.78516
22639.43555
22660.93555
22684.53516
22706.33594
22712.03516
22715.93555
22721.48633
22724.98633
22734.68555
22739.33594
22745.23633
22747.03516
22751.13477
22753.93555
22755.83594
22775.58594
22777.58594
22780.88477
22788.43555
22789.58594
22793.03516
22794.58594
22802.18555
22805.93555
22814.53516
22825.28516
22827.38477
22830.68555
22844.23633
22847.78516
22854.13477
22859.08594
22875.98633
22891.38477
22895.68555
22899.93555
22915.38477
22916.53516
22925.38477
22926.78516
22941.38477
22958.38477
22980.83594
22982.43555
22998.98633
23041.18555
23084.38477
23182.28516
23214.63477
23241.93555
23252.23633
23257.43555
23265.08594
23294.28516
23327.48633
23369.13477
23380.73633
23430.03516
23478.83594
23575.18555
23620.98633
23702.33594
23704.93555
23709.58594
23711.18555
23713.78516
23724.13477
23728.78516
23730.28516
23736.28516
23741.13477
23747.48633
23753.23633
23754.53516
23763.83594
23765.58594
23769.58594
23774.93555
23778.28516
23794.08594
23794.98633
23802.83594
23810.73633
23811.68555
23822.88477
23846.63477
23848.13477
23855.43555
23860.18555
23871.33594
23881.03516
23885.58594
23892.83594
23906.33594
23913.43555
23928.18555
23932.83594
23939.68555
23959.13477
23961.88477
23964.63477
23966.03516
23999.38477
24003.28516
24005.53516
24014.03516
24021.83594
24040.63477
24059.53516
24116.18555
24231.68555
24316.63477
24431.73633
24450.98633
24507.48633
24569.43555
24612.78516
24692.38477
24716.08594
24734.63477
24739.23633
24750.38477
24758.93555
24763.53516
24766.08594
24767.33594
24778.93555
24780.58594
24787.68555
24790.03516
24797.33594
24810.98633
24818.08594
24823.18555
24826.83594
24833.73633
24837.43555
24856.43555
24857.98633
24859.08594
24863.43555
24872.68555
24880.43555
24888.88477
24900.23633
24918.93555
24925.08594
24934.43555
24935.83594
24946.18555
24951.18555
24957.33594
24979.58594
25012.13477
25015.53516
25043.13477
25045.93555
25048.53516
25054.83594
25122.48633
25179.78516
25252.53516
25293.58594
25295.33594
25303.78516
25306.98633
25341.63477
25346.48633
25360.98633
25394.88477
25646.18555
25708.43555
25746.68555
25748.88477
25753.68555
25760.98633
25769.58594
25773.48633
25777.23633
25784.93555
25789.78516
25791.68555
25793.53516
25794.33594
25806.78516
25817.08594
25818.68555
25820.58594
25828.53516
25830.98633
25838.38477
25841.63477
25844.63477
25848.68555
25855.03516
25856.83594
25864.48633
25867.78516
25869.98633
25878.08594
25887.83594
25892.33594
25898.58594
25902.48633
25905.08594
25920.43555
25947.73633
25948.98633
25970.78516
25986.73633
25994.03516
26001.13477
26010.23633
26013.38477
26018.38477
26028.33594
26046.28516
26061.13477
26066.78516
26079.93555
26103.63477
26114.48633
26138.18555
26140.63477
26166.48633
26184.13477
26314.68555
26328.53516
26377.68555
26379.68555
26464.28516
26499.03516
26611.98633
26619.93555
26655.28516
26702.03516
26740.88477
26766.13477
26786.28516
26787.23633
26798.43555
26802.28516
26812.03516
26817.43555
26819.13477
26821.08594
26831.08594
26832.88477
26839.38477
26846.68555
26849.48633
26852.13477
26854.58594
26862.73633
26875.08594
26880.73633
26882.68555
26889.38477
26901.43555
26901.78516
26907.48633
26930.28516
26933.28516
26944.13477
26965.33594
26985.78516
27005.18555
27033.28516
27046.43555
27131.58594
27191.88477
27195.78516
27346.28516
27417.73633
27481.63477
27515.33594
27587.88477
27634.18555
27701.23633
27754.33594
27808.23633
27881.43555
28018.38477
28127.08594
28148.43555
28173.63477
28219.98633
28321.03516
28398.93555
28436.23633
28480.88477
28596.58594
28641.53516
28786.53516
28856.28516
29015.88477
29059.78516
29070.43555
29088.13477
29089.78516
29099.33594
29101.53516
29123.73633
29133.78516
29163.98633
29213.28516
29215.33594
29220.58594
29225.53516
29230.98633
29283.13477
29339.53516
29518.73633
29544.63477
29611.03516
29650.98633
29661.53516
29675.58594
29800.68555
29861.13477
29924.58594
29955.78516
29967.28516
29973.33594
29980.43555
29988.83594
29996.23633
30006.73633
30023.23633
30027.43555
30029.33594
30034.88477
30036.63477
30047.68555
30050.13477
30057.18555
30059.23633
30077.48633
30089.68555
30094.73633
30096.68555
30100.08594
30111.83594
30130.03516
30142.18555
30153.03516
30157.98633
30165.93555
30168.38477
30170.73633
30178.53516
30186.28516
30194.68555
30199.28516
30210.18555
30235.43555
30238.18555
30241.43555
30245.23633
30248.73633
30276.53516
30282.23633
30290.73633
30315.58594
30328.63477
30341.08594
30352.93555
30367.83594
30400.83594
30431.43555
30443.28516
30512.58594
30553.58594
30562.98633
30584.43555
30668.83594
30717.48633
30741.78516
30916.53516
30947.98633
30994.23633
31001.78516
31008.88477
31029.23633
31041.13477
31045.88477
31051.08594
31056.68555
31066.88477
31069.63477
31076.73633
31079.98633
31094.18555
31096.33594
31116.48633
31119.18555
31125.13477
31137.53516
31138.13477
31143.83594
31148.38477
31162.48633
31163.33594
31166.43555
31168.53516
31182.98633
31191.83594
31197.68555
31203.08594
31211.43555
31214.68555
31234.13477
31235.63477
31267.38477
31269.38477
31270.33594
31293.78516
31297.93555
31337.73633
31345.13477
31353.93555
31378.83594
31441.13477
31540.63477
31607.93555
31608.93555
31640.33594
31789.73633
31827.83594
31888.68555
31977.08594
32001.23633
32006.58594
32022.58594
32038.58594
32051.78516
32055.08594
32058.53516
32059.63477
32061.28516
32077.43555
32078.73633
32095.48633
32096.43555
32107.43555
32110.98633
32120.28516
32123.93555
32125.03516
32126.53516
32139.48633
32146.13477
32159.38477
32163.53516
32164.98633
32181.08594
32184.73633
32186.13477
32207.53516
32221.68555
32233.18555
32247.98633
32267.68555
32279.38477
32281.58594
32295.18555
32299.63477
32350.58594
32365.38477
32380.28516
32382.38477
32404.58594
32445.63477
32507.78516
32599.08594
32646.58594
32658.63477
32691.78516
32733.78516
32819.1875
32945.83594
32979.78516
33007.63672
33018.48438
33034.9375
33054.03516
33063.63672
33066.88672
33070.38672
33082.48438
33083.28516
33088.63672
33104.98438
33106.9375
33112.33594
33117.9375
33123.1875
33126.38672
33144.83594
33146.63672
33147.53516
33152.23438
33153.98438
33163.48438
33170.63672
33172.9375
33178.03516
33185.48438
33194.63672
33195.78516
33205.28516
33214.88672
33215.03516
33228.73438
33239.53516
33248.73438
33253.38672
33287.48438
33289.6875
33299.13672
33325.78516
33341.03516
33354.48438
33356.53516
33386.9375
33392.78516
33426.28516
33455.98438
33488.98438
33573.48438
33620.78516
33629.53516
33682.98438
33722.6875
33732.08594
33764.98438
33854.98438
33904.98438
33948.4375
33975.9375
34003.4375
34035.58594
34043.53516
34062.08594
34077.33594
34084.98438
34088.03516
34093.6875
34104.9375
34113.78516
34129.1875
34133.23438
34137.9375
34155.6875
34178.88672
34186.13672
34194.9375
34197.88672
34210.03516
34227.98438
34263.13672
34298.28516
34350.1875
34369.13672
34400.4375
34423.38672
34508.98438
34581.48438
34644.08594
34712.4375
34888.13672
34950.58594
35026.33594
35096.03516
35112.53516
35197.4375
35198.53516
35290.78516
35371.38672
35400.83594
35465.63672
35527.9375
35668.63672
35690.53516
35830.6875
35853.03516
35981.28516
36027.1875
36184.23438
36211.83594
36216.78516
36235.13672
36236.98438
36253.88672
36262.38672
36267.1875
36270.6875
36278.9375
36320.83594
36348.9375
36351.08594
36354.53516
36379.63672
36423.4375
36644.08594
36702.73438
36720.4375
36798.78516
36857.08594
36892.13672
36996.6875
37052.38672
37088.38672
37099.9375
37100.58594
37104.78516
37116.73438
37149.73438
37163.08594
37171.6875
37174.4375
37177.53516
37178.9375
37180.58594
37190.48438
37191.83594
37195.6875
37205.33594
37214.9375
37217.98438
37219.88672
37229.9375
37237.08594
37246.4375
37247.78516
37253.03516
37255.73438
37274.73438
37276.98438
37280.08594
37281.88672
37291.53516
37296.53516
37298.03516
37300.58594
37329.08594
37343.1875
37356.88672
37360.48438
37374.9375
37394.53516
37406.08594
37407.98438
37434.73438
37442.48438
37462.6875
37477.48438
37534.53516
37598.9375
37638.23438
37701.1875
37711.1875
37722.1875
37735.38672
37781.33594
37787.88672
37868.03516
37896.03516
37977.78516
38027.33594
38076.83594
38097.28516
38161.48438
38187.83594
38207.78516
38211.9375
38221.73438
38234.88672
38240.6875
38242.23438
38242.4375
38245.53516
38258.1875
38270.03516
38271.48438
38280.23438
38292.08594
38299.6875
38300.1875
38306.38672
38307.9375
38320.88672
38324.28516
38341.4375
38361.4375
38368.78516
38370.13672
38412.28516
38419.63672
38432.98438
38452.38672
38456.48438
38473.53516
38483.53516
38513.58594
38514.9375
38574.1875
38615.83594
38750.9375
38762.03516
38862.1875
38980.03516
39061.63672
39072.9375
39087.78516
39109.53516
39121.03516
39131.13672
39159.13672
39183.53516
39197.4375
39213.4375
39214.48438
39231.1875
39238.63672
39241.73438
39253.48438
39271.33594
39278.58594
39309.9375
39310.9375
39326.83594
39334.1875
39335.9375
39347.13672
39361.03516
39367.1875
39370.58594
39372.1875
39373.9375
39392.13672
39422.98438
39425.03516
39442.9375
39445.98438
39453.53516
39461.38672
39485.4375
39517.38672
39530.1875
39602.53516
39628.73438
39741.28516
39748.23438
39782.03516
39870.23438
39884.03516
40010.53516
40080.23438
40107.78516
40134.98438
40192.23438
40211.08594
40212.23438
40250.48438
40263.28516
40275.48438
40280.63672
40285.08594
40289.98438
40290.9375
40292.53516
40299.23438
40311.28516
40319.28516
40323.48438
40327.98438
40330.13672
40353.9375
40356.48438
40369.48438
40381.63672
40384.38672
40410.58594
40413.4375
40425.1875
40429.73438
40457.58594
40469.23438
40485.9375
40507.38672
40538.88672
40570.58594
40609.83594
40636.98438
40638.63672
40647.28516
40652.13672
40752.53516
40823.33594
40890.88672
40897.58594
40926.9375
40939.08594
40985.9375
41039.53516
41109.4375
41133.08594
41168.83594
41187.03516
41201.28516
41202.4375
41217.83594
41229.28516
41238.78516
41249.6875
41253.63672
41257.98438
41259.38672
41261.58594
41276.98438
41277.9375
41283.03516
41285.33594
41286.33594
41295.23438
41296.48438
41302.48438
41304.98438
41311.73438
41318.88672
41322.83594
41326.9375
41340.83594
41343.63672
41343.73438
41345.33594
41349.28516
41353.4375
41359.53516
41382.63672
41386.38672
41388.23438
41399.88672
41411.33594
41420.13672
41428.08594
41437.48438
41451.73438
41467.33594
41478.08594
41508.58594
41522.4375
41532.23438
41561.38672
41594.63672
41681.28516
41868.48438
41931.38672
41972.28516
41990.13672
42039.48438
42096.63672
42165.83594
42194.33594
42210.63672
42236.33594
42238.4375
42299.9375
42359.53516
42367.73438
42375.63672
42457.58594
42470.23438
42560.08594
42672.53516
42790.83594
43224.78516
43293.03516
43341.6875
43480.78516
43710.6875
43756.98438
43903.48438
44141.28516
44157.1875
44180.58594
44191.38672
44192.88672
44204.08594
44214.88672
44221.63672
44226.23438
44228.78516
44242.03516
44252.6875
44256.9375
44260.73438
44263.53516
44279.53516
44285.03516
44286.53516
44293.33594
44300.03516
44304.48438
44318.6875
44320.4375
44323.83594
44344.03516
44345.23438
44347.1875
44355.4375
44370.88672
44379.4375
44381.03516
44402.08594
44413.98438
44431.08594
44443.53516
44447.98438
44460.38672
44466.13672
44499.98438
44503.6875
44533.38672
44547.88672
44552.48438
44571.13672
44613.03516
44708.88672
44724.78516
44791.88672
44884.78516
44923.13672
44937.88672
44955.4375
45058.73438
45068.53516
45114.88672
45131.48438
45213.78516
45217.53516
45219.08594
45220.28516
45221.88672
45251.58594
45258.98438
45272.48438
45275.78516
45278.23438
45284.03516
45287.78516
45299.08594
45300.88672
45316.23438
45319.33594
45330.03516
45340.03516
45344.33594
45345.23438
45346.9375
45348.03516
45367.53516
45368.9375
45393.63672
45395.83594
45414.03516
45421.6875
45423.6875
45437.6875
45457.03516
45458.78516
45491.13672
45496.78516
45498.23438
45516.98438
45532.73438
45546.53516
45585.6875
45601.13672
45721.1875
45795.53516
45808.13672
45870.63672
46011.38672
46042.83594
46149.23438
46178.53516
46189.13672
46212.88672
46231.48438
46237.58594
46258.58594
46267.73438
46281.63672
46287.23438
46297.33594
46301.38672
46326.33594
46334.58594
46337.63672
46339.63672
46355.53516
46358.73438
46366.98438
46371.9375
46390.73438
46396.53516
46398.28516
46402.23438
46407.28516
46418.13672
46438.08594
46445.78516
46449.13672
46453.63672
46455.13672
46477.08594
46480.73438
46482.48438
46508.98438
46513.73438
46534.73438
46547.38672
46549.9375
46565.23438
46605.4375
46609.53516
46623.23438
46701.83594
46827.9375
46874.88672
46879.33594
46930.88672
46996.73438
47020.03516
47042.4375
47151.63672
47204.9375
47253.33594
47276.6875
47296.48438
47309.98438
47321.9375
47327.28516
47347.53516
47360.1875
47363.28516
47372.53516
47374.53516
47382.63672
47387.08594
47392.6875
47394.88672
47397.28516
47402.78516
47406.1875
47408.23438
47418.58594
47421.63672
47423.28516
47427.6875
47432.73438
47460.38672
47463.88672
47464.63672
47476.9375
47488.48438
47490.78516
47492.4375
47495.13672
47529.28516
47545.28516
47548.13672
47556.33594
47579.13672
47613.88672
47620.03516
47633.98438
47638.63672
47684.28516
47861.83594
47883.98438
48017.28516
48085.83594
48091.03516
48147.83594
48194.9375
48197.48438
48248.6875
48298.6875
48313.73438
48320.23438
48356.03516
48357.53516
48363.4375
48379.9375
48386.98438
48387.9375
48397.28516
48399.28516
48412.6875
48428.83594
48445.08594
48448.9375
48473.73438
48476.08594
48479.83594
48481.1875
48501.08594
48510.08594
48532.9375
48535.63672
48552.73438
48563.28516
48569.73438
48598.28516
48599.73438
48614.6875
48642.98438
48663.98438
48683.1875
48694.03516
48713.53516
48767.48438
48798.23438
48894.28516
48937.9375
48995.73438
49135.1875
49188.4375
49335.38672
49348.28516
49491.63672
49536.6875
49592.88672
49634.08594
49686.88672
49779.28516
49963.08594
49964.78516
49997.23438
50071.83594
50245.48438
50318.6875
50360.58594
50422.4375
50471.48438
50540.78516
50746.28516
50762.33594
50785.88672
50907.48438
50951.23438
51047.53516
51067.53516
51089.63672
51094.23438
51108.23438
51128.53516
51133.88672
51147.28516
51149.23438
51158.63672
51165.63672
51167.23438
51174.58594
51181.4375
51182.23438
51190.08594
51194.83594
51202.53516
51204.83594
51206.88672
51207.38672
51208.53516
51209.53516
51212.33594
51218.13672
51227.03516
51228.6875
51234.08594
51276.23438
51280.53516
51313.1875
51320.33594
51337.33594
51346.6875
51355.03516
51412.98438
51433.28516
51438.13672
51472.98438
51557.38672
51658.03516
51699.03516
51700.58594
51777.83594
51795.53516
51884.53516
51967.58594
52079.4375
52087.53516
52113.63672
52134.38672
52135.6875
52142.78516
52144.33594
52154.28516
52160.78516
52161.78516
52167.73438
52169.28516
52172.1875
52173.9375
52174.98438
52176.58594
52178.58594
52183.63672
52185.9375
52187.33594
52188.03516
52190.88672
52191.63672
52193.83594
52194.83594
52203.63672
52209.38672
52218.48438
52220.58594
52222.98438
52228.4375
52230.9375
52232.03516
52244.88672
52260.23438
52261.98438
52269.58594
52272.08594
52279.58594
52299.48438
52314.88672
52319.48438
52363.08594
52376.48438
52381.6875
52397.73438
52416.33594
52424.33594
52493.88672
52658.9375
52673.9375
52727.4375
52729.48438
52742.28516
52789.28516
52796.4375
52820.4375
52822.33594
52828.48438
52943.73438
52978.28516
52987.48438
53018.08594
53079.08594
53126.08594
53168.83594
53170.38672
53175.33594
53189.1875
53201.73438
53206.63672
53212.28516
53214.1875
53215.48438
53222.6875
53226.48438
53231.88672
53233.6875
53242.23438
53249.88672
53252.1875
53258.33594
53262.58594
53264.28516
53265.73438
53267.33594
53278.33594
53299.28516
53300.73438
53315.4375
53325.48438
53328.48438
53344.9375
53347.78516
53354.88672
53358.38672
53361.23438
53386.38672
53395.73438
53397.33594
53400.23438
53418.9375
53430.38672
53438.83594
53460.88672
53465.83594
53477.88672
53484.4375
53491.98438
53531.28516
53554.03516
53581.9375
53707.63672
53729.73438
53746.13672
53771.6875
53878.73438
53963.83594
53988.53516
53992.9375
54039.88672
54081.13672
54095.83594
54166.73438
54180.53516
54195.03516
54205.73438
54207.63672
54214.08594
54217.13672
54222.33594
54227.38672
54234.33594
54238.4375
54242.78516
54245.23438
54256.48438
54266.58594
54277.53516
54278.58594
54287.48438
54291.53516
54297.88672
54303.1875
54324.88672
54332.78516
54353.6875
54356.53516
54366.73438
54369.33594
54373.6875
54394.38672
54409.13672
54411.4375
54429.28516
54431.98438
54435.23438
54459.48438
54466.58594
54469.28516
54504.73438
54510.38672
54525.63672
54548.83594
54584.98438
54730.08594
54803.03516
54827.1875
54835.88672
54938.13672
55000.28516
55032.53516
55084.1875
55127.48438
55145.78516
55171.48438
55172.4375
55184.03516
55191.9375
55194.4375
55195.98438
55215.78516
55222.4375
55225.98438
55227.73438
55229.88672
55244.08594
55255.48438
55259.6875
55261.53516
55265.73438
55270.83594
55276.53516
55285.9375
55289.23438
55296.73438
55311.48438
55319.23438
55321.28516
55322.78516
55339.83594
55344.6875
55349.6875
55370.33594
55390.78516
55399.08594
55411.28516
55442.03516
55447.1875
55469.63672
55510.4375
55627.88672
55691.08594
55719.08594
55743.6875
55748.4375
55935.83594
55966.28516
56016.6875
56089.53516
56161.98438
56197.58594
56299.48438
56342.58594
56405.03516
56474.73438
56593.4375
56682.08594
56718.03516
56893.28516
56956.63672
57079.08594
57190.73438
57208.78516
57247.03516
57265.88672
57324.63672
57487.88672
57534.28516
57685.1875
57796.38672
57856.6875
57993.58594
58042.48438
58050.88672
58064.78516
58068.08594
58073.1875
58074.28516
58081.13672
58086.83594
58088.13672
58092.53516
58093.6875
58105.78516
58109.4375
58118.1875
58119.83594
58126.83594
58128.28516
58143.23438
58146.48438
58149.08594
58150.6875
58152.03516
58160.33594
58165.03516
58166.48438
58171.98438
58180.73438
58186.9375
58191.23438
58193.38672
58196.38672
58202.73438
58216.88672
58222.98438
58230.53516
58243.6875
58245.88672
58251.48438
58260.48438
58263.9375
58270.38672
58271.08594
58273.98438
58279.48438
58300.33594
58308.1875
58321.98438
58344.03516
58345.6875
58358.9375
58388.23438
58396.48438
58435.38672
58453.23438
58454.4375
58455.6875
58460.23438
58502.78516
58653.38672
58663.78516
58695.58594
58745.28516
58786.6875
58853.1875
58924.4375
59022.4375
59045.03516
59062.6875
59066.73438
59080.33594
59102.33594
59103.63672
59109.73438
59112.78516
59124.33594
59134.73438
59136.33594
59138.4375
59158.58594
59159.33594
59161.13672
59166.73438
59172.78516
59183.33594
59195.33594
59197.98438
59199.78516
59201.73438
59207.78516
59225.83594
59228.48438
59229.6875
59265.63672
59274.08594
59279.33594
59285.38672
59305.58594
59316.23438
59331.33594
59343.33594
59345.53516
59352.1875
59368.33594
59384.28516
59408.48438
59414.98438
59436.53516
59463.63672
59498.33594
59714.28516
59737.58594
59738.6875
59748.88672
59788.58594
59799.28516
59845.38672
59955.6875
59965.03516
59972.33594
60029.6875
60075.28516
60107.53516
60115.98438
60118.6875
60124.53516
60126.83594
60140.48438
60146.98438
60148.6875
60162.13672
60181.4375
60185.33594
60194.13672
60195.63672
60197.4375
60201.13672
60219.23438
60221.08594
60222.6875
60234.48438
60248.33594
60249.88672
60251.33594
60264.83594
60276.73438
60279.48438
60288.6875
60297.63672
60298.98438
60302.6875
60306.6875
60325.83594
60334.98438
60350.78516
60354.23438
60360.13672
60371.4375
60375.88672
60394.03516
60421.33594
60422.13672
60449.1875
60467.03516
60486.38672
60530.1875
60692.9375
60708.23438
60831.03516
60837.4375
60869.33594
61002.98438
61057.58594
61124.83594
61138.88672
61153.4375
61154.4375
61157.78516
61169.78516
61178.1875
61179.9375
61180.58594
61184.1875
61185.28516
61193.9375
61207.28516
61208.6875
61220.6875
61224.28516
61225.6875
61226.4375
61232.58594
61243.9375
61255.38672
61256.78516
61259.23438
61265.9375
61285.38672
61295.4375
61308.6875
61318.33594
61321.28516
61323.6875
61349.98438
61366.1875
61367.6875
61389.13672
61394.08594
61420.38672
61426.53516
61427.88672
61435.4375
61458.28516
61468.73438
61487.53516
61535.53516
61627.03516
61744.13672
61749.78516
61760.48438
61793.63672
61825.63672
61827.78516
61853.08594
61907.38672
62018.13672
62081.83594
62133.58594
62144.63672
62155.53516
62195.08594
62208.83594
62214.6875
62224.88672
62241.13672
62244.63672
62245.9375
62250.63672
62253.48438
62256.73438
62259.38672
62269.83594
62270.98438
62288.03516
62299.9375
62305.63672
62309.58594
62321.08594
62326.6875
62332.28516
62341.63672
62357.63672
62361.1875
62386.78516
62393.4375
62410.58594
62411.88672
62430.1875
62462.58594
62487.33594
62500.63672
62558.88672
62590.78516
62731.03516
62754.28516
62767.88672
62798.08594
62880.38672
62986.28516
63059.6875
63149.73438
63173.13672
63214.88672
63332.53516
63388.63672
63406.73438
63448.78516
63479.13672
63537.33594
63663.83594
63735.9375
63817.13672
63833.33594
64097.6875
64137.33594
64182.98438
64280.1875
64323.83594
64401.13672
64631.1875
64774.28516
64837.33594
64873.08594
64896.58594
64930.13672
64949.08594
64952.13672
64959.1875
65000.28516
65019.6875
65025.53516
65038.48438
65039.9375
65058.48438
65091.03516
65098.23438
65101.03516
65112.08594
65113.88672
65158.78516
65187.1875
65197.88672
65204.78516
65216.58594
65229.58594
65263.78516
65265.83594
65322.33594
65433.53516
65599.13281
65639.33594
65653.9375
65865.78906
65866.78906
65905.03906
65972.1875
65979.6875
65999.63281
66021.33594
66026.48438
66029.6875
66040.98438
66063.03906
66072.83594
66086.78906
66088.48438
66091.88281
66121.1875
66123.9375
66149.53906
66177.48438
66183.03906
66185.53906
66201.1875
66210.78906
66217.08594
66220.28906
66237.38281
66243.73438
66273.38281
66288.6875
66300.83594
66353.48438
66373.38281
66381.98438
66394.78906
66440.73438
66615.83594
66628.38281
66711.03906
66822.13281
66830.88281
66860.83594
66874.03906
66912.78906
66915.63281
66941.08594
66962.48438
66994.08594
67019.23438
67022.38281
67027.53906
67042.48438
67055.63281
67078.13281
67083.78906
67092.38281
67099.53906
67100.63281
67102.1875
67129.23438
67148.98438
67156.98438
67180.6875
67189.23438
67210.6875
67225.98438
67243.88281
67267.73438
67277.58594
67283.6875
67301.03906
67303.63281
67328.9375
67355.08594
67369.73438
67384.63281
67387.28906
67403.78906
67609.53906
67635.98438
67701.53906
67845.6875
67899.73438
67928.83594
67930.33594
67946.1875
67988.6875
67998.73438
68025.23438
68032.08594
68044.78906
68083.38281
68085.4375
68087.88281
68128.6875
68136.48438
68149.63281
68153.53906
68212.23438
68237.28906
68261.38281
68278.88281
68293.63281
68323.83594
68341.48438
68344.28906
68359.6875
68363.88281
68420.33594
68476.4375
68506.78906
68576.23438
68645.48438
68646.4375
68671.73438
68673.83594
68712.98438
68807.33594
68845.83594
68890.28906
68911.63281
68919.38281
68944.33594
68969.53906
68984.88281
68990.33594
69021.33594
69045.78906
69074.6875
69088.08594
69115.4375
69120.88281
69122.58594
69148.23438
69162.53906
69164.6875
69178.73438
69186.78906
69221.03906
69246.1875
69259.4375
69260.13281
69267.9375
69269.88281
69285.23438
69295.58594
69299.28906
69302.23438
69327.13281
69337.33594
69343.83594
69353.53906
69395.23438
69410.48438
69428.73438
69445.9375
69610.03906
69688.78906
69715.78906
69780.28906
69856.83594
69869.1875
69913.63281
69937.23438
69983.48438
70035.13281
70053.83594
70060.9375
70095.48438
70104.83594
70144.38281
70151.48438
70162.1875
70194.58594
70232.08594
70237.63281
70290.33594
70310.9375
70313.13281
70326.73438
70455.9375
70638.03906
70732.28906
70773.83594
70875.13281
70955.58594
71145.38281
71355.98438
71426.53906
71500.13281
71748.08594
71926.73438
71960.6875
72334.48438
72362.1875
72413.58594
72430.13281
72469.28906
72471.78906
72482.13281
72512.08594
72533.83594
72577.9375
72597.23438
72610.4375
72617.78906
72657.03906
72661.08594
72669.28906
72688.33594
72700.03906
72704.28906
72717.08594
72725.33594
72751.73438
72780.33594
72786.58594
72802.98438
72807.9375
72862.78906
72885.9375
72890.6875
73017.73438
73124.63281
73140.4375
73166.28906
73415.23438
73429.23438
73430.63281
73461.1875
73472.13281
73506.33594
73508.53906
73527.28906
73532.33594
73541.03906
73561.58594
73576.33594
73580.83594
73599.28906
73607.08594
73617.4375
73621.38281
73624.23438
73627.28906
73652.83594
73675.58594
73680.73438
73684.63281
73697.83594
73710.6875
73716.48438
73718.53906
73728.6875
73740.38281
73762.58594
73774.73438
73799.13281
73811.9375
73815.08594
73816.33594
73823.88281
73866.98438
73887.03906
73969.08594
74077.03906
74144.48438
74159.08594
74305.38281
74356.63281
74373.83594
74409.03906
74455.53906
74475.98438
74500.48438
74521.63281
74572.4375
74587.58594
74609.73438
74613.13281
74634.28906
74652.53906
74657.6875
74685.4375
74701.4375
74702.33594
74732.63281
74752.58594
74771.28906
74772.9375
74789.9375
74795.9375
74822.63281
74826.63281
74854.23438
74857.83594
74860.83594
74887.53906
74895.83594
74929.63281
74959.48438
75145.98438
75174.13281
75226.63281
75245.33594
75274.38281
75411.88281
75434.78906
75459.83594
75469.23438
75515.53906
75551.03906
75573.9375
75577.73438
75588.28906
75648.63281
75677.23438
75685.78906
75687.58594
75689.03906
75713.63281
75733.98438
75738.78906
75755.98438
75763.08594
75775.13281
75798.08594
75825.48438
75828.08594
75843.78906
75874.63281
75885.13281
75894.98438
75905.4375
75934.73438
75979.08594
75982.6875
76038.88281
76115.48438
76212.88281
76227.38281
76258.98438
76287.73438
76313.53906
76442.98438
76511.83594
76538.58594
76595.38281
76616.78906
76639.23438
76640.28906
76657.48438
76694.33594
76702.53906
76710.78906
76723.78906
76737.28906
76738.63281
76764.13281
76769.58594
76788.6875
76821.6875
76849.63281
76855.6875
76861.13281
76892.98438
76897.63281
76916.38281
76919.83594
76941.08594
76983.73438
77010.23438
77030.1875
77052.38281
77083.33594
77207.4375
77223.88281
77239.1875
77361.63281
77405.9375
77483.6875
77604.23438
77789.83594
77873.08594
77900.63281
78043.78906
78074.28906
78099.48438
78274.63281
78372.38281
78475.13281
78544.08594
78626.53906
78733.9375
78745.28906
78787.53906
78836.23438
78899.58594
79271.4375
79299.63281
79315.48438
79316.9375
79357.6875
79360.88281
79362.83594
79416.13281
79479.28906
79482.6875
79507.6875
79709.63281
79725.4375
79788.48438
79849.53906
79854.13281
79864.9375
79910.4375
79976.9375
80100.6875
80174.33594
80193.88281
80218.83594
80252.13281
80271.98438
80310.83594
80320.98438
80334.78906
80336.33594
80337.83594
80351.88281
80376.48438
80382.08594
80388.23438
80404.58594
80429.28906
80430.33594
80472.88281
80506.58594
80511.1875
80534.13281
80537.08594
80541.73438
80577.88281
80583.08594
80600.63281
80664.98438
80778.78906
80808.28906
80880.28906
80988.4375
81201.08594
81239.1875
81251.98438
81273.98438
81293.9375
81302.13281
81319.98438
81323.4375
81328.58594
81343.08594
81366.13281
81395.83594
81405.08594
81409.13281
81426.38281
81447.63281
81483.28906
81499.88281
81516.38281
81521.38281
81535.38281
81555.1875
81562.38281
81586.78906
81595.88281
81597.58594
81608.98438
81610.6875
81632.83594
81635.1875
81647.23438
81677.03906
81698.53906
81709.53906
81711.6875
81802.1875
81855.38281
81873.83594
81880.08594
81930.28906
81943.88281
82000.03906
82058.6875
82165.13281
82189.58594
82219.28906
82294.6875
82313.83594
82325.38281
82327.4375
82334.9375
82343.33594
82369.9375
82381.1875
82389.13281
82413.03906
82414.73438
82426.4375
82438.58594
82444.73438
82464.53906
82467.63281
82471.9375
82473.03906
82488.13281
82502.6875
82506.08594
82517.78906
82534.78906
82538.78906
82559.88281
82567.08594
82571.38281
82576.38281
82595.78906
82598.13281
82620.03906
82637.4375
82638.88281
82641.98438
82680.83594
82690.63281
82737.1875
82759.1875
82781.33594
82808.1875
82854.58594
82871.13281
82882.28906
82985.83594
82996.03906
83082.98438
83228.48438
83267.63281
83296.88281
83300.08594
83316.38281
83318.73438
83348.73438
83372.88281
83418.13281
83427.4375
83440.83594
83459.9375
83484.78906
83491.23438
83492.38281
83511.03906
83528.08594
83529.58594
83532.98438
83550.4375
83574.88281
83583.23438
83586.1875
83594.9375
83602.58594
83606.1875
83621.4375
83631.83594
83634.08594
83655.38281
83658.1875
83670.1875
83681.33594
83694.48438
83710.23438
83720.08594
83721.6875
83759.13281
83763.23438
83773.38281
83783.28906
83784.88281
83785.13281
83817.03906
83857.28906
83943.33594
84044.4375
84089.9375
84233.88281
84306.98438
84338.88281
84398.38281
84420.88281
84441.88281
84448.1875
84617.28906
84634.28906
84637.73438
84659.58594
84681.9375
84694.6875
84703.08594
84738.98438
84750.9375
84810.4375
84961.9375
85154.1875
85198.13281
85285.08594
85412.1875
85418.33594
85503.4375
85617.63281
85683.53906
85920.1875
86057.6875
86189.63281
86262.9375
86465.53906
86550.53906
86558.83594
86701.4375
86709.9375
86757.48438
86786.6875
86846.88281
86862.33594
86889.13281
86919.98438
86922.38281
86925.4375
86932.63281
86959.08594
86972.28906
86974.88281
86989.38281
86997.83594
87018.1875
87020.98438
87023.23438
87024.9375
87066.63281
87068.6875
87076.98438
87084.13281
87103.58594
87114.13281
87145.03906
87154.38281
87175.23438
87207.63281
87219.28906
87231.88281
87324.73438
87351.33594
87378.13281
87447.78906
87483.63281
87492.28906
87546.63281
87571.33594
87619.28906
87719.63281
87754.38281
87801.03906
87822.48438
87825.53906
87832.03906
87843.88281
87851.83594
87855.6875
87859.38281
87873.4375
87874.38281
87886.23438
87912.4375
87915.78906
87928.28906
87944.03906
87947.98438
87950.33594
87965.38281
87966.73438
87992.6875
88020.78906
88038.28906
88039.28906
88041.63281
88070.9375
88092.9375
88118.4375
88124.33594
88149.88281
88151.78906
88179.1875
88193.13281
88220.6875
88260.08594
88306.28906
88336.1875
88369.03906
88452.83594
88537.83594
88552.48438
88640.08594
88787.38281
88848.28906
88867.63281
88873.88281
88898.63281
88923.23438
88945.1875
88966.83594
88968.4375
88992.28906
89021.28906
89038.23438
89046.33594
89067.53906
89084.03906
89092.13281
89109.28906
89125.13281
89133.88281
89144.88281
89151.88281
89154.03906
89176.1875
89177.38281
89180.53906
89182.58594
89210.78906
89234.28906
89235.6875
89258.83594
89264.13281
89267.28906
89285.03906
89293.73438
89310.4375
89349.48438
89395.4375
89422.88281
89482.33594
89525.53906
89562.63281
89575.33594
89592.53906
89610.03906
89684.23438
89768.88281
89787.03906
89893.03906
89934.6875
89948.78906
89969.1875
89980.4375
89986.6875
89996.83594
90020.98438
90028.9375
90033.33594
90044.08594
90061.08594
90066.13281
90084.03906
90091.53906
90097.78906
90101.9375
90151.03906
90155.13281
90175.73438
90180.63281
90185.23438
90188.48438
90189.03906
90225.73438
90294.58594
90297.58594
90310.58594
90329.03906
90332.28906
90359.4375
90386.53906
90419.13281
90436.08594
90481.38281
90545.13281
90567.78906
90596.38281
90743.73438
90894.83594
90912.28906
90930.03906
90949.9375
90971.9375
90975.73438
91005.63281
91007.28906
91015.73438
91045.03906
91061.1875
91076.4375
91098.08594
91110.48438
91112.33594
91113.33594
91122.33594
91140.53906
91149.48438
91155.48438
91165.4375
91183.4375
91189.33594
91193.73438
91197.58594
91205.83594
91220.88281
91240.53906
91250.78906
91275.88281
91291.53906
91318.48438
91330.78906
91335.9375
91342.28906
91369.83594
91387.53906
91388.6875
91403.63281
91404.73438
91437.38281
91462.28906
91588.23438
91625.03906
91670.53906
91677.83594
91877.13281
91923.03906
92007.53906
92127.23438
92154.9375
92185.63281
92248.83594
92455.08594
92478.78906
92497.13281
92501.88281
92540.23438
92541.63281
92578.48438
92596.83594
92600.23438
92623.48438
92647.53906
92670.48438
92682.73438
92686.53906
92698.53906
92703.9375
92719.78906
92738.88281
92775.53906
92803.78906
92839.6875
92871.98438
92911.83594
92955.08594
93075.6875
93106.58594
93144.38281
93154.63281
93177.23438
93238.88281
93274.48438
93304.98438
93332.4375
93412.33594
93426.48438
93450.33594
93664.58594
93725.58594
93832.58594
93904.98438
93917.63281
93928.48438
93971.13281
93992.38281
93999.63281
94025.08594
94044.9375
94049.08594
94066.88281
94083.73438
94087.58594
94099.88281
94109.23438
94112.48438
94121.98438
94153.58594
94163.53906
94169.58594
94181.53906
94195.58594
94220.63281
94221.63281
94225.53906
94234.58594
94237.03906
94251.63281
94269.63281
94299.63281
94320.58594
94324.78906
94326.38281
94355.83594
94360.23438
94362.48438
94363.73438
94370.6875
94407.53906
94441.98438
94449.9375
94460.88281
94462.73438
94502.38281
94536.98438
94580.48438
94694.03906
94718.53906
94722.9375
94766.53906
94962.53906
94980.38281
95005.53906
95024.13281
95041.08594
95058.78906
95062.98438
95105.83594
95116.38281
95127.28906
95131.9375
95140.78906
95164.58594
95191.78906
95196.4375
95209.6875
95214.53906
95224.23438
95236.48438
95255.58594
95259.98438
95265.03906
95266.13281
95288.73438
95315.03906
95320.83594
95326.08594
95339.9375
95369.48438
95383.1875
95424.1875
95429.63281
95434.83594
95479.23438
95510.38281
95540.4375
95568.63281
95724.88281
95765.08594
95824.08594
96081.33594
96104.23438
96112.48438
96167.33594
96172.63281
96188.98438
96210.9375
96215.1875
96222.58594
96250.1875
96273.13281
96302.63281
96303.73438
96324.13281
96340.6875
96341.1875
96359.6875
96373.23438
96384.83594
96389.23438
96413.9375
96426.1875
96476.08594
96488.53906
96548.1875
96586.63281
96665.63281
96744.23438
96746.38281
96807.23438
96840.9375
96967.73438
97059.13281
97078.4375
97143.48438
97151.48438
97162.63281
97176.1875
97193.6875
97208.73438
97236.33594
97253.58594
97281.63281
97291.98438
97306.1875
97329.9375
97358.83594
97382.08594
97415.4375
97423.73438
97428.13281
97466.63281
97493.88281
97525.78906
97666.1875
97812.1875
97820.9375
97916.28906
97944.73438
98109.98438
98129.6875
98151.38281
98242.63281
98247.13281
98265.6875
98278.6875
98311.13281
98332.03906
98354.6875
98372.1875
98390.4375
98405.53906
98426.63281
98498.1875
98565.08594
98659.28906
98839.53906
98876.6875
98898.13281
98941.98438
98983.6875
99023.4375
99047.1875
99048.23438
99082.83594
99124.28906
99206.6875
99241.53906
99304.33594
99769.13281
99832.9375
99965.98438
99972.48438
100364.0859
100400.2344
100512.1875
100682.3828
100739.3828
100895.6328
100949.2891
101029.8359
101072.2891
101096.3359
101114.4375
101147.2344
101164.6328
101186.0391
101198.2344
101236.5391
101250.2891
101253.0391
101258.2891
101305.1328
101366.6875
101516.4375
101558.5859
101586.6328
101627.9844
101721.7891
101804.4375
101845.8359
101856.6875
101909.2344
101932.5391
101958.0859
101990.8359
102029.7344
102057.1328
102065.7344
102078.1328
102095.2344
102100.8828
102124.0859
102141.0859
102159.9844
102164.3359
102173.3359
102176.1328
102192.5859
102194.5391
102200.0859
102212.9375
102221.2344
102231.3828
102235.6875
102262.9375
102264.7891
102291.9375
102301.8828
102530.1875
102696.5859
102709.0391
102734.1328
102775.6328
102796.0391
102808.4844
102844.5859
102907.6328
102964.5391
102994.2344
103023.2344
103037.1328
103046.4844
103052.9375
103063.9375
103078.0391
103080.9375
103098.9844
103105.8359
103110.4844
103125.8359
103145.6328
103151.2891
103164.1875
103170.2891
103181.0859
103209.9375
103214.9844
103230.3359
103235.5391
103240.3828
103285.6875
103287.4844
103313.1875
103343.5859
103363.4844
103402.1328
103412.8359
103436.3359
103616.5391
103623.1875
103666.7891
103688.2891
103758.8359
103850.7891
103873.4844
103878.3828
103957.5859
104049.5391
104084.1328
104113.3359
104121.2344
104123.2891
104137.4844
104143.5391
104147.5859
104175.5391
104176.7344
104189.6875
104194.3359
104200.9375
104223.8359
104234.7344
104253.2891
104257.3359
104267.0391
104272.2344
104286.4844
104294.2344
104294.7891
104317.2344
104376.6875
104385.3828
104396.7344
104406.1328
104430.1328
104433.8828
104445.8359
104456.2344
104546.9375
104605.5391
104692.7891
104694.2891
104741.3359
104771.5391
104828.8828
104910.6875
104930.0391
104999.5859
105012.6875
105050.7891
105109.0859
105145.9375
105159.2891
105160.3828
105195.6328
105205.9844
105240.7344
105249.0859
105258.8828
105290.8828
105295.0859
105308.3359
105331.6328
105370.5391
105419.4375
105429.8359
105430.6875
105485.5859
105486.8359
105494.3359
105544.3828
105696.7344
105713.0391
105783.8359
105861.5859
105901.2891
105907.5391
105927.2344
106031.7891
106033.9844
106059.5859
106087.8359
106113.7344
106138.5391
106157.0391
106160.0391
106189.2344
106221.4844
106248.1875
106285.3359
106345.1875
106548.0391
106748.5859
106830.7891
106867.6328
107022.0859
107097.1328
107169.6328
107358.4844
107416.6328
107585.3828
107625.9375
107903.7344
107999.0859
108135.5859
108469.3828
108615.7891
108658.6875
108680.0859
108700.3828
108717.4844
108721.9375
108729.6875
108736.8359
108738.5859
108758.9375
108763.0391
108768.1328
108768.6328
108789.2891
108793.0391
108794.9844
108801.6328
108803.5859
108804.9375
108806.5859
108822.9375
108825.8828
108826.9844
108832.5391
108837.8828
108839.1328
108849.6875
108852.8359
108876.9844
108881.1875
108883.2344
108891.3828
108921.8359
108930.4375
108941.8359
108953.4375
108965.6328
108976.3359
108992.5391
109016.8828
109044.5391
109069.2891
109113.9375
109326.3828
109359.9844
109393.1328
109402.5859
109431.1328
109477.7891
109480.8828
109534.8359
109598.1875
109599.7344
109615.9375
109617.9844
109621.0391
109708.8359
109734.4844
109745.1328
109750.4375
109766.2344
109771.8828
109774.4844
109777.1328
109786.2891
109801.6875
109806.8359
109825.9375
109828.1328
109844.1328
109848.2891
109856.3828
109862.9844
109864.7891
109865.7344
109866.0391
109874.2891
109882.9844
109883.7344
109887.7891
109898.0859
109910.3359
109916.7344
109920.1875
109939.2344
109944.7344
109951.1875
109975.3359
109977.6875
109989.9844
110017.1875
110024.8828
110041.5859
110044.6328
110078.4375
110087.8828
110090.0859
110176.0391
110238.9844
110369.4375
110387.6328
110395.1875
110482.0859
110582.0391
110617.2344
110684.3359
110693.6328
110736.6328
110784.6875
110806.0859
110807.6328
110818.9375
110834.3359
110837.7344
110846.7344
110848.7891
110865.8359
110868.4375
110869.3359
110883.5859
110885.1328
110893.5859
110905.5391
110907.2891
110911.6328
110912.9844
110915.5859
110916.7344
110931.4844
110933.1875
110937.9844
110943.9375
110945.2344
110970.2344
110973.9375
110976.8359
110979.4844
110988.0859
111007.2344
111009.2891
111028.6875
111034.2891
111039.6875
111044.8359
111047.5391
111049.4844
111061.2344
111073.2891
111081.7891
111086.4375
111108.2891
111116.6875
111120.0859
111157.2344
111164.0391
111197.6328
111253.0391
111414.0859
111510.8828
111533.4844
111565.8359
111588.5859
111636.3359
111717.7891
111778.9844
111806.5391
111827.6875
111859.1875
111864.0391
111878.6328
111886.0391
111898.3359
111906.2344
111908.3359
111914.1328
111938.2344
111940.2344
111950.8828
111955.0859
111956.5859
111958.8828
111968.6328
111982.3359
111983.9844
111999.7344
112006.1875
112019.4375
112022.8828
112049.8359
112055.7891
112074.4844
112085.3359
112088.6328
112123.6875
112127.1875
112129.1328
112132.0391
112145.3828
112187.5391
112199.8828
112217.0391
112239.2891
112253.1875
112310.3359
112490.6328
112502.5859
112523.6875
112527.3359
112558.8359
112648.5391
112758.9375
112805.8828
112844.1328
112862.5391
112882.3359
112885.7891
112912.5859
112922.8359
112931.5859
112940.5859
112942.0859
112942.4375
112945.2344
112959.0391
112961.7344
112963.2344
112987.0391
112988.4375
112989.7344
112997.8359
113015.2891
113021.4375
113037.5391
113038.8359
113049.6328
113057.3359
113066.9375
113079.6875
113090.0859
113103.4844
113105.2891
113108.4375
113133.9375
113140.6328
113142.1328
113165.0859
113166.9375
113188.2344
113208.8828
113236.9844
113271.4844
113466.3359
113468.0859
113470.4844
113493.2891
113551.5391
113615.2891
113619.7344
113737.6328
113763.2891
113863.3359
113888.8828
113928.0391
113975.0391
114020.3359
114098.7344
114209.4375
114291.9375
114375.9375
114474.6875
114520.3828
114565.2891
114602.1328
114721.2344
114851.3828
114887.8828
115030.0859
115156.6875
115158.4375
115235.3359
115373.7344
115408.2891
115507.3359
115563.8359
115598.8828
115608.8828
115628.2344
115638.0859
115638.8828
115652.8828
115663.6328
115675.5859
115680.4375
115691.1875
115691.6875
115711.9844
115713.0391
115726.5859
115731.0859
115741.2344
115746.1875
115754.6328
115755.5859
115756.4375
115769.9844
115774.0391
115778.1328
115813.0859
115832.8359
115859.5859
115861.7891
115874.6328
115875.2891
115923.7891
115926.4844
115931.1875
115978.6875
115985.7891
115994.7344
116001.3828
116118.5391
116180.0859
116188.8828
116254.9844
116369.1328
116429.7891
116489.1875
116539.6328
116570.3359
116601.9844
116622.5859
116627.0859
116638.6875
116642.7344
116652.3828
116675.4844
116680.0859
116686.0391
116701.2891
116735.3359
116738.1328
116742.1328
116758.9375
116765.1875
116767.3359
116790.7344
116843.4844
116874.3828
116875.5859
116883.1875
116910.1328
116926.3828
116989.6328
117251.7891
117309.8359
117455.7891
117510.9375
117595.3359
117608.6328
117622.8359
117628.5859
117636.3359
117660.9375
117674.4844
117683.5859
117702.2891
117721.8359
117739.1875
117740.8828
117753.0859
117771.2891
117774.4844
117776.3359
117781.1328
117808.9844
117814.0391
117834.4844
117835.3828
117836.6875
117841.4375
117843.4844
117847.1328
117870.0859
117886.4844
117887.8828
117891.1328
117936.7344
117965.6875
118219.8828
118339.0391
118555.6328
118564.2344
118594.8359
118611.4375
118617.3359
118636.0859
118655.4844
118661.3359
118662.7891
118690.9844
118713.1328
118726.6328
118728.5391
118748.8359
118757.3828
118767.3828
118778.4375
118781.2344
118791.4375
118799.1328
118800.3359
118805.5391
118815.3828
118851.3828
118853.0859
118861.9844
118881.7891
118890.6875
118903.6328
118904.3359
118914.2891
118928.9844
118955.4375
118959.8828
119010.8359
119222.2891
119266.7891
119299.2891
119404.2344
119457.0859
119525.9375
119584.2891
119619.3828
119624.0391
119671.6328
119685.5391
119700.5859
119706.5859
119712.5859
119722.0859
119727.7891
119735.6875
119740.2344
119748.6328
119751.6328
119753.5391
119754.9375
119771.0859
119779.0391
119788.8828
119800.4375
119832.4844
119841.8828
119846.4375
119852.8828
119857.7344
119880.9375
119894.9844
119902.2344
119907.0391
119934.7344
119940.9375
119950.3359
119961.1875
120084.0859
120262.2891
120272.5391
120480.6328
120485.9375
120496.5391
120539.6328
120585.6875
120612.5859
120660.2891
120668.1328
120700.5859
120702.9844
120745.1875
120768.1328
120834.9844
120855.5391
120896.4375
121138.9375
121208.9375
121316.4844
121322.9844
121385.6328
121453.5859
121671.5859
121801.8828
121879.9844
122042.1328
122184.6875
122229.4375
122314.4375
122509.6328
122574.0859
122717.8828
122779.3359
123005.9375
123053.8359
123064.2344
123096.5859
123152.7891
123162.3828
123181.7344
123194.2891
123256.2891
123316.7344
123404.2891
123691.7344
123959.5391
123972.5391
123994.9844
124039.5859
124049.7891
124106.0391
124158.6328
124196.0391
124360.7891
124406.8828
124510.4375
124632.1875
124732.7344
124932.4375
124957.0391
125031.3359
125052.6875
125053.6328
125116.1328
125180.9375
125185.2891
125284.5859
125332.2344
125372.7891
125436.1875
125470.1875
125909.4375
126014.6328
126042.3359
126162.4844
126195.8359
126196.7891
126232.8828
126324.4375
126371.4375
126462.0391
126814.8828
126905.0859
127213.1875
127262.2344
127294.4844
127298.6875
127353.9844
127415.6328
127447.0859
127792.9375
127822.5859
127907.7891
127962.2891
128011.4375
128194.1875
128439.8828
128808.0859
128884.7891
128929.0859
129107.8359
129147.5859
129448.0391
129511.6328
129592.8359
129649.8828
129735.1328
129944.2344
130090.6328
130119.3828
130167.2891
130174.2344
130219.4375
130333.3828
130379.3359
130587.7344
130624.4844
130703.5391
130727.9375
130891.0859
130931.6875
130952.3359
130989.7344
130999.6328
131067.0391
131089.6875
131137.0781
131170.0781
131272.6406
131399.6875
132029.1406
132068.1875
132151.5781
132187.5781
132210.1406
132256.5313
132280.2344
132296.4844
132363.7344
132431.2813
132470.8281
132719.6875
132895.6875
133002.3906
133159.5313
133209.7813
133243.2344
133276.4375
133330.2344
133354.8281
133429.2344
133480.7344
133615.8906
133733.8281
133847.7813
133951.2344
133981.6406
134007.1406
134011.7344
134073.3281
134137.7813
134174.1875
134234.4375
134276.4375
134334.3281
134339.6875
134382.1875
134395.3281
134475.1406
134492.8906
134513.9844
134545.5313
134602.3906
134823.1406
134979.9844
135109.8281
135254.8906
135282.6875
135707.7344
135796.5781
135817.1406
135863.9844
136021.5781
136237.9844
136308.5313
136352.2813
136393.1875
136444.1875
136574.1875
136856.1875
136865.3906
136989.6406
137247.2813
137353.4844
137390.2813
137419.9375
137467.3281
137482.0781
137502.9375
137541.8906
137578.3906
137606.0781
137632.4375
137639.1406
137665.0313
137671.5313
137681.7813
137684.2813
137687.2344
137705.5781
137712.9375
137715.1406
137716.3906
137719.0313
137724.2813
137727.0313
137731.2813
137734.8906
137755.5781
137781.2813
137790.8906
137797.0781
137825.1406
137831.8281
137876.2344
137930.0313
137955.2344
137966.8281
137975.8281
138045.0781
138057.8906
138095.4375
138246.5313
138262.4375
138338.0781
138418.7813
138461.2344
138480.8281
138499.7813
138512.1875
138520.0313
138551.1406
138557.3906
138563.2344
138573.1406
138607.4375
138671.3281
138712.7813
138715.4844
138747.4375
138749.2344
138750.2344
138766.6406
138767.7344
138768.9375
138769.7344
138774.8906
138794.6406
138798.2344
138824.7813
138835.1875
138848.2344
138855.1406
138930.7813
138935.9844
138937.0781
138945.4844
138986.2344
139019.7344
139062.3281
139145.5313
139212.4375
139387.8281
139410.8906
139473.9844
139518.0781
139534.5781
139565.2344
139599.0781
139616.9844
139653.8281
139669.0313
139680.9375
139703.5781
139721.3281
139753.7344
139757.3906
139762.4844
139770.2813
139773.2813
139783.3906
139800.3281
139807.6406
139841.3281
139844.7813
139852.4375
139871.5781
139884.7813
139904.5781
139936.7813
140001.9844
140012.8906
140021.8281
140069.6875
140113.9844
140209.9375
140260.4844
140278.7813
140389.1875
140392.5313
140450.5313
140494.1406
140524.5313
140554.0781
140574.4375
140595.4375
140612.9375
140646.4375
140693.2813
140717.6875
140727.5781
140731.0313
140777.6406
140793.3906
140808.1406
140811.2344
140813.4844
140816.6875
140831.8906
140863.7344
140901.8906
140935.3906
140936.3906
140937.5781
140979.1875
140999.6406
141025.7344
141040.2344
141096.8906
141217.4375
141234.4844
141261.1875
141290.5313
141457.9844
141500.5781
141522.2344
141554.6875
141584.7813
141603.0781
141632.2344
141657.3906
141674.5781
141693.1406
141721.2344
141740.3906
141749.6406
141776.6406
141796.2344
141801.4844
141802.3906
141828.4375
141833.0781
141878.5781
141879.9844
141895.5781
141898.7344
141909.8281
141920.4844
141926.9844
141978.6875
142011.2344
142225.3281
142285.7813
142384.4844
142435.8906
142487.9375
142503.3281
142591.8281
142631.2344
142725.4844
143007.8281
143020.3906
143156.6875
143227.2344
143304.4844
143321.6406
143463.6406
143624.7813
143838.6406
143908.2813
144047.3906
144357.4844
144547.8906
144607.4844
144625.4375
144656.6406
144661.2344
144703.7344
144750.0313
144767.3906
144780.7813
144792.9844
144833.1875
144876.0781
144993.1406
145134.5313
145302.0313
145580.4844
145643.5781
145671.5313
145674.5313
145712.2344
145744.3906
145776.9375
145807.3281
145814.6875
145827.1875
145886.5313
145923.6875
145941.5781
146051.6406
146076.7344
146092.8906
146179.8281
146294.6875
146498.8281
146535.1875
146576.5781
146599.1406
146676.3281
146693.3281
146759.8281
146826.7813
146860.6406
146876.3281
146939.5781
146966.2813
146986.8906
147050.8906
147153.6406
147179.9844
147202.3281
147244.9375
147489.0781
147543.3281
147547.4844
147609.4844
147666.9844
147692.7344
147758.1875
147793.6406
147810.4375
147851.6875
147908.7813
147929.3906
147960.0313
147980.1875
148043.9844
148070.8281
148121.3281
148300.0313
148395.1875
148499.4375
148609.1406
148673.3281
148699.0313
148718.2344
148733.4375
148759.1875
148783.2344
148830.4844
148861.4375
148882.3281
148909.0313
148978.1875
149001.0781
149006.9375
149055.4844
149096.5313
149154.0781
149179.7813
149251.3906
149323.3281
149654.7344
149703.6406
149809.5313
149848.2813
150039.8906
150302.6406
150582.3906
150594.9844
150607.0313
150787.5781
150936.2813
151079.5781
151285.1406
151488.0313
151592.0781
151849.8281
151972.9375
152134.4844
152195.3281
152263.7813
152410.2813
152453.2813
152669.3906
152734.6406
152831.2813
152853.2813
152890.6406
152983.6875
153118.9375
153276.5781
153295.8281
153397.8906
153434.5313
153582.3906
153874.3281
154050.6406
154109.3281
154242.5313
154503.2344
154638.1875
154797.8906
154928.1875
154952.3281
155002.3281
155091.4375
155150.9844
155250.8281
155269.5781
155292.6406
155378.1406
155653.4844
156000.1875
156098.0781
156128.9375
156180.1875
156292.8281
156350.7344
156372.4375
156541.2344
156548.7344
156573.5781
157276.0313
157290.7813
157428.4844
157438.0781
157729.1406
157800.1875
157858.2344
158027.9844
158128.0781
158404.9375
158509.0781
158827.8906
158928.8281
158989.8281
159298.8281
159352.4844
159402.9844
159416.4375
159430.6406
159469.2344
159506.2813
159530.7813
159658.9375
159761.1875
159790.5781
159885.0781
160194.4375
160299.6406
160338.0781
160351.2813
160438.9844
160456.4844
160498.6875
160587.7344
160604.5313
160661.7344
161043.8906
161072.6406
161102.3281
161250.9844
161351.4844
161374.4375
161394.5313
161511.7813
161552.2344
161569.1875
161581.4844
161652.3281
161702.0781
161745.9375
161806.1875
161939.0313
161996.2813
162017.3281
162195.8281
162243.5313
162440.3906
162515.1875
162537.3906
162579.9375
162616.9844
162655.5313
162675.9844
162676.7813
162714.1875
163128.7344
163338.2813
163410.7344
163438.4844
163482.9844
163511.4844
163544.0313
163591.4375
163619.4375
163656.9844
163870.2344
163913.6406
164117.6406
164141.8906
164169.0781
164279.0313
164379.7813
164562.7344
164734.4844
164863.3906
164994.3906
165072.9375
165174.8906
165610.3906
165702.6875
165780.3906
166035.1875
166331.9375
166379.2813
166406.2813
166447.0781
166478.7813
166500.5781
166528.6406
166537.4844
166543.4844
166567.3906
166591.8281
166595.2344
166610.0781
166635.5781
166646.9844
166665.0781
166689.3906
166699.9844
166715.6406
166749.7813
166874.1875
167011.6406
167198.7813
167455.8281
167482.6406
167539.9375
167586.7344
167588.9375
167594.3281
167601.6406
167616.3906
167637.7813
167662.9375
167672.8281
167677.0781
167687.3281
167716.2813
167764.5313
167836.1875
167886.7344
168080.8281
168181.7813
168230.3906
168344.8281
168350.8281
168378.5781
168450.4375
168484.4375
168496.6406
168516.0313
168535.1406
168539.2344
168539.7813
168564.8906
168571.0781
168578.0313
168596.5781
168597.2813
168611.9375
168618.0781
168635.1875
168638.4844
168655.6875
168661.2344
168664.0781
168690.8281
168693.9375
168695.6406
168698.5781
168699.6406
168732.1406
168738.9844
168770.6406
168792.9375
169028.4844
169129.5313
169149.8281
169230.7813
169329.0313
169371.6406
169410.5313
169413.6406
169441.8906
169473.5781
169505.0313
169528.6406
169550.3281
169553.2344
169566.0313
169578.7344
169605.9844
169611.6875
169616.6406
169636.2813
169643.7344
169659.1406
169677.6875
169683.9844
169697.8906
169698.9844
169713.0313
169721.9375
169735.7813
169750.8281
169755.3281
169769.6406
169789.1406
169794.0781
169867.0781
169890.6406
170135.3281
170175.0781
170366.8906
170398.5781
170439.3281
170461.1875
170477.2813
170524.2813
170531.6875
170562.3906
170565.1875
170583.3906
170596.6406
170618.8281
170624.5313
170632.0781
170653.9844
170661.9375
170667.0781
170689.8906
170704.1875
170729.3906
170730.6406
170739.1875
170752.2344
170753.9844
170784.6406
170851.7344
171290.4375
171435.6875
171455.3281
171457.0313
171538.8906
171553.8906
171595.9375
171659.2813
171705.6406
171969.5781
172378.1875
172479.3281
172603.8281
172740.6406
172922.0313
173078.5313
173099.4375
173139.1406
173216.2344
173381.9844
173724.7344
173762.1875
173778.1875
173836.5781
173875.4844
173876.6406
173929.2344
173950.5781
174005.2344
174008.6875
174014.5781
174052.7344
174092.8906
174093.4375
174138.0781
174366.8906
174517.7813
174605.7813
174641.3281
174734.4375
174751.7344
174803.7344
174835.1406
174856.3281
174923.1875
174944.1406
174960.2813
174979.5313
174994.9844
175042.6406
175088.6406
175099.8281
175122.9375
175449.4844
175770.9844
175786.6406
175846.9375
175883.5781
175888.3281
175926.3281
175931.0313
175936.4844
175970.1406
176038.8906
176045.9375
176082.3281
176156.1875
176165.2344
176210.6406
176251.0313
176333.1875
176611.7813
176646.5313
176668.7813
176824.6875
176855.4844
176932.7344
176936.3281
176996.2813
177075.9844
177100.3906
177137.1406
177169.7344
177171.4844
177194.1406
177266.7344
177697.5313
177777.4844
177806.8281
177867.7344
177869.3906
177920.0313
177969.5781
178039.4375
178087.6406
178154.9844
178197.7813
178266.6875
178376.1406
178820.2813
178907.4844
179053.4375
179083.3906
179219.3906
179286.3281
179655.2813
179770.2813
179793.3906
180011.1406
180192.3281
180303.9375
180892.1875
181027.9844
181164.4375
181438.1875
181450.5313
181543.0313
181694.2813
181742.0781
181903.7813
182211.4844
182324.8281
182403.1875
182544.9375
182995.7813
183038.6875
183126.0781
183477.8281
183660.4375
183779.3281
183905.6875
184083.6875
184425.3906
184513.6875
184727.2813
184973.1406
185481.5781
185629.5781
185864.8906
186000.9375
186341.7344
186382.2813
186431.4844
186468.6406
186553.5781
186867.7344
186889.6406
186943.6875
187146.0313
187405.3906
187704.2344
187919.6875
187976.7813
188042.9375
188143.8281
188364.6875
188436.9375
188492.5781
188610.6406
188761.5781
189385.6406
189549.1875
189834.9375
190006.0313
190227.9844
190287.2344
190351.5781
190459.8281
190652.2813
190739.0781
190915.1406
191024.3281
191040.6406
191356.5781
191501.9844
191564.5313
192001.7344
192253.2813
192309.3906
192624.0313
192662.4844
192698.6875
192865.9844
192897.3281
193383.2813
193425.0781
193592.3906
193848.9375
194013.5781
194053.0313
194097.1406
194221.3906
194395.4375
194596.9375
194663.1406
194806.8281
194928.8281
195027.9375
195235.9844
195335.5313
195409.8281
195475.4844
195540.6875
195883.0781
196045.1406
196078.2813
196120.4375
196153.4844
196224.5313
196464.5313
196528.1406
196731.8906
196798.7813
196994.3906
197144.7344
197249.3906
197345.1875
197435.4375
197477.1406
197728.6875
197862.0313
197871.7813
197911.6875
198006.7344
198073.2813
198155.8906
198225.3906
198256.8281
198324.9844
198441.0781
198453.0781
198461.0313
198799.2344
198870.7344
198933.8281
198968.3281
199077.1875
199103.2344
199117.0313
199139.3281
199340.9844
199602.7344
199866.2813
200023.5313
200057.1875
200071.9844
200189.0313
200261.3906
200682.2813
200801.7344
200975.3281
200976.6406
201064.7344
201281.3281
201387.7813
201395.3906
201401.6875
201712.7813
201813.7813
202096.7813
202240.1406
202384.9844
202662.4844
202678.7813
202715.0313
202761.5781
202903.8906
203038.4844
203244.6406
203262.8906
203288.6406
203334.3906
203406.5781
203475.1406
203596.3281
203807.8281
203904.7813
204080.0313
204119.2813
204152.5313
204204.6875
204363.7813
204479.9375
204686.1406
204696.5781
204822.2344
204955.2344
205050.2813
205123.9375
205151.2813
205177.7344
205446.6406
205625.3281
205682.6406
205828.4844
205986.0781
206018.2813
206089.9375
206111.4375
206398.8281
206421.7344
206584.1875
206585.8281
206588.9375
206589.6875
206591.9844
206592.3906
206698.2813
206903.1406
207006.3281
207050.8281
207090.3281
207221.3281
207251.9844
207467.3906
207583.5781
207631.9375
207687.3281
207746.1875
207854.0313
207907.0781
208074.2344
208215.7813
208394.7344
208406.2813
208648.6875
208714.3906
208863.9844
208907.0781
208948.8281
209268.6406
209773.7813
209823.8281
210064.8906
210127.7813
210183.7813
210239.3906
210481.5313
210646.2813
210667.4375
210809.5781
210883.5781
211127.1875
211265.5781
211297.2344
211533.2813
211662.7813
211852.8906
212011.4375
212119.4844
212289.3906
212373.5313
212459.7344
212676.2813
212957.9375
213022.6406
213156.8906
213266.8906
213543.3906
213612.2813
213724.5313
213937.0313
214066.9375
214191.0781
214592.2344
214716.9844
215058.6875
215224.3906
215325.6875
215379.7344
215538.1875
215727.8906
215837.3281
215916.6875
216009.5313
216061.6406
216172.9375
216215.9844
216369.6406
216470.3906
216656.1406
216894.1875
217123.2344
217503.6875
217814.0313
217967.3281
218034.8281
218218.9375
218315.4375
218325.6406
218614.2813
218684.2813
218923.0313
219069.2813
219411.0781
219719.0781
219758.4844
219828.1875
220056.6406
220330.4844
220388.4375
220596.4844
220778.6875
220830.3906
221040.6875
221304.2344
221364.1875
221565.6875
221686.7813
221865.5313
221969.0781
222116.7813
222351.0781
222466.1875
222795.6875
222895.1406
223174.8906
223325.2813
223346.3906
223406.9844
223472.7344
223586.5313
223671.7813
223770.8906
223909.1406
224125.0313
224396.6875
224475.2344
224713.2813
224838.1875
225016.6406
225035.1875
225095.9375
225153.5313
225169.6406
225328.6406
225376.2344
225542.4375
225771.5781
225888.0313
226015.3281
226167.7344
226195.1406
226260.3281
226543.7344
226593.3906
226720.5781
227065.5781
227138.2813
227179.6406
227216.9844
227300.2344
227370.8281
227446.9844
227876.1875
227970.0781
227991.4844
228070.3281
228078.3906
228202.5313
228303.4844
228401.1406
228493.4375
228512.8906
229012.2344
229097.7344
229197.1406
229314.0781
229401.3906
229597.4844
229853.1406
230179.7813
230243.2813
230404.7813
230543.2813
230695.0781
230894.0313
231218.8906
231315.0781
231473.5313
231554.9375
231832.7813
231920.7344
231956.3906
232032.6875
232098.4375
232162.1875
232336.2344
232381.1875
232500.1875
232657.8906
232821.0781
232938.7344
232968.6875
232978.8281
233053.6406
233218.8281
233450.4375
233577.8281
233751.1406
233910.5781
234114.9375
234286.4375
234380.2813
234846.3906
234919.9844
234941.7813
235295.1406
235466.9375
235778.0313
235904.1875
235983.1875
236028.0781
236234.6406
236279.3281
236302.1406
236510.1406
236557.1875
236717.7344
237135.3281
237235.2813
237336.5313
237387.2344
237722.9375
237883.6406
237982.4844
238018.9844
238172.3281
238177.0781
238191.0313
238199.6875
238351.1875
238526.6875
238631.0781
238764.3906
239028.6406
239154.3281
239263.0313
239409.4375
239521.1875
239552.7344
239785.5313
239941.1406
240018.9844
240162.0313
240491.4844
240631.3906
240875.8906
241042.2813
241306.7813
241464.8281
241578.8281
241741.3906
241826.6406
242100.2344
242247.0313
242329.4375
242429.1875
242588.4844
242723.9375
242791.6406
242883.5781
242953.1406
243137.3906
243250.2344
243352.6406
243525.0313
243608.4844
243681.9375
243716.5781
243792.5781
243800.8281
243871.6875
244053.7344
244142.2344
244538.6875
244764.3281
244878.3281
245015.1875
245075.1875
245171.5781
245339.3906
245740.4844
245881.8906
245883.2813
246416.8281
246634.3906
246674.8281
246799.2344
246985.3906
247270.1406
247614.6875
247656.0781
247935.8906
248181.1406
248230.0781
248272.3281
248442.8906
248610.6406
248797.0781
249148.8906
249403.9844
249531.7813
249659.3281
249729.5781
249900.4844
250103.0781
250179.9844
250255.4844
250389.6406
250519.9375
250748.0313
250832.7344
251135.8281
251220.2813
251245.5313
251602.8281
251684.2344
251813.4844
252030.4844
252567.7344
252605.4844
252697.8281
252958.8906
253028.5313
253199.0781
253322.2344
253403.8281
253516.9375
253567.0781
253736.3281
253802.2813
253976.6406
254478.6875
254562.3281
254693.3906
254849.5313
255187.5781
255474.1875
255650.1875
255880.5781
256025.9844
256137.7344
256286.5313
256328.6406
256558.0781
256614.9375
256754.3906
256821.3906
257019.6406
257103.7344
257184.9375
257647.7344
258185.7344
258256.6875
258312.0781
258429.1875
258654.2344
258950.1875
259021.7813
259075.4844
259408.9844
259862.4375
260097.0781
260196.6875
260523.1875
260667.4375
260733.8906
260908.2344
261009.2344
261447.3281
261790.4375
261948.8906
261980.0781
262031.1406
262489.25
262543.8438
262666.5
262726.6875
262778.0313
262824.5938
263198.2813
263306.9375
263430.8438
263474.0313
263756.0313
263798.625
263911.125
264178.0938
264289.5313
264454.125
264620.0313
264777.1875
264932.2813
264989.0938
265164.75
265351.6875
265412.125
265527.4375
265708.0938
265710.9375
265992.875
266095.375
266169.125
266270.125
266415.4375
266561.0313
266616.5313
266846.5313
266868
267118.3438
267174.875
267253.875
267358.7813
267535.0313
267636.2813
267678.125
267806.4375
267968.5938
268179.5313
268278.1875
268297.9375
268663.625
268740.375
268853.5
268916.9375
269053.7813
269135.2813
269311.5313
269441.125
269658.7813
269750.875
269959.25
270264.2813
270407.8438
270522.0313
270562.5938
270583.7813
270819.5313
270848.3438
270941.4375
270982.5
271087.0313
271312.875
271592.1875
271669.6875
271741.8438
271879.125
271963.8438
272045.875
272195.5938
272534.7813
272674.875
272773.7813
272865.5938
272978.9375
273151.625
273186.9375
273362.7813
273549.3438
273628.125
273861.5938
273931.625
273968.6875
274029.1875
274238.5
274305.75
274445.75
274489.5313
274766.0938
274978.5938
275088.3438
275255.6875
275505.9375
275591.5313
275706.625
275895.375
275983.25
276272.5938
276458.75
276547.4375
276555.375
276624.0313
276744.9375
276937.5938
277005.1875
277069.75
277215.7813
277309.125
277372.375
277504
277575.75
277598.8438
277633.6875
277935
278129.125
278253.8438
278365.9375
278390.5938
278451.625
278589.5938
278788.0938
278826.1875
278908.6875
278994.0938
279189.0938
279272.2813
279361.375
279396.875
279546.6875
279727.5938
279847.1875
279959.9375
280150.9375
280391.2813
280495.0938
280629.2813
280820.9375
280912.9375
281157
281233.0313
281292.75
281356.5938
281431.125
281624.0313
281965.1875
282007.25
282051.9375
282093.4375
282141.0313
282205.75
282281.375
282361.8438
282412.875
282458.8438
282558.0938
282687.4375
282815.5938
283120.6875
283268.375
283310.375
283379.25
283564.2813
283667.625
283954
283996.3438
284000.2813
284136.875
284474.0938
284610.0313
284685.4375
284747.75
284967.5
285263.5938
285340.8438
285482.9375
285827
286279.125
286413.9375
286763.375
286926
287226.75
287356.1875
287531.0938
287883.8438
288120.875
288220.4375
288261.5
288298.9375
288407.75
288481.875
288522.2813
288651
288651.875
288845.0313
288925.625
289244.125
289522.1875
289661.6875
289732.5938
289841.5938
289918.0938
290115.2813
290279.5938
290588.8438
290864.3438
291145.3438
291395.25
291453
291734.0313
292164.125
292513.8438
292901.8438
293089.3438
293595.5313
294255.5
294372.9375
294451.8438
294516.7813
294677.75
295130.6875
295229.875
295346
295638.0313
295793.6875
296019.9375
296054.8438
296176.125
296177.8438
296205.4375
296478.25
296549
296581.3438
296803.125
296868.5938
