4217.578613
14314.32813
15487.92871
15505.97852
21439.12891
21456.0293
21476.67773
21500.57813
21517.32813
21545.0293
21573.42773
22247.2793
22250.12891
22268.67773
22271.97852
22285.87891
22290.42773
22306.42773
22311.7793
22323.57813
22346.17773
22356.42773
22379.82813
22399.37891
22438.67773
22462.37891
22666.62891
22692.82813
22726.92773
22757.92773
22776.22852
22777.72852
22800.7793
22830.2793
22852.72852
22870.0293
22991.92773
22999.32813
23026.82813
23076.2793
23102.07813
23155.12891
23167.62891
23263.62891
23325.12891
23349.67773
23376.57813
23382.17773
23402.22852
23429.82813
23485.32813
23564.42773
23577.62891
23585.5293
23623.17773
23653.2793
24919.57813
24969.67773
25034.17773
30348.32813
30375.22852
30411.17773
30425.17773
30449.47852
30478.67773
30511.97852
30526.87891
30589.7793
30629.22852
30676.87891
30708.92773
30733.22852
30927.97852
31822.0293
32704.67773
38016.87891
40030.67969
40960.02734
40995.57813
41014.52734
41039.52734
41062.57813
41093.17969
46579.23047
51427.42969
58450.62891
60840.57813
63256.37891
70130.03125
70161.125
70196.47656
70751.67969
70767.82813
70769.03125
70801.32813
70841.32813
70860.03125
70889.82813
73439.67969
74426.28125
74889.17969
75036.32813
82112.82813
87255.625
87299.53125
87324.03125
87367.72656
88529.125
92818.32813
93388.28125
93408.07813
104201.5313
104227.4297
106837.875
107143.4297
107162.4766
107176.625
107191.3281
107205.2266
107214.375
107239.0781
107243.125
107252.4766
107268.9766
107285.7266
107301.0781
107314.3281
107327.8281
107329.125
107406.0781
107450.4297
107497.7813
107545.2266
107572.0313
107597.7813
107664.5781
107670.2813
107698.125
107741.2813
107748.875
107774.7266
107878.3281
107944.2266
107971.5781
107989.9297
107996.0313
108048.6797
108159.6797
108226.625
108243.2266
108251.5781
108423.7813
110988.8281
111041.8281
111099.9297
116021.6797
116034.4766
116967.4297
116987.9297
117004.8281
123412.7813
124141.0313
131254.2344
135584.5313
136677.2813
136766.0313
137574.2813
137591.7344
137608.125
137627.8281
139549.875
139565.5781
139583.0313
139631.6719
140593.7344
145759.0781
149861.7813
149881.4219
149911.7344
152372.7344
152778.9844
158706.375
160962.9844
169219.2344
169256.7813
174848.2344
174874.875
176303.375
180455.6719
181478.7813
190757.125
191935.3281
192142.5313
193444.3281
194101.5313
198117.0313
198652.7344
206029.7344
206584.1719
206585.9219
206589.9219
229969.125
243169.4219
248747.6719
255821.5313
257811.1719
263002.2188
274855.375
278230.625
289584.2813
