135.5932007
177.9931946
179.8432007
184.5932007
197.6932068
207.1932068
254.1432037
516.1431885
852.6934814
1028.143188
1114.793213
1127.493164
1165.993164
1437.193481
1519.693481
1641.493164
1895.693481
2079.043213
2268.393311
2601.343262
2786.293213
3157.093262
3272.493408
3312.493408
3478.643311
3569.693604
3699.443604
3801.193604
3899.293213
3963.343262
4110.843262
4179.393555
4355.493164
4378.293457
4455.043457
4469.393555
4506.293457
4507.643555
4616.293457
4678.793457
4785.393555
4905.343262
4921.693359
4992.543457
5050.293457
5065.243164
5161.843262
5242.343262
5275.443359
5383.293457
5394.443359
5508.943359
5529.043457
5532.993164
5722.543457
5783.493164
5789.943359
5808.793457
5820.743164
5823.343262
5825.793457
5828.993164
5831.293457
5838.793457
5841.493164
5843.593262
5854.393555
5860.043457
5860.343262
5862.693359
5865.093262
5868.193359
5873.593262
5886.843262
5898.843262
5899.843262
5901.293457
5905.943359
5910.193359
5924.443359
5932.243164
5937.093262
5938.243164
5943.143555
5945.443359
5947.143555
5964.943359
6000.243164
6002.343262
6008.243164
6021.093262
6031.693359
6033.143555
6067.143555
6165.343262
6202.193359
6221.643555
6230.243164
6234.293457
6252.943359
6279.693359
6364.393555
6405.243164
6419.343262
6495.393555
6515.143555
6586.343262
6710.943359
6713.943359
6878.193359
6901.093262
6948.643555
6976.193359
6995.343262
7024.243164
7053.243164
7062.843262
7137.593262
7174.543457
7265.943359
7326.143555
7510.693359
7533.693359
7541.043457
7546.393555
7547.393555
7663.893555
7767.193359
7887.793457
8148.193359
8378.542969
8392.542969
8473.59375
8502.34375
8616.09375
8690.643555
8804.743164
8925.09375
8936.693359
8974.243164
9070.993164
9118.792969
9332.443359
9409.59375
9455.193359
9476.493164
9480.943359
9562.893555
9743.292969
9816.943359
9970.042969
10387.74316
10564.29297
10599.79297
10864.89355
10950.89355
11213.44336
11224.24316
11306.49316
11386.54297
11392.89355
11459.69336
11507.44336
11607.44336
11640.24316
11687.39355
11728.94336
11854.29297
12028.14355
12130.04297
12147.99316
12202.29297
12385.84375
12387.94336
12432.04297
12471.14355
12630.89355
12636.19336
12861.29297
13072.39355
13111.84375
13245.29297
13250.54297
13259.04297
13279.39355
13334.44336
13401.89355
13433.89355
13437.04297
13482.24316
13557.29297
13562.39355
13574.14355
13578.24316
13671.94336
14120.24316
14379.34375
14400.04297
15041.44336
15465.04297
15624.74316
15681.59375
15710.89355
15723.79297
15800.79297
15965.04297
15990.29297
16123.89355
16197.54297
16613.49414
16723.29297
16828.79297
16878.24414
16882.79297
16937.29297
16942.89258
16964.39258
16996.84375
17073.19336
17184.24414
17211.34375
17349.34375
17506.19336
17840.39258
17859.04297
17972.99414
17990.99414
17994.39258
17996.54297
18037.09375
18071.94336
18108.14258
18513.29297
18769.99414
18860.99414
18927.59375
19049.14258
19068.14258
19088.39258
19148.94336
19180.14258
19181.39258
19205.29297
19227.64258
19264.44336
19294.44336
19461.69336
19522.69336
19639.09375
19777.94336
19808.54297
19941.74414
19945.24414
20060.84375
20143.59375
20156.49414
20165.44336
20173.04297
20210.94336
20425.54297
20434.34375
20518.04297
20573.09375
20580.84375
20620.79297
20929.94336
20971.19336
20982.29297
21152.79297
21203.14258
21283.69336
21381.64258
21403.59375
21405.94336
21495.99414
21579.34375
21756.54297
21851.89258
21872.54297
22252.49414
22391.84375
22426.94336
22527.89258
22612.74414
22616.99414
22657.44336
22722.69336
22840.74414
22951.59375
22978.79297
22995.44336
22999.39258
23550.89258
23653.14258
23690.29297
23714.99414
23915.99414
23973.84375
23997.09375
24343.94336
24508.99414
24670.99414
24727.64258
24826.79297
24890.29297
24911.69336
24925.59375
24988.49414
25116.64258
25428.34375
25490.04297
25514.69336
25614.74414
25682.79297
25743.74414
25811.54297
25832.49414
25859.89258
25867.69336
25880.94336
26025.09375
26062.94336
26139.69336
26157.24414
26304.34375
26623.94336
26708.24414
26728.29297
26805.94336
26814.84375
26903.94336
26928.59375
26950.79297
27011.69336
27036.94336
27040.99414
27060.79297
27070.34375
27094.49414
27150.19336
27151.94336
27443.94336
27460.09375
27471.99414
27585.24414
27609.59375
27627.39258
27662.94336
27702.69336
27706.79297
27760.99414
27779.19336
27780.99414
27792.34375
27868.59375
27967.29297
28184.94336
28190.39258
28194.59375
28381.64258
28518.74414
28529.44336
28571.09375
28658.29297
28743.64258
28998.19336
29059.39258
29402.64258
29527.84375
29547.94336
29684.19336
29685.29297
29706.19336
29718.79297
29844.09375
29925.74414
30155.24414
30256.09375
30382.19336
30461.09375
30568.79297
30819.34375
30867.69336
30877.39258
31000.24414
31052.99414
31075.79297
31083.94336
31091.89258
31103.99414
31118.04297
31257.99414
31302.99414
31306.74414
31310.24414
31331.24414
31413.04297
31430.44336
31461.74414
31476.44336
31657.99414
31760.24414
31769.14258
31791.04297
31885.54297
31911.44336
31981.84375
31996.19336
32000.49414
32068.84375
32178.89258
32194.19336
32342.14258
32473.49414
32538.34375
32547.09375
32566.69336
32780.64453
32971.34375
33034.19141
33060.24219
33121.04297
33182.89453
33208.34375
33227.04297
33233.84375
33261.89453
33395.64453
33521.74219
33539.29297
33614.24219
33676.54297
33710.29297
33762.09375
33785.04297
33828.54297
33952.59375
34010.34375
34060.99219
34124.19141
34247.19141
34264.39453
34274.44141
34361.69141
34368.19141
34375.24219
34486.94141
34523.64453
34693.79297
34811.79297
34864.59375
34899.64453
34911.79297
35061.94141
35074.34375
35094.39453
35237.09375
35305.29297
35454.24219
35518.59375
35846.59375
36031.64453
36049.34375
36058.79297
36059.99219
36251.89453
36281.14453
36583.19141
36613.89453
36652.89453
36686.94141
36768.19141
36782.14453
36807.04297
36820.24219
36827.49219
36961.14453
37003.19141
37006.34375
37026.29297
37036.44141
37083.94141
37203.54297
37222.39453
37263.74219
37300.94141
37336.39453
37348.54297
37367.64453
37490.19141
37610.69141
37625.89453
37990.64453
38223.69141
38244.59375
38291.14453
38344.59375
38385.84375
38410.09375
38470.34375
38490.69141
38493.49219
38506.34375
38677.69141
38762.79297
38769.49219
38839.94141
39103.89453
39253.99219
39274.79297
39321.64453
39328.59375
39382.49219
39400.24219
39436.79297
39525.29297
39537.94141
39809.39453
39851.49219
39866.19141
39875.39453
40147.69141
40180.64453
40277.24219
40330.09375
40332.54297
40405.79297
40406.89453
40437.59375
40449.19141
40478.49219
40546.89453
40614.59375
40682.44141
40728.29297
41196.09375
41297.19141
41321.24219
41336.09375
41344.34375
41366.74219
41400.99219
41428.99219
41479.94141
41481.14453
41540.04297
41559.39453
41610.49219
41636.74219
41906.24219
42003.99219
42044.34375
42115.24219
42176.69141
42286.09375
42336.84375
42369.29297
42444.34375
42468.79297
42495.64453
42564.14453
42595.09375
42613.29297
42625.34375
42661.09375
42694.14453
42741.74219
43047.19141
43122.39453
43527.44141
43573.89453
43682.89453
43997.89453
44240.29297
44250.24219
44439.14453
45087.39453
45272.69141
45330.04297
45354.09375
45404.44141
45426.54297
45483.99219
45507.39453
45536.74219
45605.59375
46006.99219
46130.89453
46163.99219
46258.54297
46291.09375
46327.49219
46372.09375
46432.44141
46437.94141
46447.69141
46451.99219
46455.89453
46458.74219
46475.69141
46502.19141
46539.84375
46590.99219
46643.94141
46783.29297
47239.29297
47293.24219
47314.44141
47462.84375
47476.49219
47530.94141
47571.29297
47574.94141
47654.74219
47737.59375
47864.24219
48143.79297
48168.84375
48397.54297
48415.54297
48418.29297
48419.89453
48465.44141
48586.64453
48668.34375
48695.49219
48868.44141
48883.34375
48971.79297
49016.84375
49194.79297
49279.64453
49400.69141
49421.14453
49456.99219
49528.09375
49666.94141
49701.74219
49721.14453
49725.34375
49727.64453
49739.69141
49753.89453
49756.84375
49763.04297
49782.89453
49803.74219
49820.14453
49828.09375
49858.69141
49868.59375
49964.79297
50065.24219
50283.29297
50509.24219
50511.39453
50542.94141
50935.89453
51163.34375
51180.24219
51311.34375
51350.54297
51415.29297
51630.89453
51700.59375
51868.19141
51961.79297
52062.74219
52220.29297
52576.89453
52675.79297
52774.49219
52878.59375
52942.79297
52952.64453
52972.29297
52982.94141
53027.49219
53047.84375
53077.14453
53090.29297
53116.44141
53174.39453
53245.99219
53317.54297
53519.54297
53632.39453
53884.64453
53926.34375
53971.29297
53972.94141
53983.54297
54013.94141
54050.49219
54091.44141
54095.19141
54117.04297
54122.94141
54142.79297
54151.09375
54152.54297
54253.19141
54362.94141
54390.14453
54470.89453
54532.04297
54540.84375
54871.49219
54905.34375
54914.64453
54945.84375
54957.89453
55035.59375
55049.89453
55160.99219
55162.19141
55207.49219
55215.69141
55217.49219
55265.14453
55276.69141
55278.09375
55329.14453
55411.44141
55429.24219
55435.54297
55507.84375
55523.29297
55789.29297
55809.89453
55887.24219
55990.99219
56196.74219
56204.44141
56207.74219
56246.19141
56262.34375
56276.74219
56326.64453
56341.94141
56381.14453
56482.49219
56728.19141
56784.14453
56789.54297
56878.49219
56882.99219
56948.34375
57003.09375
57036.19141
57111.74219
57156.14453
57181.04297
57246.14453
57255.89453
57282.44141
57287.74219
57306.09375
57308.44141
57322.94141
57351.59375
57386.69141
57408.29297
57454.14453
57486.74219
57492.64453
57653.39453
57656.14453
57777.24219
57789.74219
57967.34375
58030.14453
58035.49219
58052.44141
58165.09375
58179.29297
58208.24219
58215.84375
58267.74219
58272.04297
58283.94141
58365.24219
58376.04297
58447.24219
58483.74219
58503.34375
58725.94141
59002.09375
59032.09375
59135.69141
59159.94141
59247.19141
59400.94141
59587.04297
59608.89453
59615.29297
59634.74219
59672.89453
59683.79297
59704.64453
59709.29297
59977.14453
60002.14453
60027.69141
60059.04297
60060.64453
60170.24219
60171.39453
60197.39453
60330.09375
60420.99219
60462.94141
60522.24219
60564.09375
60658.69141
60675.19141
60723.34375
60728.54297
60730.04297
60877.44141
60905.79297
60916.84375
60985.59375
60998.79297
61051.29297
61051.99219
61058.39453
61081.74219
61162.74219
61187.99219
61210.19141
61231.89453
61235.84375
61269.49219
61305.09375
61322.19141
61332.29297
61376.64453
61395.44141
61409.59375
61422.24219
61424.59375
61429.49219
61481.34375
61519.79297
61535.89453
61537.79297
61564.29297
61592.84375
61780.84375
61925.99219
61961.04297
62044.79297
62096.54297
62106.44141
62135.14453
62149.54297
62179.04297
62199.24219
62205.94141
62211.94141
62254.79297
62379.64453
62453.54297
62570.89453
62751.84375
62760.19141
62782.74219
62796.84375
62961.24219
63003.89453
63019.69141
63079.89453
63179.09375
63181.04297
63189.59375
63238.19141
63280.94141
63373.24219
63457.24219
63537.34375
63653.74219
63761.49219
63806.64453
64032.79297
64129.19141
64143.54297
64241.09375
64241.44141
64246.59375
64254.79297
64309.54297
64381.79297
64437.14453
64493.09375
64573.29297
64601.14453
64802.94141
64835.69141
64850.84375
65043.64453
65067.44141
65093.34375
65125.94141
65170.54297
65174.09375
65179.69141
65289.74219
65295.84375
65339.24219
65363.74219
65442.64453
65528.19141
65584.09375
65765.99219
65767.54688
65775.79688
65787.84375
65820.94531
65868.24219
65894.79688
65944.39063
66122.24219
66150.84375
66160.19531
66328.64063
66408.24219
66434.54688
66442.04688
66449.29688
66458.04688
66531.49219
66552.84375
66570.84375
66684.54688
66777.69531
66793.74219
66812.39063
66824.89063
66965.24219
66993.89063
66995.64063
67073.64063
67119.19531
67153.39063
67179.94531
67216.74219
67283.44531
67304.69531
67323.84375
67344.14063
67418.59375
67457.79688
67516.54688
67537.99219
67565.99219
67741.29688
68080.69531
68145.34375
68180.74219
68191.44531
68192.74219
68240.24219
68346.54688
68356.04688
68387.59375
68391.74219
68496.84375
68504.69531
68536.99219
68609.04688
68692.89063
68967.14063
69016.59375
69162.69531
69192.64063
69207.59375
69226.99219
69231.09375
69242.19531
69284.94531
69296.24219
69352.24219
69397.89063
69439.64063
69448.74219
69456.74219
69564.89063
69610.29688
69694.39063
69703.34375
70098.94531
70197.09375
70249.14063
70250.54688
70251.79688
70287.44531
70302.99219
70383.74219
70396.54688
70425.84375
70445.59375
70473.39063
70493.84375
70527.59375
70541.99219
70644.19531
70921.39063
70967.14063
71063.69531
71174.44531
71224.64063
71226.09375
71244.59375
71253.64063
71258.14063
71340.99219
71348.84375
71394.84375
71395.84375
71404.54688
71450.39063
71467.94531
71481.74219
71519.34375
71567.84375
71580.44531
71608.04688
71683.54688
71736.54688
71746.24219
72051.54688
72121.14063
72144.59375
72166.04688
72197.99219
72545.09375
72658.64063
72829.89063
72952.54688
72960.04688
73189.69531
73425.59375
73459.99219
73470.34375
73485.69531
73506.89063
73596.64063
73720.39063
73807.79688
73921.89063
73935.69531
74009.94531
74017.29688
74056.39063
74183.99219
74207.94531
74560.64063
74607.49219
74692.39063
74900.84375
74915.29688
75025.14063
75133.54688
75204.84375
75363.99219
75512.74219
75595.14063
75764.24219
75833.99219
75854.79688
75967.69531
76021.54688
76032.69531
76078.94531
76132.54688
76137.29688
76165.49219
76200.19531
76202.09375
76244.04688
76322.39063
76542.74219
76666.19531
76720.99219
76822.14063
76842.44531
76915.19531
76977.89063
77013.94531
77053.24219
77064.09375
77073.94531
77317.09375
77364.89063
77482.64063
77513.64063
77629.54688
77723.69531
77776.54688
77804.49219
78050.74219
78225.59375
78262.34375
78284.29688
78285.39063
78299.34375
78340.19531
78561.49219
78577.34375
78663.14063
78802.14063
78969.24219
78976.64063
78990.44531
79071.24219
79241.24219
79475.59375
79487.34375
79528.84375
79643.34375
79709.44531
79772.84375
79905.14063
79911.59375
79939.89063
80026.54688
80048.04688
80148.89063
80473.74219
80616.79688
80709.99219
80774.34375
80807.39063
80911.49219
81063.54688
81075.59375
81087.84375
81211.59375
81243.79688
81258.64063
81282.44531
81382.84375
81546.39063
82022.24219
82041.94531
82157.09375
82455.14063
82574.74219
82599.79688
82640.19531
82655.49219
82732.24219
82817.04688
82861.24219
82871.94531
82875.69531
82924.04688
82961.59375
82966.59375
82971.04688
82978.84375
83108.79688
83122.24219
83250.04688
83285.04688
83410.74219
83637.69531
83679.64063
83714.74219
83728.19531
83855.39063
84071.74219
84119.84375
84378.94531
84413.74219
84558.59375
84665.24219
84754.79688
84777.79688
84801.64063
84895.54688
84897.54688
84906.04688
84941.14063
85009.79688
85049.29688
85220.49219
85354.69531
85359.79688
85421.14063
85496.24219
85513.54688
85567.04688
85568.29688
85702.59375
85715.24219
85729.79688
85792.09375
85841.89063
85868.29688
85875.84375
85897.89063
85926.74219
85938.14063
86042.09375
86043.59375
86046.49219
86144.24219
86222.59375
86229.19531
86472.34375
86473.84375
86523.19531
86566.49219
86639.59375
86745.84375
86859.24219
86912.19531
86970.14063
87119.74219
87128.29688
87231.79688
87318.99219
87323.69531
87329.64063
87399.34375
87405.59375
87561.29688
87629.34375
87664.94531
87904.89063
87943.39063
87944.64063
88016.84375
88047.84375
88136.54688
88157.39063
88296.44531
88327.29688
88338.89063
88361.09375
88466.69531
88483.99219
88693.84375
88745.89063
88773.99219
88778.29688
88795.39063
89158.79688
89225.84375
89253.74219
89312.89063
89337.24219
89445.14063
89451.04688
89558.04688
89651.64063
89658.44531
89744.89063
89779.24219
89787.94531
89855.84375
89896.54688
89897.89063
89921.34375
89961.19531
89966.79688
90093.29688
90149.79688
90227.69531
90237.09375
90272.39063
90310.34375
90388.69531
90425.49219
90510.94531
90588.19531
90616.04688
90660.39063
90727.14063
90760.29688
90849.39063
91012.94531
91174.54688
91299.79688
91318.19531
91331.94531
91427.54688
91439.79688
91454.79688
91465.99219
91500.19531
91528.54688
91655.39063
91959.04688
92053.59375
92090.04688
92226.89063
92433.54688
92485.44531
92533.64063
92543.84375
92593.09375
92600.99219
92602.49219
92605.29688
92607.59375
92611.54688
92647.39063
92675.04688
92696.84375
92820.29688
92895.14063
93143.09375
93232.39063
93279.44531
93286.54688
93349.14063
93370.69531
93405.49219
93483.39063
93558.24219
93687.89063
93822.09375
94171.44531
94197.14063
94282.29688
94283.19531
94360.44531
94446.64063
94465.69531
94506.24219
94535.04688
94687.29688
94700.49219
95010.34375
95134.64063
95480.94531
95579.44531
96081.59375
96141.99219
96186.14063
96187.19531
96233.54688
96258.99219
96278.79688
96375.34375
96576.34375
96726.39063
96753.09375
96879.84375
96885.94531
96898.34375
96957.89063
97040.34375
97042.94531
97074.59375
97120.09375
97153.59375
97531.19531
97748.44531
97782.44531
97815.14063
97856.49219
97859.29688
98023.64063
98275.94531
98346.14063
98362.94531
98372.74219
98425.94531
98571.99219
98763.14063
98843.04688
98864.09375
98907.14063
99110.34375
99111.64063
99116.19531
99168.94531
99218.74219
99222.79688
99307.44531
99362.34375
99372.24219
99395.79688
99445.04688
99640.49219
99668.74219
99821.74219
99889.64063
99913.94531
99966.34375
99990.04688
100037.5469
100069.6406
100151.9922
100171.9453
100201.8906
100364.1953
100496.6953
100652.6953
100673.1406
100699.0938
100811.8906
100886.4922
100920.5469
100926.8906
101014.5469
101026.6406
101030.0469
101034.0469
101086.7969
101098.7422
101115.7422
101124.6406
101130.9922
101132.7422
101144.5469
101146.7969
101178.6406
101206.3906
101268.8438
101322.1406
101338.9922
101372.7969
101388.4922
101642.4922
101756.6406
101878.0938
101967.0469
101981.4453
101987.9453
102024.1953
102048.4922
102080.0469
102108.6406
102323.2422
102327.1406
102398.4922
102445.1953
102496.6953
102775.8906
102823.1406
102920.7969
103031.2422
103068.5938
103091.2969
103199.0938
103290.1406
103319.8438
103411.0469
103514.1953
103573.9922
103602.1953
103650.3438
103684.4922
103807.4922
103842.9453
103848.0938
103865.1953
103947.3438
103972.9453
104044.3906
104062.7969
104123.5938
104142.7422
104231.6406
104246.8438
104582.4922
104608.2422
104713.6406
104802.9922
104816.2422
104878.2422
104920.4922
105064.7969
105071.3906
105075.5938
105125.8906
105265.1406
105314.5469
105496.6406
105688.3906
105769.4922
105777.9922
105800.5469
105922.7969
105935.6953
105988.1953
106011.6406
106055.8438
106059.5469
106074.6953
106128.1406
106133.8438
106150.7969
106202.7422
106305.7969
106485.8906
106524.7969
106730.9453
106819.2422
106886.9922
106929.5469
106939.2422
106999.9922
107024.3906
107043.2969
107047.4453
107078.4453
107081.6953
107155.7422
107190.5469
107242.6953
107285.0938
107345.1406
107403.8438
107410.4453
107514.5469
107684.4453
107755.0938
107788.5469
107864.8438
107913.3906
108032.1406
108064.6406
108092.4922
108107.4453
108115.0469
108146.9922
108292.6953
108313.8906
108362.1953
108365.6953
108444.1406
108496.1953
108584.0469
108612.9922
108674.2422
108770.3438
108846.1953
108878.0938
108958.1953
109007.6406
109045.5469
109081.3438
109083.0469
109091.6953
109142.7422
109224.8906
109342.6406
109379.9922
109439.4453
109448.8438
109456.4453
109590.1406
109826.0938
109920.0469
110055.3438
110156.8438
110545.9922
110604.4922
110651.9453
110859.7969
110959.8438
111010.1406
111029.3906
111167.4453
111314.4922
111315.8438
111654.3438
111678.0469
111733.9922
111751.3438
111763.9922
111765.4922
111801.7969
111816.0938
111828.7969
111831.2969
111875.6406
111901.6406
111907.5469
111916.2422
111925.6953
111970.5469
112012.7969
112014.1953
112028.8906
112150.8906
112191.4922
112234.7422
112284.8438
112289.1406
112333.2422
112405.2969
112627.2422
112658.3906
112784.7422
112808.8438
112861.0469
112877.9922
112895.2969
112913.1406
112923.1406
112943.7969
112945.2422
112953.2422
112992.6406
113030.0938
113048.9453
113057.5469
113072.0938
113149.0938
113175.5938
113198.4453
113207.9922
113214.4922
113351.5469
113545.3906
113568.2969
113584.9453
113643.4453
113667.5938
113687.5469
113688.7422
113708.2422
113835.0938
113911.1953
113922.0938
113946.5469
113997.6953
114019.9453
114047.8906
114083.6406
114091.0938
114092.8438
114102.0469
114309.5469
114370.5938
114497.7422
114619.9922
114628.1953
114631.0938
114685.9453
114693.6953
114734.1406
114739.5469
114779.9922
114824.3906
114841.4453
114848.2969
114879.0938
114956.7422
114965.9922
114974.1406
115000.7422
115005.2422
115049.9922
115070.2969
115106.4453
115170.5469
115256.8906
115268.9922
115298.9922
115419.2422
115422.9453
115511.8438
115629.9453
115696.8438
115734.2422
115752.4922
115798.8438
115808.6406
115818.3438
115856.9453
115883.9922
115905.3438
115907.9922
115967.2969
116006.0938
116037.1406
116167.6953
116243.7969
116386.1953
116448.5469
116618.1953
116648.4453
116653.3438
116660.5469
116785.9922
116807.2422
116874.6953
116884.8906
116888.6953
116925.4922
117032.8906
117053.7422
117159.8906
117195.4922
117456.4453
117570.6953
117695.1406
117717.3438
117783.4453
117854.5469
117878.4453
117890.1953
117895.6953
118181.1406
118250.9453
118257.2422
118384.1953
118453.0469
118483.2422
118534.3906
118581.5938
118606.0938
118632.5938
118677.2422
118685.2422
118731.4922
118734.0469
118747.8438
118821.8906
118870.7969
118880.6406
118892.4922
118912.5938
118920.7422
118924.5469
118936.0469
119229.3438
119312.7422
119421.6406
119441.8438
119456.7969
119508.2969
119550.5469
119574.3438
119594.9922
119628.8438
119646.3906
119647.9922
119648.9453
119657.0938
119696.9922
119781.3906
119831.3438
119905.7969
119928.3906
119934.7969
119971.1406
120001.2422
120093.3906
120110.3906
120165.4922
120287.6406
120320.1406
120346.1406
120364.7422
120418.3906
120424.1406
120503.0938
120571.2422
120594.1953
120602.9453
120624.9453
120767.9922
120814.0938
120815.2969
120849.3438
120880.5938
120888.5938
120947.3438
120978.2422
121017.3906
121261.8906
121371.1406
121406.7969
121411.5469
121462.4922
121535.2422
121542.2422
121556.4453
121563.3906
121633.9922
121661.5938
121719.6406
121720.6953
121724.0469
121782.2422
121786.5938
121852.2422
121970.3906
121981.0938
122055.4453
122088.9922
122161.1953
122166.2422
122279.0938
122370.0938
122469.0938
122493.8906
122567.3438
122652.9922
122656.1406
122682.6406
122720.1406
122734.3438
122743.2422
122763.4922
122775.8906
122786.4922
122832.5938
122858.8438
122903.1406
122905.9922
123014.7422
123067.2422
123090.0938
123173.7422
123347.6953
123401.7422
123438.1953
123515.2422
123534.2422
123603.8438
123626.6406
123684.1953
123693.9922
123711.6406
123793.0938
123818.4453
123837.0938
123885.0469
123888.2422
123918.1406
124053.8906
124076.8906
124201.8438
124270.4453
124277.9453
124283.8906
124332.4922
124351.3438
124381.7422
124465.2422
124529.1406
124544.3906
124694.6953
124780.5938
124847.7969
124899.2969
124941.1953
124952.3906
124957.9453
124996.4453
125011.2422
125015.1406
125036.1953
125120.4453
125136.8906
125276.7969
125313.6406
125357.7969
125377.9922
125516.4453
125567.8906
125586.4453
125625.1953
125627.0938
125754.6953
125830.6953
125922.3906
125985.8438
125989.9453
126002.5938
126363.0469
126448.6406
126479.0469
126492.0938
126502.0469
126551.8906
126556.8906
126587.5938
126787.9922
126809.6953
126829.2422
126932.5938
126984.8906
127139.2969
127145.7969
127195.2422
127213.3438
127339.1406
127342.4453
127346.7422
127453.2422
127654.9922
127741.0938
127835.5938
127880.6406
127895.6406
127985.2969
128040.3906
128067.0469
128259.9922
128300.9453
128378.0938
128409.2422
128483.9922
128792.8906
128812.3438
128820.3906
128835.5469
128851.8438
128976.2969
128987.2422
129237.8906
129387.2969
129472.8438
129506.8906
129545.3438
129736.9922
129806.0469
129936.6406
130060.7422
130096.8438
130215.1406
130245.2969
130483.8906
130708.1406
130899.3438
130966.7969
131008.3438
131148.8438
131320.4375
131386.7969
131401.8906
131569.0938
131641.6406
131685.5469
131817.25
131887.1875
131888.5
131948.5469
132318.3906
132325.6875
132396.8906
132556.0938
132601.6875
132648.5938
132675.4375
132746.8906
132764.0938
132890.3906
132917.2969
132920.1875
133016.8906
133108.25
133119.1875
133241.3906
133244.5938
133382.75
133495.8906
133544.8438
133550.0938
133552.25
133754.8438
133826.5469
133850.5
133954.2969
134204.5938
134281.7969
134498.7969
134643.4375
134656.3438
134670.3438
134776.6875
134789
134829.5
134851.2969
135101.75
135291.5938
135405.5469
135424.5
135439.25
135444.8906
135460.3906
135514.3906
135761.25
135951.5938
136017.5938
136091.0469
136136.5469
136207
136278.4375
136287.8906
136363.3906
136369.6406
136380.0469
136510.0938
136593.25
136631.5938
136697.75
136733.3906
136750.8906
136805.3906
136832.3438
136872.5
137187.1406
137216.0469
137227.9375
137243.9375
137250.8438
137320.5469
137496.8438
137500.5938
137510.75
137548.5469
137675.25
137680.4375
137716.6406
137748.0938
137757.9375
137786.2969
137802.6406
137834
138031.7969
138050.75
138127.3906
138306.75
138323.8906
138394.6406
138396.2969
138560.8906
138627.9375
138654.3438
138684.5938
138741.2969
138822.5469
138827
139039.75
139053.25
139149.5
139154.1875
139167.4375
139378.1875
139618.4375
139644.9375
139709.5938
139725.8438
139727.3906
139753.1875
139761.3906
140065.0469
140268.2969
140286.5
140311.5469
140326.6875
140332.25
140381.5469
140433.25
140606.0938
140741.0469
140799.9375
140802.75
140816.4375
140868.8438
141078.8438
141168.6406
141256.5
141260.3438
141416.0938
141611.5938
141615.0938
141786.3438
141854.6406
141987.6406
142076.4375
142121.5469
142131.5
142339.1875
142556.5
142676.7969
142708.1875
142766.0938
142871
143000
143029.9375
143101.25
143331.25
143350.6875
143508.7969
143541.9375
143563.6406
143592.5
143598.5938
143713.5938
143769
143816.2969
143831.5
143937
144034.75
144054.5469
144075.7969
144131.6406
144170.9375
144175.5
144175.7969
144214.25
144226.6406
144304.8906
144333.5469
144345.3906
144471.4375
144500.3438
144614.6875
144735.5938
144741
144796.25
144800.5
144896.5469
144939.5469
144966.3906
145033.6875
145049.6406
145111.2969
145137.8906
145175.4375
145192.5938
145255.8906
145258.5469
145293.2969
145388.3438
145411.1406
145417.9375
145533.6406
145669.1406
145758.1406
145950
145964.5938
146042.1875
146094.1875
146158.4375
146176.25
146197.8906
146211.1875
146308.9375
146379.5938
146533
146579.9375
146676.8438
146719.3906
146795.3906
146797.3906
146801.6406
146944.8438
147040.3906
147115.4375
147118.6875
147124.6406
147184.3906
147197.7969
147204.3906
147405.0938
147438.8906
147666.4375
147750.0938
148155.6406
148307.75
148343.25
148426.5
148452.6406
148463.8438
148519
148633.25
148684.0469
148724.75
148741.6406
148865.0469
148874.0938
148884.9375
149019.9375
149115.25
149213.7969
149216.1406
149493.2969
149495.9375
149526.1875
149531.6406
149573.0469
149575.5469
149604.75
149668.5469
149688.3906
149757.1406
149759.8906
149781.0938
149793.8438
149942.25
150018.2969
150358.8906
150422.6875
150470.75
150527.1406
150609.6406
150624.25
150679.0469
150868.6875
150908.5938
150986
151120.0469
151167.5
151534.6406
151700.8906
151805
151816
151877
151944.75
152066.1406
152088.0469
152165.5938
152172.0469
152246.0469
152256.0469
152369.8906
152586.7969
152593.1406
152596.5938
152680.5
152686.4375
152827.5938
152918.4375
152960.1406
153007.5469
153079.5
153090.75
153113.8906
153116.8906
153299.5
153308.4375
153328.2969
153464
153641.8438
153699.6875
153774.0469
153784.75
153905.6875
153907.5
154030.0938
154088.1406
154117.5469
154151.7969
154250
154327.3438
154334.6406
154465.1875
154564
154599.7969
154707.0469
154725.7969
155091.25
155116
155173.3438
155287.25
155292.6875
155305.3438
155348.5938
155365.5938
155367.0938
155371
155419.9375
155560.9375
155640.5938
155655.5
155798
155867.2969
156015.6406
156094.8906
156146.1406
156233.1875
156302.5938
156406.8438
156446
156548.6406
156586.8438
156612.5469
156706.1875
156711.7969
156929.5469
156969.75
156977.6875
157006.1875
157015.8906
157035.5469
157060.0469
157104.6406
157371
157411.6875
157472.2969
157491.4375
157514.5938
157630.7969
157671.0469
157674.3438
157697.5
157800.6875
157942.0938
158007.1406
158010.2969
158019.1875
158109.3906
158176.7969
158200.4375
158212.6406
158279.9375
158416.3906
158440.6406
158560.5
158717.5938
158763.5469
158772.6406
158818.0469
158863.5938
159037.8438
159245.0469
159254.6406
159352.5469
159434.5469
159782.6406
159872.5469
159959.1406
159993.1406
160050.6406
160127.1406
160237.25
160243.8438
160265.0469
160396.5469
160525.8906
160537.25
160675.1875
160677.25
160680.1406
160951.4375
160979.8438
161199.0938
161375.6406
161466.6406
161646.8906
161746.1875
161815.8438
161902.75
161906.75
162187.2969
162300.6406
162367.5
162461.5
162534.0938
162564.4375
162649.6875
162676.3438
162757.0938
162918.1875
163044.0938
163148.4375
163156.4375
163162.5
163163.1875
163348.8438
163369.1875
163395.1875
163437.0938
163519.8438
163644.0938
163672.8906
163676.8438
163710.3438
163729.6875
163837.8438
163883.4375
163887.0938
163919.1875
163937.75
163956.0938
164034.5938
164038.7969
164048
164119.3906
164144.0938
164381.7969
164416.1406
164423.4375
164544.25
164602
164686.1406
164698.4375
164718.3438
164764.3906
164855.6875
164886.7969
164911.5938
165008.8438
165136.6875
165188.9375
165275.3438
165281.3438
165321.9375
165360.0938
165375.8438
165500.9375
165501.3906
165653.5
165657.3906
165823.3906
165881.0469
165942.6875
165963.75
166053.7969
166135.75
166255.7969
166391.25
166403
166465.5938
166547.1875
166556.7969
166788.6875
166813.6406
166915.3906
166937.75
166940.0469
167078.2969
167085
167262.3906
167297.4375
167308.5469
167337.8438
167390.8438
167512
167561.8906
167574.9375
167686.0469
167746
167900.5938
167967.5938
167999.3906
168170.4375
168210.5469
168350.6406
168379.1406
168606.1875
168617.1875
168665.7969
168668.3906
168855.4375
169057.5469
169352.3906
169406.4375
169418.2969
169456.2969
169629.25
169650.7969
169812.7969
169841.1875
169863.0469
169939.3906
169969.4375
170119.75
170146.5
170277.0469
170288.6406
170374.8906
170416.25
170436.6875
170456.1406
170698.25
170843.3438
171162.3906
171375.2969
171473.7969
171484.6875
171680.8906
171751.8906
171761.8438
172102.5469
172194.4375
172355.0469
172598.1875
172628.7969
172642.2969
172650.5
172977.0938
172981.75
172994.2969
173102.4375
173228.9375
173564.3438
173597.4375
173797.5469
173806.9375
173905.6875
173922.2969
173990.3906
174050.3438
174093.2969
174125.5938
174186.8906
174376
174422.0469
174459.9375
174665.5469
174733.1875
174845.3438
174868.5469
175099
175252.9375
175271.5469
175520
175580
175583.8906
175623.75
175851.1406
175886.3438
175912.1875
175921.75
176010.1875
176041.8438
176166.1875
176566.75
176595.6875
176654.6406
176807.75
176861.6406
176922.5
177061.5
177206.7969
177218.3438
177289.8438
177317.3906
177353.5938
177425.5
177438
177488.2969
177522.8906
177543.1406
177562.2969
177578.4375
177674.3438
177732.5469
177744.1406
177762.4375
177771.3438
177815.0938
178208.3906
178222.5938
178365
178443.9375
178456.0938
178563.7969
178721.9375
178895.7969
178915.9375
178929.1875
178930.5938
178934.0938
179131.6875
179152.2969
179359.0469
179390.4375
179564.25
179712.0938
179804.8438
179867.3906
180127.1875
180132.5469
180195.1875
180214.9375
180216.9375
180252.1875
180269.0938
180304.4375
180331.2969
180428.6875
180459.8906
180466.6406
180588.3906
180757.0469
180780.8438
180810.2969
180914
181052.5938
181078
181138.1875
181166.1406
181256.75
181270.2969
181297.6875
181343.9375
181355
181393.1875
181452.2969
181588.0938
181637.9375
181693.8438
181800.75
181948.3438
182136.1406
182266.9375
182285.8438
182293.5
182299.9375
182436.1875
182512.7969
182592.7969
182621.7969
182683.3906
182867.1875
182889.7969
182979.0469
182997.6875
183103.25
183174.1875
183389.25
183418.5
183480.3438
183632.5469
183640.6875
183714.8438
183853.6406
183858.8438
183975.1875
184110.0938
184273.1875
184366.6875
184411.8906
184425.6406
184597.8906
184621.1875
184638.1406
184771.1875
184824.1875
184893.0469
184949.0469
185115.4375
185164.75
185275.0469
185313.4375
185367.6406
185553.25
185657.2969
185667.8906
185709.1406
185721.0938
185761.0469
185772.7969
185888.8438
185902.25
186013.25
186099.0938
186207
186291.5469
186415.4375
186719.25
186750
186879.75
186881.6406
187008.4375
187094.8438
187096.25
187181
187251.3906
187521.2969
187592
187997.1406
188377.8906
188385.25
188389.1406
188569.5
188588.5469
188900.3438
189022.8438
189061.25
189195.1875
189482.8438
189584.75
189587.6406
189600.5
189616.5469
189726.6406
189739.2969
189972.7969
190023.75
190158.25
190183.0469
190218.9375
190392.0938
190691.0938
190747.0469
190774.4375
190822.8438
191049.1406
191066.3906
191150.3906
191777.3906
191862.8438
191913.5469
192069.0938
192611.5938
192992.1406
193181.0469
193335.3906
193351.5
193353.4375
193387.8438
193445.3906
193485.1406
193582.75
193598.1875
193764.0938
193836.25
193880.0938
193957.3438
194297.0469
194474.4375
194492.1875
194610.4375
194899.5938
195040.1406
195108.9375
195142.7969
195159.8906
195278.8438
195341.6406
195367.75
195422.3906
195456.9375
195464.8438
195508.1406
195573.5
195620.9375
195633.1875
195665.7969
195795.7969
195812.5469
195817.6875
195818.8906
195916.75
196107.8906
196204.75
196762.25
196814.1406
196818.0938
196924.6406
197149.75
197230.1875
197259.75
197319.5
197356.3906
197399.3438
197438.2969
197474.4375
197600
197611.9375
197671.3906
197684.6875
197686.3438
197711.2969
197715.5469
197725.6406
197745.1875
197819.5
197862.25
197940.4375
198050.5
198127.1875
198240.0938
198246.7969
198367.8438
198370.5938
198392.2969
198517.1875
198724.5938
198790.75
198869.9375
199000
199002.6875
199005.25
199011.3438
199259.7969
199271.7969
199284.2969
199311.2969
199558.3906
199612.2969
199619.9375
199717.5938
199731.5938
199757.7969
199800.7969
199805.0938
199880.3438
200057.25
200094.5469
200311.2969
200336.6406
200349.3438
200364.75
200610
200702.2969
200804.5
200824.7969
200918.4375
200928.75
200958.1875
201221.3438
201224.3438
201241.7969
201342.5469
201372.7969
201380
201437.75
201489.25
201529.0469
201696.9375
201782.3438
201784.2969
201809.3438
201853.7969
202054
202122.0469
202147.6406
202162.6875
202204.1875
202256.4375
202432
202439.8906
202519.4375
202539.75
202617.2969
202706.4375
202807.7969
202815.5
202940.7969
202989.0469
203025.3438
203099
203122.5938
203135.6875
203303.6875
203307.2969
203427.4375
203496.3906
203513.25
203543.6406
203546.1875
203569.9375
203623.1875
203658.8906
203754.2969
203904.2969
203949.1875
204272.2969
204297.8438
204382.6406
204590.1406
204689.3906
204721.2969
204963.8906
205147.9375
205433.7969
205445.7969
205482.0938
205641.9375
205647.2969
205660.5
205673.8906
205682.4375
205742.5
205901.4375
205966.8906
206074.2969
206158.5938
206241.5938
206355.1406
206362.4375
206369
206426.6875
206689.5938
206706.9375
206745.2969
206947.7969
207104.0469
207215.8438
207259.0938
207286.9375
207910.75
208001.3438
208040.25
208219.6875
208251.0469
208341.9375
208376.0938
208474.8438
208588.0938
208824.2969
209022.0938
209066.6875
209279.6406
209330.1875
209436.1406
209451.8438
209579
209613.4375
209745.1406
210105.3906
210110.3906
210178
210211.75
210212.5938
210221.3438
210224.5469
210310.1406
210333.7969
210430.8438
210450.1406
210488.3906
210659.2969
210866.5469
210907.8906
210994.0938
211011.8906
211108.5
211117.3906
211128.25
211279.2969
211467.2969
211542.6406
211788.6875
211795.1406
211802.25
211960.3906
211978.5938
212001.1406
212053.8438
212253.0938
212439.0938
212450.4375
212463.5938
212507.4375
212531.25
212879.8438
212978.5469
213251.5
213393.7969
213531.1406
213649.1875
213681.5469
213910
213911.5469
213931.4375
213933.5
213934.1875
213935.5
213965.5
213998.3906
214162.6875
214226.6875
214245.0469
214272.1875
214273.5938
214318.1875
214561.5938
214576.6875
214882.3906
214903.5938
214931.6875
214936.0469
215099.5938
215202.1406
215242.9375
215348.8438
215442.8906
215614.1875
215917.1875
216128.2969
216134.1406
216307.4375
216354.6875
216518.5938
216558.9375
216564.6406
216718.0469
216740.4375
216791.5
216873.4375
217169.75
217337.5938
217377.3906
217495.6875
217590.3438
217618.6406
217621.8438
217627.1875
217744.1875
217932.7969
218003.1406
218288.8438
218332.1406
218408.8438
218439.5938
218459.7969
218470.3906
218719.2969
218743.8438
218848.3438
218930.75
218987.3438
219818.5938
220176.5
220540.6406
220623.6875
220934.3438
220981.9375
221005.5
221138.3438
221370.75
221462.3906
221504.1875
221536.5938
221685.8438
221707.9375
221844.5938
221877.25
221894.5
222004.1406
222066.1875
222130.7969
222184.2969
222215.3438
222253.1875
222578.5
222918.4375
222941.4375
223023.3438
223106.3438
223109.75
223128.75
223244.6875
223296.4375
223952.6875
224188.5938
224198.1875
224438.9375
224640.6875
224903.0469
224998.6406
225066.8906
225308.25
225375.5938
225476.1406
225587.4375
225615.5938
225680.3438
225731.8906
225845.9375
226055.6875
226059.8906
226117.7969
226211
226246.6406
226288.5469
226402.1406
226417.9375
226520.1406
226585.2969
226591.0938
226915.5938
226922.1875
227052.9375
227100.9375
227106.5938
227340.7969
227377.6875
227448
227453.1875
227471.6875
227472.8906
227495.0938
227622.9375
227627.5938
227901.5938
227979.6406
228033.3906
228035.8906
228058.1875
228137.5938
228197.0469
228259.25
228366.5938
228515.5469
228890.8906
229175.1875
229326.5938
229373.6406
229714.5469
229719.0469
229824.8438
229871.5469
230150.7969
230171.6406
230191.6875
230197.6406
230283.1406
230406.6406
230413.1406
230677.9375
230757.7969
230848.5
230901.0469
230999.0938
231037.3906
231177.9375
231381.5
231490.25
231591.25
231651
231967.75
232088.5938
232141.25
232234.75
232376.8438
232535.5469
232605.9375
232643.3438
232728.0938
232896.5469
233233.0938
233978.7969
234046.8438
234101.1875
234136.5938
234394.4375
234454.3906
234627
234910.1875
234941.0938
235073.5469
235135.0469
235413.3438
235580.9375
235717.5938
235835.5469
235927.6406
236358.2969
236495.25
236504.1875
236690.0469
236851.5938
236909.5
236918.7969
237181.6875
237290.6875
237526
237550.3906
237628.75
237723.5469
237745.3438
237755.8438
237873.3438
237894.6875
237902.0938
237922.7969
238095.75
238137.25
238174.5
238184.5
238272.2969
238565.1875
238568.5
238731.8906
238758.75
238850.0938
239092.6875
239114.6875
239126.4375
239132.3438
239430.3906
239440.4375
239504.25
239513.8906
239528.2969
239706.6406
239731.0938
239744.5938
239781.8906
239939.5
240103.7969
240164.0469
240200.75
240287.3438
240464.1406
240911.0469
240939.4375
241262
241505.4375
241601.5938
241639.5
241970.3906
242186.6406
242190.5938
242421.75
242454.5938
242567.3906
242688.3906
242735.5
242857.9375
242909.4375
243109.25
243186.2969
243221.6406
243231.25
243539.3906
243654.25
243846.1875
243877.1875
244048.9375
244147.1406
244439.6406
244564.3438
244624.1406
244709.8438
244891.6875
245045.75
245107.3906
245181.1875
245453.75
245553.8906
245802.9375
245803.5469
245829.4375
246005.4375
246064.8438
246111.1406
246165.3906
246371.2969
246392.9375
246661.1406
246780.3438
246782.5
246927.75
246966.3438
246994.25
247345.1406
247614.5469
247623.8438
247821.3438
247901.7969
247927.7969
247931.9375
248006.75
248055.9375
248066.8438
248089.1875
248109.6875
248280.75
248692.0469
248701.8438
249037.6406
249057.25
249129.1406
249153.25
249366.8438
249425.2969
249597.3906
249599.8906
249716.2969
249754.5469
249961.75
250101.5938
250270.5469
250517.1875
250543.5938
250593
250840.3906
251079.5
251219.25
251230.6406
251274.8438
251316.75
251441.0469
251459.7969
251604.8438
251778.0938
251786.9375
251798
251836.75
252005.4375
252157.0469
252239.8438
252292
252398.5
252518.5469
252589.25
252735.8438
252770.25
252780.6406
252784.1875
252786.5469
252789.0938
252857.8438
253247.5938
253280.3906
253299.1406
253331.6875
253337.1875
253489.0938
253545.7969
253722.1406
253752.1406
253825.8438
254230.2969
254231.7969
254251.0469
254398.1875
254406.1406
254456.1875
254682.1875
254698.0469
254903.0938
254917.1875
254972.4375
255059.4375
255065.4375
255110.2969
255334.1875
255350.8906
255408.3906
255509
255601
255714.3906
255723.1406
255733.2969
255796.3906
255818.5
255911.1406
255939.8906
255948.6875
255952.6875
256038.8438
256065.8438
256070.0938
256099.7969
256127.5469
256131.6406
256145.75
256147.7969
256167.5938
256206.6406
256213.6875
256268.7969
256415.1406
256488.1875
256494.0469
256515.4375
256527.75
256533.9375
256543.3906
256598.2969
256601.7969
256625.4375
256686.1406
256698.1406
256739.5
256901.8906
256919.25
256929.8906
256954.75
256957.5469
257062.1406
257075.2969
257076.0469
257088.6875
257132.3438
257387.1406
257441
257469.7969
257500.25
257585.8438
257681.0469
257744
257975.3438
258123.5469
258251.3438
258398
258425.75
258711.6406
258848.3906
258987.9375
259077.5
259272.8906
259285.1406
259341.6406
259348.5469
259355.2969
259402.1406
259522
259638.8906
259650.6406
259682.0938
259730.6406
259796.8906
259816.3906
259867.2969
259906.4375
260084.6406
260236.3438
260255.8906
260277.6875
260399.0469
260447.9375
260570
260641.8906
260662.3906
260663.9375
261001.6406
261019
261118.8438
261349
261379.6406
261532.5469
261920.8438
261933.4375
261970
262017.6875
262019.3438
262132.0938
262209.2813
262480.75
262582
262857.5938
262883.8438
262994.0938
263004.4063
263014.5313
263274.75
263485.0938
263585
263604.9063
263671.6563
263746.75
263974.9063
264279.5313
264339.0313
264393.6875
264444.9063
264448.5313
264559.0938
264613.9375
264748.4063
264807.9063
265380.1563
265995.4063
266083.6875
266500.3438
266504.5938
266534.6875
266555.5
266556.75
266559.25
266997.0313
267682.6875
267742.4063
268090.0313
268099.5313
268336
268635.0938
268780.6875
268851.8438
268888
269030.1875
269051.8438
269063.6563
269128.4375
269356.9063
269436.2813
269611.1563
269750.5938
270051.3438
270119.6563
270273.9375
270594.1563
270762.5
271287.1563
271430.4375
271546.0938
271950.3438
271995.8438
272097.25
272118.5938
272315.1875
272341.5313
272347.6875
272491.6563
272791.7813
272862.6875
272906.9063
273001.5
273040.6875
273145.7813
273165.4063
273232.75
273323.0938
273327.7813
273341.1875
273549.6563
273562.7813
273603.2813
273632.1563
273810.7813
273843.4375
273952.4375
274158.0938
274215.9375
274291.0313
274316.1875
274454.6563
274486.7813
275075.9375
275397.5938
275401.9375
275477.2813
275657.0313
275869
276039.1563
276413.3438
276596.0938
276647.4063
276832.4375
276867.25
276989.4063
277122.4375
277344.3438
277386.7813
277392.1563
277461.3438
277636.6563
277742.25
277884.0313
277899.1875
277920.8438
277925.5313
277939.5
277998.3438
278002.5313
278054.0313
278356.3438
278598.25
278702.7813
278897
278990.2813
279138.7813
279194.4375
279259.7813
279287.9063
279334.4063
279564.6563
280073.1563
280287.5313
280303
280382.6563
280456.25
280526.5
280527.75
280543.75
280619.4063
280697.4063
280804.1563
280922.75
280973.25
281059.4063
281131.9063
281166.3438
281256.4063
281311.5313
281349.0938
281515.25
281524.0313
281658.5938
281936.75
281951.5
281955.4375
282001
282263.1875
282309.25
282583.1875
282647.8438
282763.0938
282882.3438
283957.9063
284007.0313
284097.5313
284101.9375
284108.5313
284149.75
284157.2813
284174.7813
284416.6563
284431.1875
284482.5313
284485.6563
284624.25
285051.6563
285167.25
285201.3438
285206.75
285237.5938
285246.0938
285329.5938
285721.75
285766.8438
285896.5938
286074.1875
286289.1563
286510.6875
287060.2813
287187.1875
287204.25
287711.6875
287790.4375
288210
288320.1875
288490.0938
288650.1563
288659.0938
288815.5938
289221.1563
289494.75
290301.9375
290405
290552.75
290647.3438
290982.1563
291421.9063
291557.5938
291579.75
292120.9375
292195.5938
292204.25
292281.25
292346.1563
292363.5313
292480.3438
292504.25
292530.1875
292533.3438
292619.5313
292674.8438
292754.25
292894.5313
292910.9063
293156.9375
293226.5
293408.4063
293416.6563
293547
293694.0313
293847.7813
293908.6563
293928
293949.0938
294363.9063
294862.6563
295061.1563
295070.4063
295341.25
295484.5
295565.25
295902.6875
296026.4063
296132.6875
296221.4063
296264.2813
296293.0938
296348.0313
296563.4375
296569.3438
296591.5313
296601.9375
296667.2813
296694.5
296779.0313
296792.4063
296938
296981.5313
297100.9063
297112.1875
297151.7813
297169.5938
297177.5
297396.6875
297401.7813
297486.1563
297500.75
297508.4063
297537.0938
297908.9375
298062.6563
298103.1563
298352.0313
298400.9375
298610.1563
298833
298919.6875
299172.25
299889.5938
300104.75
300193.6875
300276.5313
300358.75
300371.9375
300419.9063
300445.5313
300483.0938
300876.6875
300991.0313
300994.1875
301011.5313
301171.9063
301177.5938
301237.8438
301294.6563
301299.4063
301304.6563
301462.3438
301943.25
301990.5938
302286.25
302289.6875
302364.5938
302529.7813
302596.5938
302623.9063
302684.5
302890.7813
302916.1875
303040.75
303280
303283.6875
303303.2813
303308.4375
303683.6875
303734.7813
303740.4375
303759
303817.8438
303824.9063
303857.1875
303891.5938
304388.4063
304862.5938
304870.4375
304984.1875
305696.7813
305989.4063
306088.1875
306323.9063
306444.3438
306577.1563
306653
306743.4063
306827.6563
307117.75
307126
307323.0938
307490.6563
307834.6875
308304.3438
308390.0938
