19.68000031
72.43000031
112.4300003
185.1300049
216.1300049
271.8299866
337.2799988
383.8800049
440.0299988
510.0299988
641.7800293
680.6300049
726.4799805
788.8800049
840.6300049
932.4799805
990.3300171
993.5800171
1115.829956
1169.880005
1173.579956
1223.380005
1280.030029
1340.630005
1401.97998
1464.530029
1538.530029
1622.930054
1703.829956
1735.579956
1850.329956
1889.72998
1935.680054
1992.630005
2062.780029
2109.72998
2170.179932
2255.580078
2325.330078
2413.879883
2460.030029
2520.929932
2563.47998
2604.179932
2644.97998
2721.780029
2772.629883
2818.179932
2887.379883
2959.330078
3006.030029
3057.629883
3088.080078
3144.379883
3204.879883
3261.530029
3358.080078
3457.929932
3504.080078
3593.530029
3650.679932
3712.47998
3772.780029
3825.830078
3860.22998
3892.629883
3963.429932
4044.429932
4138.22998
4204.279785
4223.529785
4248.080078
4318.47998
4358.129883
4391.180176
4433.629883
4491.330078
4580.680176
4652.930176
4684.080078
4747.379883
4781.279785
4802.029785
4830.580078
4901.930176
4951.029785
5016.830078
5110.47998
5143.879883
5171.22998
5211.330078
5263.930176
5296.47998
5385.72998
5429.580078
5466.930176
5517.279785
5594.080078
5624.279785
5702.129883
5796.379883
5802.379883
5839.180176
5942.47998
5946.330078
6003.580078
6054.680176
6145.580078
6194.97998
6263.129883
6358.47998
6448.22998
6499.97998
6550.029785
6625.180176
6647.029785
6668.22998
6760.879883
6814.629883
6855.47998
6917.72998
6955.930176
7061.930176
7122.930176
7191.379883
7196.379883
7256.629883
7260.930176
7317.22998
7369.680176
7409.47998
7482.279785
7486.580078
7596.879883
7601.680176
7657.129883
7717.72998
7826.779785
7894.379883
7933.580078
7939.879883
7985.529785
8026.330078
8082.029785
8158.680176
8188.680176
8199.879883
8305.629883
8352.780273
8382.179688
8448.530273
8481.330078
8514.330078
8530.580078
8571.879883
8681.929688
8715.480469
8773.280273
8795.929688
8869.379883
8910.480469
8963.030273
9016.830078
9047.530273
9066.030273
9096.429688
9182.629883
9285.580078
9327.179688
9366.679688
9402.480469
9452.429688
9517.629883
9555.580078
9621.280273
9680.280273
9727.330078
9791.629883
9825.030273
9896.080078
9941.679688
9968.030273
10027.03027
10063.73047
10174.98047
10328.23047
10376.67969
10403.92969
10484.23047
10521.42969
10565.48047
10605.83008
10632.67969
10668.12988
10697.58008
10722.37988
10766.28027
10802.67969
10831.67969
10852.23047
10893.03027
10941.78027
10998.92969
11023.33008
11106.42969
11210.53027
11327.58008
11339.03027
11361.92969
11375.67969
11477.98047
11486.42969
11518.83008
11574.78027
11632.58008
11677.92969
11717.37988
11751.03027
11777.37988
11802.58008
11833.17969
11874.58008
11915.62988
11974.83008
11993.98047
12043.83008
12083.67969
12173.62988
12238.03027
12321.67969
12409.67969
12422.58008
12540.98047
12614.98047
12640.42969
12683.78027
12710.73047
12726.58008
12771.08008
12812.33008
12840.53027
12877.28027
12920.62988
12941.83008
12986.58008
13005.58008
13051.53027
13093.08008
13150.17969
13186.37988
13350.67969
13402.08008
13428.28027
13440.78027
13490.98047
13567.58008
13577.42969
13615.73047
13694.17969
13739.67969
13776.73047
13810.83008
13826.42969
13849.92969
13880.53027
13924.48047
13954.17969
13980.23047
14052.53027
14070.92969
14134.78027
14174.42969
14232.42969
14369.48047
14437.67969
14499.42969
14538.12988
14545.37988
14583.87988
14646.12988
14690.78027
14720.33008
14757.83008
14769.23047
14822.83008
14842.53027
14868.53027
14937.17969
14992.42969
15032.73047
15108.03027
15146.33008
15184.33008
15255.92969
15316.58008
15352.37988
15481.48047
15536.28027
15604.53027
15645.03027
15708.87988
15712.62988
15769.23047
15811.62988
15901.33008
15938.92969
16017.42969
16069.83008
16125.58008
16156.28027
16221.48047
16286.03027
16321.03027
16371.33008
16436.42969
16479.08008
16527.83008
16532.33008
16565.38086
16645.38086
16736.2793
16803.42969
16885.42969
16933.7793
16997.67969
17033.38086
17078.73047
17084.08008
17150.17969
17193.67969
17204.2793
17266.63086
17298.88086
17339.73047
17420.92969
17447.83008
17503.92969
17721.13086
17806.63086
17812.7793
17817.42969
17883.2793
17993.88086
18051.92969
18082.73047
18088.42969
18156.63086
18212.48047
18241.7793
18270.88086
18322.92969
18351.42969
18381.42969
18433.98047
18477.63086
18534.23047
18577.17969
18667.73047
18766.13086
18800.33008
18823.58008
18824.92969
18914.67969
18916.42969
18946.08008
19029.08008
19065.2793
19124.42969
19162.48047
19167.23047
19203.48047
19231.2793
19256.98047
19293.23047
19327.83008
19388.98047
19444.5293
19503.48047
19529.33008
19572.2793
19616.58008
19790.17969
19847.58008
19863.83008
19917.7793
19961.83008
20013.2793
20047.08008
20099.7793
20138.67969
20173.73047
20219.48047
20249.42969
20280.7793
20299.42969
20306.42969
20352.08008
20408.0293
20450.2793
20506.98047
20559.23047
20596.42969
20641.73047
20685.5293
20732.42969
20844.13086
20872.0293
20886.23047
20972.58008
21011.23047
21052.83008
21140.08008
21190.08008
21224.13086
21241.5293
21285.5293
21299.83008
21325.88086
21369.5293
21417.5293
21448.08008
21489.88086
21523.7793
21551.23047
21605.83008
21649.7793
21731.13086
21808.2793
21950.48047
22029.48047
22077.98047
22146.98047
22182.58008
22250.73047
22304.67969
22376.67969
22435.0293
22505.58008
22509.08008
22577.88086
22658.63086
22703.42969
22748.42969
22801.13086
22823.38086
22882.17969
22951.58008
23053.08008
23118.73047
23142.7793
23200.08008
23317.73047
23350.5293
23407.23047
23469.5293
23541.7793
23547.88086
23586.2793
23650.83008
23736.48047
23813.88086
23888.83008
23956.17969
23999.48047
24047.98047
24081.33008
24166.48047
24312.83008
24344.48047
24397.42969
24434.73047
24468.2793
24549.88086
24620.5293
24701.67969
24712.98047
24771.73047
24804.5293
24840.08008
24879.73047
24945.88086
24995.17969
25005.83008
25054.48047
25213.73047
25373.7793
25440.33008
25479.98047
25551.38086
25603.38086
25643.08008
25683.13086
25735.63086
25776.92969
25799.67969
25827.33008
25864.73047
25902.98047
25954.7793
25997.17969
26050.08008
26057.88086
26107.5293
26317.42969
26377.08008
26484.98047
26523.58008
26554.0293
26557.13086
26620.67969
26665.63086
26671.7793
26719.17969
26754.98047
26779.58008
26815.13086
26853.23047
26913.63086
26937.42969
26965.33008
27016.23047
27114.48047
27153.33008
27263.7793
27323.38086
27380.7793
27505.88086
27563.58008
27606.7793
27652.83008
27661.88086
27702.48047
27744.2793
27781.92969
27844.73047
27881.48047
27905.2793
27948.33008
27954.17969
28006.73047
28035.13086
28092.42969
28123.63086
28179.23047
28236.67969
28284.92969
28394.42969
28433.2793
28438.0293
28517.98047
28573.92969
28625.88086
28684.08008
28718.92969
28760.33008
28816.58008
28841.42969
28860.7793
28892.73047
28922.5293
28955.2793
29051.48047
29060.17969
29103.58008
29125.92969
29168.58008
29215.2793
29389.98047
29436.67969
29460.17969
29517.5293
29574.5293
29611.58008
29640.67969
29694.5293
29739.5293
29823.23047
29841.98047
29892.67969
29928.83008
29968.98047
29973.42969
30007.17969
30084.7793
30145.63086
30204.42969
30267.0293
30307.23047
30354.58008
30392.08008
30426.08008
30497.48047
30576.0293
30633.98047
30681.33008
30743.58008
30747.83008
30816.2793
30892.58008
30935.5293
31026.7793
31090.67969
31145.17969
31174.88086
31266.0293
31310.5293
31412.2793
31470.58008
31535.63086
31541.98047
31571.73047
31616.38086
31639.67969
31645.38086
31780.33008
31845.33008
31899.38086
31936.08008
31990.13086
32017.92969
32060.33008
32120.5293
32163.42969
32185.17969
32213.63086
32248.88086
32293.0293
32354.63086
32384.42969
32478.88086
32496.7793
32547.42969
32688.08008
32698.88086
32800.03125
32895.23047
32958.17969
32997.87891
33049.23047
33105.62891
33134.32813
33155.67969
33185.37891
33219.87891
33256.87891
33275.12891
33298.78125
33356.12891
33391.28125
33433.82813
33471.53125
33475.48047
33620.03125
33707.32813
33791.23047
33853.23047
33915.57813
33968.78125
33996.28125
34053.87891
34123.23047
34155.32813
34173.42969
34210.73047
34267.57813
34288.73047
34312.57813
34359.78125
34390.17969
34444.73047
34494.03125
34532.92969
34710.32813
34724.07813
34814.07813
34844.32813
34855.48047
34934.32813
34996.07813
35049.92969
35099.37891
35174.57813
35212.37891
35253.82813
35282.17969
35311.53125
35353.67969
35373.57813
35401.78125
35464.73047
35514.53125
35558.42969
35621.17969
35627.57813
35743.48047
35758.07813
35817.32813
35819.53125
35853.12891
35940.98047
36023.37891
36079.48047
36114.92969
36145.37891
36188.23047
36232.82813
36292.32813
36326.03125
36340.17969
36405.12891
36472.17969
36526.28125
36588.37891
36624.78125
36672.98047
36738.28125
36827.87891
36890.12891
36960.23047
36993.42969
37086.98047
37123.23047
37199.03125
37245.23047
37269.42969
37388.37891
37452.48047
37501.32813
37545.32813
37585.62891
37593.03125
37719.03125
37782.03125
37826.07813
37890.73047
37983.62891
38106.17969
38142.07813
38143.62891
38172.53125
38257.92969
38332.87891
38386.03125
38437.03125
38521.73047
38564.53125
38634.32813
38715.23047
38750.62891
38832.62891
38957.87891
39077.32813
39156.82813
39160.73047
39223.07813
39255.12891
39292.23047
39332.37891
39366.67969
39398.42969
39429.42969
39468.48047
39523.28125
39560.92969
39597.48047
39692.48047
39739.82813
39791.53125
39898.92969
39900.17969
39993.07813
39993.87891
40119.78125
40176.28125
40218.82813
40266.98047
40328.73047
40368.92969
40409.62891
40444.98047
40476.07813
40510.48047
40561.03125
40611.28125
40635.92969
40678.12891
40777.92969
40854.82813
40923.48047
41002.98047
41094.32813
41139.67969
41199.53125
41284.28125
41318.48047
41359.03125
41403.17969
41439.37891
41489.62891
41506.17969
41528.17969
41553.98047
41611.42969
41658.87891
41741.57813
41801.57813
41865.28125
42049.23047
42050.82813
42093.73047
42205.67969
42211.92969
42240.62891
42273.37891
42320.78125
42338.42969
42395.87891
42422.12891
42500.73047
42515.57813
42551.67969
42593.03125
42623.17969
42686.23047
42724.42969
42774.48047
42860.87891
42917.53125
42977.98047
43029.12891
43091.73047
43115.17969
43224.98047
43274.67969
43344.28125
43363.67969
43407.67969
43439.98047
43494.53125
43543.53125
43582.67969
43634.92969
43659.37891
43710.37891
43785.17969
43868.23047
43892.28125
43989.62891
44009.62891
44090.92969
44151.17969
44191.28125
44240.62891
44261.03125
44308.67969
44351.87891
44390.28125
44436.03125
44490.12891
44531.53125
44603.28125
44657.62891
44731.42969
44773.23047
44829.28125
44895.78125
44956.82813
45038.57813
45083.82813
45140.42969
45159.37891
45232.87891
45263.62891
45350.73047
45419.92969
45534.07813
45592.17969
45651.82813
45700.53125
45759.57813
45819.48047
45874.23047
45954.62891
46025.62891
46060.87891
46142.37891
46236.17969
46239.17969
46300.28125
46349.82813
46395.03125
46420.32813
46464.67969
46503.07813
46547.12891
46594.28125
46659.28125
46703.48047
46888.92969
47011.73047
47096.82813
47145.23047
47198.42969
47240.42969
47277.23047
47315.07813
47338.73047
47378.12891
47413.73047
47452.42969
47478.82813
47525.12891
47570.37891
47612.48047
47893.42969
47933.57813
47993.78125
48028.67969
48073.03125
48115.87891
48165.42969
48189.67969
48239.32813
48271.57813
48311.82813
48370.42969
48413.28125
48447.87891
48480.37891
48538.37891
48603.32813
48677.73047
48775.03125
48870.42969
48954.37891
49001.53125
49055.78125
49167.17969
49192.37891
49250.53125
49281.62891
49320.12891
49355.42969
49385.73047
49438.23047
49499.32813
49532.03125
49558.53125
49596.17969
49634.98047
49696.32813
49748.78125
49894.87891
49951.57813
50049.57813
50070.57813
50139.98047
50224.03125
50251.32813
50287.53125
50331.57813
50374.73047
50411.98047
50432.48047
50448.48047
50476.73047
50522.57813
50558.48047
50574.82813
50617.07813
50674.42969
50739.48047
50785.73047
50847.07813
51023.28125
51065.48047
51179.73047
51222.37891
51280.28125
51302.73047
51342.17969
51386.78125
51413.03125
51449.92969
51487.37891
51554.98047
51600.57813
51635.53125
51676.32813
51754.07813
51850.48047
51900.87891
51969.78125
52056.12891
52122.23047
52157.53125
52208.67969
52258.98047
52320.78125
52392.53125
52469.12891
52518.48047
52522.48047
52634.67969
52660.12891
52692.67969
52746.42969
52819.48047
52869.78125
52915.92969
53002.07813
53089.73047
53142.92969
53177.53125
53232.53125
53270.07813
53308.12891
53337.48047
53400.98047
53487.98047
53541.03125
53623.57813
53671.37891
53727.23047
53738.87891
53784.32813
53851.42969
53879.73047
53938.62891
53975.92969
54006.48047
54012.92969
54043.37891
54088.78125
54119.12891
54158.62891
54212.12891
54265.73047
54269.67969
54336.78125
54380.62891
54434.32813
54491.73047
54568.53125
54735.87891
54826.48047
54878.28125
54947.87891
55002.57813
55053.98047
55089.42969
55111.42969
55129.87891
55174.07813
55206.48047
55236.28125
55271.73047
55315.17969
55351.62891
55398.32813
55446.32813
55487.23047
55524.82813
55576.73047
55640.07813
55665.53125
55691.98047
55715.62891
55777.67969
55785.12891
55794.37891
55800.62891
55835.48047
55886.82813
55956.17969
56023.57813
56062.28125
56099.73047
56111.98047
56146.87891
56178.32813
56204.57813
56239.53125
56266.17969
56293.28125
56341.67969
56450.82813
56497.73047
56524.42969
56571.03125
56609.17969
56661.57813
56726.87891
56744.82813
56773.17969
56782.57813
56829.28125
56908.98047
56951.57813
56981.73047
57024.03125
57097.42969
57125.98047
57136.37891
57156.07813
57193.37891
57238.82813
57273.37891
57301.73047
57326.82813
57354.28125
57399.28125
57428.67969
57501.42969
57560.87891
57701.17969
57725.32813
57758.07813
57778.28125
57827.37891
57862.78125
57934.98047
57961.42969
58012.78125
58054.03125
58091.57813
58122.28125
58147.87891
58173.98047
58208.17969
58233.78125
58271.28125
58285.37891
58312.78125
58350.32813
58366.32813
58397.92969
58465.98047
58563.48047
58569.62891
58632.28125
58670.78125
58752.37891
58774.53125
58846.92969
58928.53125
58977.23047
59010.42969
59062.42969
59092.07813
59137.73047
59163.48047
59241.78125
59314.32813
59367.07813
59408.87891
59492.78125
59499.07813
59559.78125
59564.03125
59645.98047
59721.12891
59754.98047
59822.23047
59863.23047
59929.17969
60001.62891
60049.78125
60123.12891
60194.78125
60224.78125
60279.03125
60397.48047
60460.73047
60540.57813
60568.98047
60670.23047
60671.32813
60672.98047
60673.92969
60764.23047
60859.57813
60893.23047
60934.48047
60998.03125
61051.78125
61088.62891
61106.03125
61125.23047
61134.07813
61169.12891
61231.32813
61260.32813
61294.67969
61335.87891
61364.37891
61455.23047
61570.87891
61687.57813
61703.37891
61710.53125
61760.87891
61821.73047
61825.92969
61878.87891
61924.07813
61974.17969
62009.37891
62053.32813
62088.12891
62132.62891
62168.07813
62191.12891
62225.48047
62270.82813
62356.48047
62359.48047
62470.17969
62516.17969
62569.23047
62614.67969
62649.48047
62704.98047
62759.62891
62805.03125
62818.73047
62874.73047
62901.12891
62956.82813
63000.03125
63049.87891
63081.73047
63117.03125
63138.03125
63147.67969
63178.82813
63231.73047
63268.03125
63320.48047
63406.57813
63468.87891
63533.82813
63584.62891
63735.28125
63736.73047
63754.53125
63791.28125
63846.73047
63900.07813
63949.73047
63999.12891
64040.17969
64077.82813
64125.28125
64148.87891
64167.42969
64173.12891
64241.37891
64308.57813
64350.53125
64410.73047
64417.48047
64482.42969
64539.98047
64638.23047
64695.37891
64719.98047
64738.87891
64740.32813
64794.37891
64838.98047
64895.87891
64953.57813
64961.67969
64998.82813
65031.92969
65094.57813
65100.03125
65143.17969
65185.78125
65195.67969
65245.67969
65282.92969
65316.98047
65360.92969
65448.17969
65489.48047
65528.62891
65576.38281
65660.07813
65734.47656
65782.53125
65854.57813
65904.42969
65947.53125
65992.42969
66056.97656
66062.32813
66130.03125
66199.38281
66239.53125
66300.47656
66337.57813
66370.17969
66439.32813
66512.82813
66592.53125
66674.03125
66713.07813
66779.78125
66810.88281
66849.78125
66938.78125
66986.53125
67058.88281
67126.13281
67154.57813
67221.92969
67259.67969
67302.88281
67353.53125
67397.67969
67474.03125
67561.67969
67575.47656
67646.07813
67712.92969
67779.47656
67820.03125
67882.67969
67917.47656
67943.13281
67983.32813
68023.47656
68065.03125
68101.28125
68150.53125
68160.63281
68205.82813
68232.17969
68260.78125
68382.78125
68420.82813
68500.97656
68616.63281
68641.07813
68698.97656
68735.17969
68745.63281
68756.53125
68849.32813
68893.57813
68937.07813
68980.07813
69024.88281
69079.07813
69108.78125
69158.22656
69200.32813
69230.22656
69311.53125
69358.42969
69415.42969
69448.47656
69527.53125
69628.88281
69728.17969
69803.28125
69851.47656
69888.92969
69925.63281
69961.63281
70001.72656
70050.47656
70072.88281
70131.53125
70170.82813
70235.13281
70272.97656
70309.22656
70342.17969
70395.97656
70425.97656
70510.17969
70607.13281
70675.13281
70818.63281
70892.17969
70908.72656
70961.22656
70964.17969
70965.88281
71026.42969
71055.47656
71084.22656
71154.07813
71200.22656
71229.22656
71277.32813
71282.07813
71318.97656
71353.53125
71400.22656
71427.17969
71486.28125
71523.42969
71590.57813
71684.88281
71807.78125
71883.88281
71941.72656
72021.78125
72035.97656
72118.82813
72136.78125
72164.17969
72193.57813
72233.57813
72274.72656
72281.78125
72340.13281
72369.42969
72422.28125
72495.42969
72573.17969
72698.32813
72741.42969
72800.07813
72843.22656
72907.42969
72912.07813
72967.07813
73006.22656
73061.32813
73123.47656
73174.92969
73211.28125
73284.17969
73326.88281
73368.67969
73427.82813
73455.38281
73566.17969
73631.32813
73683.17969
73713.63281
73772.22656
73827.47656
73874.42969
73975.32813
74019.03125
74091.82813
74141.22656
74171.57813
74220.82813
74248.82813
74308.47656
74355.67969
74427.97656
74471.07813
74517.53125
74567.63281
74635.32813
74688.38281
74755.47656
74799.53125
74833.13281
74875.53125
74922.28125
74967.57813
75018.03125
75067.03125
75110.88281
75131.53125
75193.42969
75309.88281
75377.78125
75413.17969
75505.82813
75514.07813
75567.13281
75593.42969
75633.32813
75657.03125
75677.88281
75722.07813
75751.47656
75790.53125
75840.72656
75858.38281
75894.97656
75934.47656
75959.97656
76019.47656
76085.57813
76130.57813
76266.38281
76331.72656
76358.13281
76395.03125
76431.57813
76559.38281
76601.17969
76645.72656
76676.13281
76723.28125
76777.67969
76805.03125
76832.63281
76873.38281
76907.72656
76942.97656
76981.57813
77037.78125
77061.97656
77139.47656
77204.72656
77253.57813
77304.13281
77352.67969
77462.07813
77551.67969
77610.67969
77659.67969
77679.13281
77721.22656
77743.13281
77779.32813
77784.82813
77842.17969
77852.72656
77880.72656
77941.42969
77976.17969
78029.17969
78063.63281
78119.03125
78161.22656
78241.72656
78325.42969
78373.57813
78423.82813
78527.38281
78577.22656
78588.88281
78595.92969
78596.28125
78596.67969
78597.57813
78636.78125
78655.47656
78684.72656
78753.53125
78759.82813
78801.07813
78851.32813
78859.92969
78934.67969
78953.22656
78999.38281
79027.17969
79042.42969
79074.03125
79107.92969
79148.82813
79218.28125
79334.97656
79379.63281
79383.38281
79427.42969
79491.22656
79604.57813
79607.67969
79651.72656
79691.07813
79721.47656
79755.47656
79801.22656
79844.47656
79887.13281
79909.07813
79955.78125
79997.97656
80019.97656
80056.07813
80150.53125
80191.28125
80219.13281
80242.72656
80248.38281
80280.42969
80314.92969
80320.38281
80376.53125
80459.07813
80525.03125
80618.53125
80623.22656
80659.88281
80720.17969
80776.47656
80806.67969
80879.28125
80922.63281
80966.38281
80971.17969
81023.22656
81080.13281
81117.17969
81167.17969
81248.82813
81299.97656
81350.78125
81398.03125
81468.07813
81510.82813
81542.57813
81594.88281
81688.57813
81753.17969
81799.13281
81864.82813
81915.88281
81955.07813
82003.72656
82066.42969
82115.13281
82168.57813
82217.17969
82251.88281
82290.67969
82354.53125
82414.17969
82441.97656
82482.28125
82552.17969
82600.92969
82627.17969
82673.32813
82825.47656
82938.88281
82945.72656
82982.42969
83006.38281
83010.42969
83070.03125
83120.47656
83177.32813
83212.53125
83253.07813
83286.72656
83313.32813
83343.82813
83384.72656
83452.32813
83472.72656
83527.57813
83571.07813
83609.82813
83662.13281
83698.88281
83764.22656
83931.38281
83994.82813
84050.67969
84112.78125
84152.57813
84197.13281
84237.07813
84272.67969
84280.82813
84334.38281
84340.53125
84377.28125
84415.57813
84466.57813
84501.42969
84525.57813
84573.57813
84601.03125
84635.82813
84671.63281
84735.63281
84773.78125
84820.88281
84914.82813
84982.53125
85026.53125
85067.32813
85183.97656
85261.22656
85310.32813
85347.97656
85387.88281
85423.13281
85464.38281
85495.78125
85535.63281
85552.42969
85574.82813
85607.13281
85642.13281
85681.97656
85716.28125
85784.88281
85790.03125
85885.67969
86041.47656
86082.63281
86148.47656
86192.97656
86227.67969
86264.13281
86370.92969
86414.97656
86418.97656
86450.38281
86489.38281
86511.92969
86548.57813
86569.97656
86608.53125
86655.47656
86694.67969
86722.53125
86757.72656
86792.38281
86893.13281
86953.72656
86996.63281
87032.57813
87065.82813
87123.07813
87159.97656
87238.63281
87314.13281
87318.78125
87376.03125
87418.38281
87452.17969
87522.63281
87555.03125
87592.07813
87663.57813
87668.03125
87733.32813
87797.07813
87859.88281
87896.07813
87932.67969
87993.13281
88063.88281
88107.13281
88163.57813
88288.47656
88349.72656
88390.13281
88436.97656
88476.32813
88520.72656
88574.53125
88621.88281
88699.97656
88740.07813
88768.28125
88800.28125
88849.07813
88919.13281
88948.28125
88970.82813
89039.97656
89112.67969
89216.97656
89367.07813
89430.03125
89503.32813
89576.07813
89624.28125
89665.32813
89703.42969
89747.42969
89765.32813
89791.47656
89837.53125
89858.57813
89887.32813
89933.13281
89969.53125
90030.22656
90064.07813
90096.32813
90190.13281
90279.67969
90361.07813
90471.47656
90572.03125
90632.28125
90662.17969
90713.88281
90733.38281
90773.97656
90809.07813
90815.67969
90853.88281
90857.63281
90885.78125
90916.82813
90943.17969
90998.28125
91046.42969
91079.28125
91109.67969
91143.32813
91181.63281
91268.13281
91318.72656
91374.22656
91521.28125
91564.07813
91611.72656
91679.28125
91729.17969
91763.13281
91807.03125
91833.78125
91872.28125
91891.88281
91922.97656
91932.42969
91961.07813
91992.47656
92034.82813
92081.17969
92116.88281
92161.53125
92193.97656
92241.82813
92305.47656
92341.42969
92421.53125
92478.72656
92517.92969
92564.53125
92644.13281
92683.07813
92728.67969
92765.22656
92800.07813
92848.72656
92887.97656
92930.47656
92959.97656
92992.42969
93026.17969
93051.78125
93092.53125
93124.67969
93154.53125
93201.22656
93225.32813
93298.57813
93301.47656
93452.57813
93526.78125
93581.28125
93699.67969
93702.57813
93765.22656
93816.67969
93833.63281
93905.22656
93938.92969
93984.97656
94019.67969
94049.03125
94104.32813
94143.67969
94182.38281
94188.53125
94224.82813
94252.72656
94302.13281
94337.97656
94384.47656
94444.42969
94509.97656
94584.28125
94681.03125
94692.72656
94734.38281
94766.22656
94813.07813
94919.38281
94989.63281
95032.63281
95037.28125
95113.22656
95150.17969
95188.13281
95192.03125
95232.97656
95278.47656
95335.42969
95398.53125
95465.32813
95517.88281
95565.07813
95569.92969
95624.13281
95668.88281
95745.17969
95783.47656
95812.28125
95857.72656
95911.38281
95960.67969
95988.72656
96073.92969
96116.97656
96164.72656
96212.13281
96270.82813
96450.03125
96510.97656
96556.53125
96624.07813
96706.78125
96778.72656
96818.78125
96871.38281
96903.57813
96950.17969
96982.22656
97018.03125
97056.13281
97102.88281
97171.67969
97214.32813
97244.88281
97303.88281
97375.67969
97410.63281
97503.17969
97595.53125
97598.03125
97703.13281
97744.07813
97806.28125
97890.38281
97933.42969
97988.13281
98034.97656
98079.97656
98112.88281
98187.88281
98192.28125
98252.28125
98274.07813
98303.28125
98323.72656
98360.63281
98403.67969
98430.67969
98474.28125
98517.32813
98657.67969
98702.03125
98707.32813
98803.32813
98858.32813
98897.92969
98974.78125
99016.57813
99110.22656
99113.88281
99154.38281
99185.78125
99220.38281
99237.47656
99292.07813
99330.28125
99379.97656
99424.42969
99468.63281
99593.72656
99645.13281
99692.07813
99725.67969
99765.82813
99856.97656
99902.42969
99984.03125
100045.4766
100081.2813
100095.6797
100179.1328
100232.2266
100254.7813
100283.2266
100302.9766
100332.8281
100375.2813
100413.2266
100485.6797
100529.6797
100586.5313
100737.8828
100820.1328
100880.2813
100952.8828
100983.3281
101035.9766
101069.2813
101096.2266
101182.1328
101212.6797
101253.0781
101289.3281
101320.6328
101348.9766
101370.6328
101419.1328
101545.5313
101600.4297
101642.7813
101677.4766
101720.0781
101785.4766
101827.4766
101859.7813
101890.3828
101944.8281
101987.9766
102040.6328
102074.0781
102149.8281
102227.3828
102262.0781
102332.0781
102398.0781
102451.2813
102496.8828
102560.6328
102626.2813
102697.0313
102728.1328
102782.8828
102888.4766
102944.0313
102977.1797
103032.7813
103133.6797
103136.9766
103195.3828
103268.0313
103343.4297
103381.7813
103417.2266
103465.5313
103499.0313
103544.5313
103587.2813
103593.5781
103655.3281
103723.6797
103798.5781
103874.6797
103915.1797
103952.0781
103990.2266
104012.4766
104053.7813
104077.2813
104109.4766
104167.8828
104206.4297
104303.6797
104344.1797
104421.1328
104465.3281
104521.2266
104598.6328
104709.5781
104740.1797
104843.4297
104893.4297
104911.2266
104917.5781
104963.5781
105006.7266
105032.4766
105073.2266
105124.1328
105161.6797
105204.5781
105258.1797
105298.5781
105342.7813
105349.0313
105504.2813
105616.8828
105646.3828
105738.3281
105792.3281
105854.9766
105877.4297
105922.4297
105958.8828
106001.3828
106034.7266
106048.5781
106081.2813
106113.5781
106144.3828
106192.1328
106219.9766
106243.7266
106346.2266
106370.6797
106463.3828
106497.3828
106576.9297
106626.9297
106684.4297
106758.1797
106765.1797
106803.4766
106807.3828
106919.2813
106949.3281
107012.8281
107036.8828
107094.0313
107130.9297
107198.5781
107226.9766
107241.1328
107283.1328
107310.5313
107337.7813
107368.8281
107412.6797
107467.9766
107498.0313
107574.9297
107625.6797
107671.8281
107768.6797
107794.7266
107854.5781
107902.9297
107965.3828
107999.1328
108036.7813
108066.0781
108104.0313
108139.3828
108146.7813
108184.3281
108211.8281
108242.6328
108291.7266
108332.9766
108389.0781
108413.7266
108418.5781
108459.5313
108461.2266
108513.9766
108576.1328
108643.6328
108776.3828
108850.5781
108889.1328
108960.1797
108991.2266
109000.3281
109036.8828
109078.4297
109138.2813
109153.6797
109213.1328
109265.5313
109336.9297
109366.4297
109423.5313
109459.3281
109499.5781
109568.9766
109626.2266
109685.5313
109721.3828
109760.6797
109834.7266
109943.1797
109988.1328
110052.6328
110131.8828
110204.3281
110244.2266
110286.3281
110345.7266
110411.9766
110466.6797
110506.0781
110570.6328
110619.6328
110660.3828
110695.6328
110727.4766
110793.6328
110860.9297
110908.1328
110942.3281
110992.3828
111004.2266
111016.6797
111061.1328
111125.0781
111184.5313
111224.4297
111275.9766
111332.6328
111437.0313
111564.3281
111619.6797
111678.7813
111722.4297
111730.2813
111773.8281
111812.9297
111849.2813
111875.8828
111909.6328
111927.0781
111941.4766
111976.8281
111988.7266
112011.4766
112042.2813
112088.0313
112127.4297
112164.1797
112233.2266
112257.0313
112297.2266
112384.9297
112444.8281
112515.4766
112575.2813
112669.6328
112723.8281
112769.0313
112799.9766
112849.7813
112900.8828
112939.6797
112973.7266
113013.1797
113021.1797
113069.7813
113113.9766
113137.5781
113141.3281
113202.1328
113251.4297
113280.1328
113365.5313
113389.7266
113401.6797
113483.8828
113547.0781
113583.8828
113591.1328
113595.8828
113646.8281
113679.4766
113733.0313
113763.9766
113808.3828
113858.0781
113902.7813
113938.8281
113966.7813
113996.7813
114036.4297
114056.4297
114092.6328
114132.7813
114177.6328
114188.7813
114231.0313
114269.3828
114300.6797
114365.8828
114467.5313
114515.5781
114650.2266
114715.1328
114764.0781
114799.4297
114848.9297
114880.2266
114927.1328
114961.8828
114998.3281
115016.2813
115067.4766
115093.7813
115115.8281
115160.9766
115196.2266
115226.5781
115264.9297
115292.7813
115331.9297
115369.8828
115394.2813
115452.3281
115528.8828
115585.4297
115636.2813
115655.6328
115730.2813
115845.7813
115871.3828
115896.6797
115923.6797
115947.6328
115967.1797
115990.5313
116014.0313
116057.1328
116106.7813
116138.8281
116159.1328
116203.7813
116230.5781
116279.5781
116328.3828
116405.9297
116457.4297
116495.5781
116535.9766
116540.9766
116592.6328
116646.8828
116706.3828
116744.7813
116749.3828
116848.3828
116892.6328
116924.9766
116970.9766
117003.2813
117038.1797
117081.8281
117153.4297
117195.1328
117261.8828
117342.5313
117387.4297
117430.1328
117464.8281
117506.7266
117549.0313
117554.0781
117625.3828
117672.1797
117714.3828
117758.9297
117815.4766
117894.8281
117940.9297
117969.6328
118077.9297
118083.7813
118136.4297
118248.5313
118428.0781
118451.2266
118515.3828
118552.0781
118595.0313
118625.1328
118679.6797
118712.1797
118735.1797
118767.7813
118803.0781
118824.7266
118836.8828
118897.7813
118931.4297
118958.0781
118977.1328
119007.7813
119044.9766
119077.3828
119099.7813
119138.7266
119183.0313
119242.3828
119331.3828
119381.7813
119475.5781
119514.6797
119583.8828
119680.4766
119709.4766
119767.4766
119793.6328
119839.9766
119849.3828
119886.3828
119927.2813
119953.0313
120005.2813
120031.8281
120074.6328
120092.0313
120125.8281
120142.7266
120164.3828
120240.4297
120276.3281
120336.5781
120430.3281
120481.9297
120563.9297
120623.0313
120689.1797
120760.7813
120800.5313
120823.7813
120872.3281
120880.8828
120928.5313
120953.5781
120988.5781
121019.8828
121036.7266
121053.9297
121091.2266
121133.8828
121195.3281
121226.7813
121266.6328
121319.7813
121454.0781
121545.9297
121645.7813
121657.3828
121688.3281
121706.2266
121722.1797
121800.6797
121835.0313
121867.1328
121913.5313
121962.0313
121984.8281
122011.4297
122050.4297
122092.8828
122136.9297
122168.7266
122205.6797
122211.5313
122256.0313
122323.4297
122366.5781
122416.0781
122646.8281
122792.6328
122826.2266
122866.3281
122906.3828
122951.0781
122983.1797
123008.9766
123043.8281
123063.8828
123083.7813
123124.2266
123152.8828
123238.1797
123343.2813
123405.9297
123470.4297
123504.7266
123559.9766
123654.6328
123697.3828
123762.8828
123821.8281
123887.6797
123932.7813
123979.5313
124046.5313
124098.8828
124151.7266
124186.6328
124263.2813
124290.1797
124364.6797
124477.3828
124516.3828
124578.2813
124624.0313
124677.8281
124746.6797
124796.5313
124854.8828
124896.4297
124976.3281
125013.2813
125066.8828
125171.5313
125212.5781
125282.2266
125332.3281
125379.4766
125452.1797
125497.2813
125530.5313
125587.9766
125625.5313
125711.4766
125765.9766
125809.3281
125855.9297
125932.2266
125974.8281
126070.0781
126157.6797
126159.4297
126199.6328
126272.2266
126369.5313
126440.4766
126491.8281
126536.9297
126571.8281
126652.1328
126689.6797
126747.4297
126790.3828
126836.9766
126899.8828
126964.2813
127059.2266
127098.7266
127177.8281
127241.2266
127316.6328
127401.7813
127459.8281
127504.0313
127567.1797
127685.9297
127722.1328
127759.9297
127819.3281
127824.0313
127875.5313
127925.1797
127980.6797
128071.0781
128097.4766
128159.0313
128224.2266
128230.6328
128333.9297
128389.6328
128433.3281
128497.2813
128545.2266
128597.2266
128635.3281
128660.7813
128669.1328
128723.5781
128825.9766
128857.7813
128879.5781
128942.6797
129035.0313
129088.9297
129179.9766
129241.2813
129279.8828
129401.0781
129449.2266
129487.6328
129541.7813
129608.6797
129653.9297
129694.9766
129736.3281
129796.1797
129818.8281
129888.3281
129982.1328
129989.8281
130031.2813
130098.1797
130156.3281
130228.4766
130312.9766
130354.3828
130390.7813
130484.6797
130556.5781
130600.7813
130631.4297
130677.3281
130711.1797
130786.4766
130891.6328
130941.7266
131028.8828
131065.9766
131164.875
131224.7813
131262.0313
131321.875
131373.8281
131426.4375
131520.9375
131550.9375
131620.7344
131739.1875
131802.7344
131850.875
131938.7813
131976.7813
132022.5313
132066.875
132129.7813
132179.9375
132293.8281
132297.2344
132385.2813
132440.0313
132499.875
132566.9844
132599.5781
132692.6875
132811.4844
132843.4375
132898.7344
133016.0313
133057.125
133108.0781
133198.7813
133279.625
133311.125
133318.5781
133372.0781
133420.4844
133430.7813
133547.7813
133598.1875
133658.7813
133739.4844
133831.5781
133883.0313
133918.7344
133999.4844
134094.1875
134124.625
134207.4844
134245.2813
134286.375
134337.625
134405.2813
134504.375
134541.7813
134606.2344
134646.0313
134741.5313
134825.0313
134861.4844
134929.6875
135003.8281
135031.7344
135143.6875
135145.125
135200.8281
135253.9844
135293.2813
135339.625
135384.8281
135438.9375
135487.0781
135529.625
135555.5313
135611.8281
135669.5781
135710.7344
135763.9375
135810.9844
135873.5781
135913.5313
136017.625
136067.4844
136152.0313
136211.8281
136251.875
136310.4375
136353.0313
136385.5781
136404.4844
136443.5313
136470.9844
136472.9844
136480.625
136551.6875
136625.4375
136696.9375
136752.0313
136807.4375
136873.4844
136951.9375
136980.2813
137049.0313
137104.4375
137137.5313
137222.375
137303.1875
137357.9375
137427.625
137460.8281
137502.2813
137532.2813
137539.3281
137630.7813
137680.7344
137731.2813
137775.0313
137850.3281
137903.0313
137954.9844
138048.2813
138077.7344
138125.0781
138208.4844
138253.2344
138308.0781
138343.4844
138381.4375
138433.0781
138470.8281
138543.4375
138590.8281
138658.875
138707.4375
138763.9375
138867.3281
138896.125
138962.7344
138991.8281
139011.4375
139125.625
139178.375
139258.4375
139299.2813
139343.1875
139436.7344
139472.125
139534.9844
139580.3281
139624.1875
139662.875
139715.375
139763.875
139829.4375
139902.125
139938.6875
140039.0781
140144.2813
140214.4844
140251.0313
140305.125
140346.6875
140391.1875
140476.6875
140506.7344
140534.9375
140553.7813
140588.2344
140611.7344
140652.875
140687.0313
140753.4844
140795.7344
140854.7813
140913.5313
140939.2813
140969.375
141104.2813
141136.5781
141157.5781
141205.8281
141247.5781
141295.7813
141345.875
141397.2813
141427.8281
141465.0313
141516.4844
141541.1875
141577.6875
141611.8281
141632.9844
141660.2813
141716.625
141759.625
141781.7813
141841.4375
141925.7344
142017.1875
142038.2813
142079.4844
142143.6875
142192.5313
142262.875
142300.125
142328.625
142381.0313
142440.9375
142477.9844
142512.1875
142548.9375
142584.9375
142605.625
142630.7344
142652.0313
142686.3281
142722.5781
142799.0313
142940.375
142988.6875
143064.7813
143081.0313
143146.3281
143238.8281
143273.625
143313.9375
143351.8281
143418.5781
143467.375
143510.875
143574.0781
143579.4375
143616.5781
143644.4375
143672.5313
143700.2813
143743.5781
143785.5781
143835.8281
143864.7344
143910.0313
143977.4844
144015.8281
144063.3281
144071.0781
144134.7344
144193.7813
144239.9375
144352.2344
144363.4375
144408.125
144479.5313
144528.5313
144607.5313
144654.5313
144684.4375
144717.375
144752.3281
144776.875
144804.2344
144816.1875
144853.2344
144947.7813
145033.9844
145080.7344
145117.7344
145163.0313
145215.8281
145269.4375
145302.3281
145339.6875
145373.6875
145428.2813
145468.375
145530.9375
145572.5313
145634.4844
145665.3281
145731.3281
145791.3281
145834.2344
145882.375
145884.0781
145927.7344
145986.8281
146023.4844
146028.7813
146094.375
146136.5781
146166.2344
146198.625
146282.2344
146321.2813
146349.0781
146392.5313
146472.2344
146528.1875
146556.6875
146610.875
146640.0313
146683.9375
146688.125
146764.875
146847.4844
146891.125
146941.875
146997.7813
147025.6875
147093.8281
147165.125
147211.7813
147249.2344
147302.4375
147379.1875
147451.7813
147487.8281
147532.625
147581.7813
147633.9844
147663.4844
147704.125
147732.875
147783.8281
147836.6875
147865.4375
147892.4375
147961.125
148017.875
148074.7813
148154.7344
148208.8281
148255.2344
148313.4375
148377.4844
148415.375
148475.7813
148491.4375
148552.7344
148603.0313
148635.375
148668.625
148711.5781
148752.375
148784.7813
148803.125
148854.125
148918.125
148939.6875
148960.7344
149001.0313
149050.4375
149101.1875
149142.9844
149215.2813
149277.625
149316.4844
149354.9375
149401.6875
149448.0313
149482.875
149539.0313
149597.2344
149626.3281
149650.0781
149711.5781
149772.6875
149801.7344
149833.1875
149859.7813
149922.1875
149994.5781
150051.625
150148.1875
150209.6875
150276.0313
150355.7344
150374.5313
150424.7344
150458.9375
150524.4844
150561.625
150605.125
150621.0781
150698.6875
150731.0313
150774.1875
150814.4844
150860.9375
150906.5781
151023.375
151051.375
151105.1875
151212.4375
151254.7813
151336.8281
151402.875
151455.4375
151507.0781
151571.6875
151617.2344
151659.0781
151713.3281
151760.2813
151792.4375
151835.2813
151868.1875
151900.3281
151931.375
151965.9844
151998.7344
152025.9844
152104.0313
152136.0313
152171.7344
152223.625
152284.2813
152339.7813
152418.8281
152446.4375
152533.9844
152557.1875
152615.0781
152646.0313
152703.875
152709.9844
152749.2813
152804.4844
152853.2344
152879.9844
152942.375
153014.0313
153051.6875
153079.875
153131.2344
153180.125
153235.5781
153287.9844
153380.6875
153415.6875
153453.4844
153528.0313
153557.8281
153604.9844
153653.9844
153713.7344
153774.6875
153823.375
153854.5313
153920.5313
153967.4844
154024.125
154067.8281
154148.4375
154185.7344
154206.875
154327.1875
154372.0313
154383.875
154457.125
154490.625
154569.5313
154638.4844
154686.8281
154775.4844
154812.5781
154836.3281
154879.625
154914.8281
154955.8281
155017.0781
155070.9844
155118.9844
155171.125
155283.9375
155344.7344
155348.8281
155402.7344
155447.875
155545.625
155589.7813
155621.0313
155674.125
155788.9375
155851.4375
155894.3281
155943.0781
155995.0781
156040.2344
156073.9844
156096.0313
156142.3281
156183.7813
156268.8281
156305.125
156346.1875
156395.2344
156484.7813
156522.6875
156585.9375
156642.0781
156677.4375
156729.8281
156798.2813
156866.2813
156918.2813
156972.2813
157033.5781
157069.5313
157134.4375
157169.6875
157221.375
157257.0313
157304.9375
157353.6875
157423.1875
157466.625
157519.4844
157574.375
157631.7813
157701.2813
157775.7813
157862.0313
157896.6875
157952.7344
157985.2813
158015.2813
158087.0781
158146.5313
158175.625
158216.2813
158255.6875
158299.0313
158358.9375
158409.1875
158469.3281
158529.3281
158596.7813
158632.0781
158732.2344
158787.9375
158828.6875
158876.5313
158913.0781
158988.875
159040.1875
159084.9375
159164.875
159168.8281
159268.9844
159307.9375
159347.9375
159386.875
159392.1875
159434.8281
159484.0313
159530.0781
159581.9844
159662.875
159756.8281
159810.8281
159867.5781
159927.875
160008.5313
160040.9844
160072.0781
160106.8281
160144.7344
160155.9844
160205.2813
160267.4375
160316.375
160361.0781
160408.7813
160451.1875
160492.2813
160538.0781
160562.875
160583.875
160666.0313
160712.7813
160748.0781
160783.8281
160836.0313
160900.6875
160933.875
160970.8281
161018.4375
161089.2813
161142.5313
161180.0781
161219.9844
161259.4844
161276.1875
161368.1875
161407.3281
161434.4844
161497.9375
161548.7813
161570.875
161643.4375
161676.3281
161720.0313
161799.3281
161804.0313
161853.375
161896.3281
161937.7813
161985.7813
162038.0781
162122.2344
162162.2813
162213.0781
162270.6875
162321.9844
162347.2813
162393.2813
162416.9844
162456.3281
162498.0781
162541.2813
162578.2344
162631.2344
162638.0313
162670.4844
162701.375
162733.0781
162789.9844
162833.9375
162935.9844
162978.7344
163022.375
163090.8281
163196.375
163235.0781
163296.3281
163347.1875
163371.1875
163419.2813
163460.0313
163503.7344
163549.625
163578.6875
163601.375
163646.625
163678.2813
163723.0313
163809.9844
163879.2344
164014.9844
164060.375
164140.9844
164194.3281
164232.2344
164264.0781
164322.8281
164364.7813
164396.125
164455.7344
164478.375
164562.1875
164609.5313
164631.1875
164666.3281
164706.375
164742.7344
164794.5781
164849.0313
164920.4375
164955.0781
165033.7813
165068.375
165135.7344
165177.375
165271.1875
165300.2344
165341.625
165377.0313
165434.8281
165484.7344
165538.1875
165576.5313
165618.2344
165643.7813
165697.8281
165732.7813
165766.7813
165839.8281
165876.7813
165930.0781
165983.2344
166043.0781
166083.2344
166132.7344
166162.4375
166207.125
166295.2344
166346.1875
166400.0781
166437.2813
166473.6875
166524.9375
166574.3281
166621.6875
166625.4375
166693.875
166730.9375
166758.6875
166812.3281
166860.9375
166886.375
166924.9844
166972.0781
167012.375
167061.3281
167123.2813
167153.375
167234.4375
167277.5781
167365.875
167372.375
167437.6875
167482.6875
167569.375
167619.3281
167680.875
167716.2344
167744.0313
167787.375
167837.375
167874.7813
167932.875
167998.9844
168029.2344
168074.2344
168147.625
168212.2344
168242.9844
168247.0781
168301.4844
168338.3281
168343.9375
168444.0313
168483.125
168536.9375
168583.0313
168622.9375
168651.5313
168697.125
168730.4375
168793.4844
168824.0313
168857.375
168915.9844
169005.125
169048.375
169128.6875
169176.5313
169264.5781
169302.7344
169323.4844
169415.9844
169462.0781
169520.6875
169565.6875
169615.7813
169654.125
169690.625
169727.375
169757.5781
169797.4844
169833.9844
169876.4375
169899.2344
169958.125
169989.375
170052.125
170132.2344
170241.2813
170322.4375
170336.375
170461.2344
170525.625
170565.7813
170605.9375
170647.4844
170686.375
170687.8281
170731.3281
170792.2344
170837.0781
170878.0781
170916.9844
170959.9844
170996.875
171022.4375
171057.6875
171107.0781
171174.0781
171307.2813
171323.875
171377.0781
171420.1875
171490.1875
171544.8281
171586.0313
171618.3281
171661.875
171700.625
171743.125
171751.375
171805.9844
171841.0781
171883.4375
171916.875
171948.5313
172011.8281
172074.875
172133.0781
172191.8281
172224.4375
172326.9375
172385.2813
172435.5781
172476.7813
172522.125
172565.4844
172603.875
172660.4375
172706.9375
172747.2813
172789.0313
172834.8281
172862.6875
172904.5781
172937.5781
172973.8281
173004.375
173043.0781
173072.8281
173131.9844
173186.9844
173227.6875
173244.9844
173282.7813
173337.3281
173428.7344
173458.6875
173470.4844
173498.4375
173564.0313
173616.625
173669.1875
173674.1875
173703.875
173727.5313
173786.3281
173825.0313
173850.0781
173880.8281
173912.1875
173956.0313
173981.2344
174031.8281
174061.3281
174100.0313
174138.0313
174210.7344
174287.6875
174329.9375
174362.0313
174406.625
174479.4375
174510.2344
174573.625
174630.2344
174646.2344
174685.375
174737.125
174807.625
174856.4844
174906.2813
174912.1875
174954.125
175012.1875
175058.2813
175117.7813
175187.8281
175224.375
175249.2813
175307.2813
175355.875
175388.5313
175423.2344
175467.4844
175542.5313
175580.6875
175644.2344
175709.7813
175756.2344
175800.6875
175858.875
175911.125
175969.6875
176034.5781
176067.875
176149.625
176180.7344
176286.4375
176348.0781
176390.625
176395.625
176439.875
176506.4844
176616.3281
176670.625
176731.8281
176787.0313
176841.0313
176913.1875
176957.9844
177002.375
177040.4375
177109.4844
177114.4375
177142.3281
177173.4844
177198.9375
177231.3281
177279.4375
177341.7813
177379.625
177411.4844
177482.2813
177582.6875
177632.3281
177677.2344
177754.3281
177797.625
177850.8281
177905.6875
177960.0313
178034.375
178092.2344
178131.625
178167.1875
178204.875
178245.7344
178286.9844
178321.0781
178356.3281
178393.3281
178420.9375
178449.4844
178574.5781
178643.5313
178690.3281
178740.7813
178792.8281
178888.125
178892.0781
178949.4375
178994.125
179041.3281
179075.7344
179110.6875
179146.7344
179180.9375
179219.4375
179250.875
179291.5313
179343.6875
179350.2344
179385.9375
179438.0781
179497.0781
179546.875
179582.7813
179612.9844
179693.9844
179788.0781
179840.9844
179878.4375
179949.3281
179987.5313
180068.9375
180110.625
180169.375
180216.875
180253.0313
180279.375
180305.4844
180368.2344
180381.6875
180438.3281
180476.7344
180536.4844
180589.9375
180641.1875
180691.7344
180767.375
180824.2344
180872.9375
180917.2344
180972.625
181031.7344
181089.5781
181126.7813
181152.1875
181179.8281
181224.625
181264.375
181298.125
181347.8281
181419.5313
181422.7344
181468.875
181514.7813
181567.2344
181638.3281
181699.0781
181746.0781
181782.6875
181838.4375
181899.9375
181933.9844
181998.4844
182034.375
182076.5781
182114.3281
182177.9844
182213.2813
182248.5313
182289.125
182337.2813
182374.5781
182426.9844
182459.2344
182510.4375
182541.6875
182568.8281
182619.1875
182667.375
182740.3281
182856.125
182907.625
182945.7344
183005.0781
183043.8281
183076.0313
183117.6875
183124.7344
183215.625
183268.0781
183308.625
183343.7813
183379.2813
183416.9375
183482.2344
183525.4375
183602.0313
183666.9375
183731.6875
183768.125
183800.0313
183842.1875
183896.2344
183961.7813
184012.5313
184056.3281
184109.2344
184148.2344
184178.125
184213.6875
184274.1875
184333.9844
184369.7344
184410.2344
184450.5781
184507.7813
184554.1875
184616.1875
184664.5781
184738.7813
184768.7344
184801.375
184845.1875
184901.125
184950.3281
185038.0781
185105.375
185138.1875
185189.4844
185309.9375
185375.8281
185439.5781
185485.4844
185527.9375
185583.5781
185637.5313
185668.7813
185712.8281
185793.5781
185838.7344
185914.625
185995.3281
186048.1875
186105.375
186171.0313
186210.875
186294.125
186326.4844
186371.1875
186455.2813
186459.6875
186510.5313
186547.625
186594.7813
186619.5313
186641.9375
186655.4844
186709.625
186748.375
186786.9844
186850.2344
186900.7344
186958.625
187014.0781
187042.4375
187106.0781
187148.875
187178.0781
187232.4844
187277.7344
187327.4375
187363.7344
187393.7344
187440.625
187481.3281
187519.875
187567.625
187657.875
187705.1875
187753.375
187816.7344
187855.5781
187927.7813
187965.7813
188030.2813
188064.0781
188096.375
188128.9844
188177.0313
188291.4375
188344.125
188412.1875
188435.4375
188481.9375
188520.2813
188604.7344
188680.2344
188703.125
188715.7344
188764.4375
188857.4844
188886.7344
188911.1875
188940.875
188979.7813
189014.2344
189051.3281
189091.6875
189125.8281
189201.9844
189252.7813
189335.875
189401.625
189439.7813
189478.4844
189516.1875
189571.2813
189639.5781
189699.2813
189743.1875
189781.9375
189818.4375
189883.9375
189925.3281
189956.7344
189993.4844
190041.7344
190077.0313
190122.1875
190155.2344
190199.375
190239.6875
190296.875
190349.0781
190392.9844
190461.5781
190501.4844
190542.4375
190614.625
190651.7344
190723.5313
190760.0313
190830.1875
190840.5781
190927.625
190976.625
191037.9844
191071.875
191104.4375
191154.375
191194.0313
191258.8281
191295.1875
191352.125
191376.875
191418.9844
191491.4375
191559.5313
191646.5781
191707.4375
191760.7813
191830.125
191857.3281
191911.1875
191960.625
191995.2813
192039.7813
192064.9844
192094.375
192148.4375
192187.7813
192225.7813
192289.0313
192331.2813
192412.2813
192501.625
192534.9375
192575.0313
192604.6875
192641.9375
192684.375
192727.2344
192758.5313
192816.0781
192862.0781
192900.8281
192984.9844
193053.5781
193113.0781
193116.6875
193177.6875
193243.0313
193264.8281
193307.0781
193346.6875
193382.125
193418.1875
193483.2813
193526.9375
193558.5781
193595.1875
193644.1875
193683.875
193737.9844
193788.5781
193795.375
193876.7344
193912.5781
193943.625
193988.5781
194071.2813
194109.3281
194150.9844
194184.9375
194242.2344
194301.7344
194343.0781
194405.875
194459.1875
194496.7344
194531.375
194579.9375
194664.4375
194697.9844
194734.4375
194804.6875
194808.9844
194875.5313
194957.6875
194997.375
195063.4844
195100.3281
195151.9844
195201.2813
195242.875
195266.4375
195313.2813
195361.9375
195434.625
195439.5313
195503.625
195537.625
195621.2813
195633.7813
195697.875
195721.0781
195772.2813
195810.7813
195875.4375
195989.2344
196021.125
196104.4375
196146.9375
196224.9844
196262.8281
196337.7344
196378.625
196408.4375
196454.125
196497.1875
196556.2813
196586.7813
196618.8281
196654.4844
196716.625
196757.625
196807.7344
196858.8281
196902.5313
196980.1875
197014.375
197065.375
197136.4844
197177.5781
197223.125
197297.1875
197325.9844
197348.2344
197394.875
197453.7344
197503.3281
197551.2344
197603.9844
197655.3281
197699.5313
197705.5313
197741.7813
197796.625
197838.7344
197884.125
197918.4375
197976.2344
198018.875
198065.2813
198126.375
198133.125
198181.4844
198186.2344
198263.6875
198294.625
198334.9844
198374.7813
198407.0781
198499.0781
198515.125
198588.2813
198673.9375
198713.5313
198754.375
198786.6875
198841.9844
198895.2813
198948.6875
198999.3281
199039.0313
199085.1875
199133.5781
199198.375
199224.8281
199279.5313
199344.5781
199380.2813
199430.875
199472.7344
199507.1875
199537.8281
199607.125
199642.4375
199721.1875
199777.6875
199812.9844
199856.2344
199906.9375
199946.2344
200014.9375
200050.1875
200096.375
200123.7344
200187.5313
200237.5313
200305.5781
200350.2344
200374.7344
200412.0781
200460.375
200515.2813
200567.9844
200608.7344
200678.4375
200715.125
200761.0781
200839.5781
200865.8281
200957.375
200984.7813
201025.2344
201047.7813
201083.1875
201140.4844
201181.1875
201213.0781
201221.0313
201287.1875
201319.7813
201351.8281
201381.7813
201411.5313
201440.2813
201499.5781
201568.0781
201623.8281
201704.875
201751.7344
201792.4844
201830.4375
201871.875
201917.7813
201954.875
202001.4375
202038.8281
202045.0313
202088.9844
202111.2344
202183.4844
202220.4375
202256.125
202293.8281
202334.5781
202373.6875
202421.7344
202470.375
202512.1875
202562.5781
202599.125
202658.3281
202714.9375
202748.2813
202799.1875
202845.875
202881.0781
202920.0781
202944.125
203038.5313
203062.9844
203095.8281
203135.6875
203182.2344
203218.3281
203254.875
203294.5313
203323.9844
203345.5313
203378.4844
203405.4375
203472.3281
203502.0781
203524.375
203563.6875
203612.2813
203666.375
203718.5781
203767.3281
203814.875
203864.125
203905.875
203937.8281
204009.7344
204041.9375
204114.4844
204147.375
204151.2813
204197.8281
204230.875
204282.625
204327.875
204331.875
204370.9375
204417.4844
204443.8281
204444.5313
204448.125
204511.9844
204567.4375
204600.5313
204669.7813
204727.625
204795.375
204846.7344
204909.5781
204940.4844
204972.7344
205050.8281
205088.0781
205178.3281
205230.2813
205274.9844
205280.7344
205384.1875
205411.4375
205438.4844
205501.875
205539.625
205574.6875
205604.9844
205647.625
205687.125
205725.875
205760.6875
205825.9844
205877.9844
205936.2813
205966.0313
206011.6875
206069.9375
206098.5313
206163.7344
206220.7344
206254.1875
206291.9844
206320.8281
206375.0313
206422.125
206467.2344
206469.6875
206473.2813
206540.0313
206580.4844
206636.625
206662.5313
206687.9375
206736.7813
206802.875
206853.5781
206896.375
206937.6875
206978.125
207028.2344
207055.7344
207101.4375
207165.0781
207198.7813
207242.9375
207265.625
207297.4375
207344.2813
207422.2813
207476.2344
207510.5781
207555.3281
207597.1875
207633.3281
207662.9844
207707.875
207759.5313
207801.9844
207875.875
207913.5313
207976.3281
208011.875
208043.625
208084.2813
208117.625
208165.5781
208220.0781
208247.2344
208303.9375
208375.125
208405.6875
208462.9844
208513.625
208575.9375
208617.7344
208686.4375
208726.375
208762.7344
208811.9844
208858.8281
208902.875
208930.7813
209003.125
209079.1875
209151.9844
209189.625
209224.0313
209251.3281
209285.375
209359.5781
209413.375
209472.7344
209551.9844
209579.5313
209620.9844
209673.4844
209804.4844
209838.125
209874.3281
209961.7813
210011.5781
210020.8281
210077.5781
210106.2344
210142.5781
210205.5781
210239.0313
210318.4844
210377.7813
210419.7344
210441.2813
210496.2813
210528.7344
210583.2344
210637.3281
210707.8281
210749.9844
210840.0313
210892.8281
210940.5313
210974.9375
211006.9844
211044.4844
211092.4844
211138.9844
211202.0781
211243.3281
211283.9375
211302.2344
211361.9375
211418.9375
211483.2813
211517.6875
211567.0781
211601.4375
211614.0313
211674.4375
211710.8281
211716.9375
211774.625
211831.5313
211879.3281
211920.9375
211937.4844
211992.875
212022.5781
212066.5313
212119.0781
212197.2813
212237.9375
212243.7813
212294.875
212299.1875
212340.0781
212414.6875
212470.375
212525.1875
212570.875
212612.7813
212697.2813
212729.7813
212780.2813
212814.2344
212871.2813
212960.1875
213014.7344
213038.1875
213076.125
213143.2813
213188.125
213240.6875
213280.7344
213325.7344
213375.4844
213410.9844
213455.9844
213479.1875
213568.2344
213570.2813
213623.2813
213664.375
213769.1875
213807.9375
213858.0781
213910.2344
213968.3281
214010.875
214035.4844
214041.0313
214093.6875
214126.625
214155.2813
214202.7813
214248.2344
214312.9375
214359.1875
214413.6875
214461.5781
214518.2344
214554.4375
214601.375
214629.9375
214670.0781
214711.9844
214796.0781
214839.1875
214883.6875
214913.6875
214967.9844
215022.2813
215052.2813
215080.8281
215133.4375
215148.8281
215238.4375
215279.9844
215305.2344
215363.9375
215398.7813
215442.9375
215484.375
215540.2344
215581.0313
215614.0313
215646.5313
215692.1875
215695.375
215736.2344
215788.9375
215871.0313
215915.9844
215953.9844
216016.4844
216036.375
216084.125
216124.2344
216165.0313
216235.5781
216298.2813
216347.9844
216397.5781
216447.0313
216497.3281
216548.5313
216598.5781
216636.2344
216687.5313
216719.125
216776.125
216839.875
216874.9375
216957.375
217050.1875
217055.2813
217112.6875
217157.9375
217208.3281
217247.125
217288.8281
217338.625
217415.8281
217420.6875
217456.125
217503.0313
217547.9844
217587.8281
217632.2813
217676.4844
217748.2813
217784.875
217818.7344
217868.0781
217920.6875
217955.3281
217965.6875
218020.5781
218061.1875
218145.1875
218207.2813
218274.9375
218346.6875
218392.5313
218438.9844
218473.3281
218514.2813
218548.6875
218595.625
218633.2813
218673.4375
218722.2344
218754.2344
218800.4375
218893.2344
218929.6875
218968.7344
218974.3281
219026.625
219032.0781
219077.4375
219143.2344
219198.1875
219220.4375
219244.9844
219323.5781
219395.5313
219415.8281
219460.375
219499.2813
219539.2813
219588.2813
219640.0313
219702.9844
219723.7344
219789.2813
219837.4375
219871.0781
219911.7344
219917.4844
219940.2813
219981.1875
220068.4375
220115.6875
220155.6875
220198.4375
220237.125
220276.3281
220327.2344
220393.0781
220424.0781
220482.8281
220530.5313
220565.375
220595.5781
220636.5313
220691.7813
220737.4844
220782.7813
220820.8281
220857.3281
220882.7813
220929.125
220965.9844
221048.875
221078.2813
221135.8281
221165.4844
221190.7813
221236.2813
221252.9375
221285.3281
221333.1875
221401.1875
221434.6875
221483.5313
221530.2344
221570.1875
221610.4375
221656.9375
221704.0781
221753.375
221794.9844
221832.625
221923.3281
221959.9375
222004.0313
222008.875
222043.6875
222103.3281
222151.0313
222168.0781
222227.3281
222265.2344
222348.125
222384.3281
222401.7813
222445.8281
222527.125
222570.0313
222606.625
222648.2813
222688.5313
222725.2813
222770.625
222804.125
222853.7813
222887.4375
222967.8281
223004.2813
223046.1875
223084.625
223152.7344
223184.5781
223229.9375
223273.6875
223325.3281
223364.2813
223403.0313
223450.0313
223502.7813
223571.5781
223604.375
223654.6875
223685.9844
223724.4844
223752.0781
223785.4375
223823.875
223931.625
224005.2813
224045.7344
224137.2344
224164.375
224204.9844
224237.2813
224278.4375
224313.4375
224354.0313
224388.4375
224451.625
224483.7813
224514.5313
224545.875
224625.4844
224652.875
224704.0781
224743.6875
224776.5781
224811.5781
224856.375
224900.625
224976.2344
225031.2344
225061.2813
225087.3281
225120.7813
225157.3281
225204.1875
225260.5313
225287.1875
225338.5781
225402.5781
225447.3281
225482.4375
225519.5781
225563.5781
225623.6875
225661.4844
225700.3281
225729.6875
225780.5781
225827.5313
225856.3281
225892.375
225943.4844
226007.8281
226038.875
226079.6875
226110.0313
226149.1875
226221.375
226257.3281
226283.5781
226323.5313
226408.625
226441.5313
226483.0781
226553.375
226592.0781
226624.0781
226671.625
226679.2344
226723.9844
226781.0313
226808.4844
226860.875
226881.4375
226907.4375
226946.2813
226996.8281
227025.6875
227081.5313
227124.0781
227134.6875
227218.375
227268.0781
227300.9844
227346.2813
227393.4375
227417.7344
227468.2813
227484.8281
227529.2344
227605.5781
227649.0313
227714.2813
227754.4375
227793.1875
227819.4844
227854.4375
227886.6875
227942.9844
227948.375
228000.125
228004.5781
228058.375
228101.2813
228145.5781
228178.7813
228183.5313
228213.125
228283.3281
228290.2344
228332.9375
228411.0313
228441.375
228489.125
228529.5781
228569.7813
228637.9844
228675.0313
228687.0313
228728.625
228762.5781
228786.125
228791.5313
228816.7344
228871.6875
228911.0781
228992.6875
229034.5781
229081.2813
229119.4375
229146.375
229180.125
229216.375
229253.0781
229309.2344
229367.5781
229417.9375
229457.4844
229500.8281
229554.9375
229608.8281
229638.875
229679.125
229732.9375
229738.875
229800.4375
229874.375
229922.9844
229956.1875
229960.0781
229991.0781
230017.125
230061.7344
230107.4844
230174.6875
230243.375
230275.2344
230327.7344
230360.6875
230392.125
230438.875
230469.8281
230495.8281
230544.8281
230584.1875
230640.375
230645.0781
230692.3281
230728.375
230751.6875
230787.3281
230814.7813
230881.9844
230900.875
230933.625
230998.9375
231046.0313
231090.4844
231144.2344
231180.3281
231231.9844
231259.0781
231304.375
231329.0313
231380.2344
231415.125
231426.375
231461.0313
231490.7344
231520.375
231541.875
231580.3281
231610.0313
231659.5313
231692.625
231735.5313
231756.1875
231784.125
231839.4375
231845.6875
231891.3281
231923.4844
231966.0781
232041.1875
232077.2344
232112.875
232162.4375
232211.2813
232238.3281
232288.2344
232321.4844
232370.875
232396.3281
232454.8281
232495.4375
232540.7344
232558.125
232574.9375
232619.0781
232641.125
232678.875
232717.9844
232751.7813
232795.3281
232813.625
232841.0781
232862.2813
232893.9844
232917.2344
232993.7344
233038.7344
233082.9844
233114.4375
233165.2813
233169.4844
233243.8281
233265.7813
233294.7344
233320.6875
233350.5313
233384.0313
233408.3281
233482.4375
233525.0781
233554.1875
233629.3281
233667.5313
233701.125
233732.375
233740.2813
233769.1875
233830.375
233879.7813
233922.0313
233961.4375
234006.7344
234035.875
234068.2813
234097.4844
234102.1875
234152.0781
234176.5313
234222.5313
234259.6875
234305.5781
234346.3281
234376.4844
234400.4844
234436.375
234519.6875
234565.875
234622.8281
234659.7813
234707.3281
234723.2813
234765.4844
234799.6875
234837.7813
234886.5313
234913.8281
234942.4375
234968.4375
235014.8281
235053.4844
235080.4844
235106.375
235129.6875
235181.3281
235212.8281
235249.375
235291.125
235311.1875
235347.4844
235393.0781
235416.8281
235465.1875
235520.7813
235553.9844
235583.3281
235623.5313
235676.3281
235747.4844
235768.625
235809.3281
235852.9844
235883.625
235928.625
235986.875
236009.5313
236032.1875
236079.5313
236103.3281
236140.5781
236168.4375
236193.625
236243.1875
236287.0313
236333.4375
236388.3281
236430.5781
236471.2344
236477.4375
236528.875
236552.3281
236625.5313
236670.875
236701.625
236750.2344
236784.625
236820.5781
236846.625
236876.3281
236924.375
236971.375
237032.3281
237061.2344
237115.7344
237148.5781
237175.3281
237197.375
237222.375
237246.0313
237291.4375
237339.7344
237383.7813
237466.8281
237525.0781
237573.4375
237637.1875
237734.4375
237753.875
237817.0781
237858.5313
237910.3281
237942.5313
237955.7344
237999.1875
238019.7344
238060.125
238092.6875
238116.7344
238152.375
238177.8281
238218.6875
238272.7344
238314.875
238356.5313
238413.8281
238456.4844
238502.4844
238555.3281
238584.0313
238625.875
238656.2344
238684.7344
238733.125
238761.375
238784.625
238809.9375
238849.8281
238887.7344
238953.3281
238983.7813
239020.0781
239088.125
239117.875
239177.2344
239231.625
239235.2813
239290.3281
239339.4844
239384.0313
239443.375
239492.9375
239541.9844
239566.9375
239615.4375
239667.2813
239706.4375
239743.5781
239782.7813
239826.2813
239862.4375
239892.9844
239911.125
239948.0313
239959.4375
239993.5781
240022.9844
240062.8281
240110.2344
240182.3281
240226.9375
240266.2813
240312.0313
240358.8281
240376.625
240414.0313
240453.3281
240492.125
240544.2344
240579.125
240666.9844
240692.9375
240708.2813
240743.875
240788.9844
240852.7813
240894.625
240940.125
240975.875
241009.125
241042.1875
241109.4844
241114.0313
241147.375
241192.5781
241198.5313
241249.1875
241284.9375
241315.0313
241338.875
241387.6875
241419.5313
241453.1875
241502.3281
241563.9844
241600.875
241660.5313
241717.0313
241761.0313
241791.875
241815.9375
241863.7813
241907.625
241955.3281
241994.0781
242047.5781
242093.0313
242141.8281
242171.6875
242204.125
242229.0313
242268.6875
242308.0313
242330.625
242367.125
242441.9844
242528.8281
242574.7813
242614.6875
242648.3281
242676.7344
242720.0781
242770.7344
242828.5313
242882.2344
242912.0313
242975.0313
242987.3281
243023.9375
243076.6875
243121.7813
243162.9375
243210.4844
243249.875
243293.7344
243332.375
243364.4375
243405.875
243460.4844
243508.2813
243545.5313
243596.0313
243654.1875
243690.5313
243733.2813
243766.0781
243800.3281
243839.8281
243873.125
243897.4375
243938.9375
244012.5313
244050.625
244092.0781
244140.4844
244182.875
244221.0781
244268.3281
244330.7344
244375.0313
244416.2344
244448.3281
244487.7344
244523.5781
244576.5313
244619.8281
244665.0313
244693.875
244728.9375
244771.5781
244831.5781
244871.4844
244906.4844
244927.3281
244971.125
245020.2344
245090.0781
245124.375
245174.2813
245220.625
245253.375
245293.625
245323.9375
245367.6875
245407.5781
245453.3281
245490.625
245537.8281
245563.9375
245610.9375
245663.5313
245705.2813
245741.2813
245773.0313
245811.4844
245872.875
245906.625
245943.0313
245982.3281
246050.2813
246101.8281
246126.2344
246168.875
246207.125
246247.7813
246285.1875
246320.4375
246364.0781
246391.4375
246436.875
246477.5313
246533.6875
246568.1875
246604.125
246640.0781
246691.9844
246717.375
246766.9844
246796.0313
246838.7813
246876.2813
246920.5781
246963.9844
247025.625
247055.1875
247071.6875
247117.7813
247162.125
247190.4375
247236.4844
247303.6875
247342.7813
247390.0313
247443.6875
247483.8281
247514.6875
247553.8281
247591.375
247619.125
247670.1875
247696.7344
247765.4375
247812.375
247850.5781
247881.6875
247920.9375
247961.4375
247988.8281
248017.9375
248048.375
248087.4844
248092.3281
248134.4844
248174.1875
248220.9844
248273.0313
248317.2344
248354.2344
248394.5313
248422.8281
248465.375
248497.2344
248552.7344
248618.7813
248659.2813
248682.4375
248712.3281
248767.1875
248795.7813
248820.4375
248874.4375
248919.5781
248964.875
249006.8281
249043.875
249087.125
249120.1875
249152.875
249189.6875
249218.0781
249276.3281
249327.9844
249394.5313
249436.6875
249485.5313
249528.375
249566.1875
249611.4375
249659.8281
249698.2344
249726.4375
249775.7813
249811.125
249875.4844
249924.3281
249960.4375
250003.0313
250028.2813
250070.875
250110.5781
250138.4844
250171.8281
250195.8281
250237.625
250280.4375
250302.6875
250344.4375
250407.2813
250437.375
250486.9375
250514.0313
250540.8281
250601.375
250645.5313
250710.2813
250737.5313
250791.5781
250832.8281
250862.7813
250891.9375
250938.5313
250966.4844
251015.4375
251045.2813
251092.5781
251098.2344
251134.4844
251168.2344
251210.7813
251256.0781
251285.625
251349.4844
251404.6875
251440.0313
251498.9375
251534.7813
251581.375
251630.1875
251653.9844
251711.4844
251745.6875
251781.875
251826.9844
251858.9844
251902.625
251934.6875
251979.5781
252024.5781
252062.3281
252089.4844
252130.3281
252156.0313
252206.7344
252221.375
252273.7813
252314.875
252377.0313
252411.625
252473.9844
252479.8281
252521.2344
252577.7813
252611.625
252662.6875
252711.6875
252753.875
252799.0313
252844.0313
252868.8281
252874.0781
252911.2344
252955.2344
252976.3281
253013.5781
253043.2344
253091.4375
253120.5313
253150.8281
253167.1875
253200.875
253244.125
253278.0313
253325.625
253374.2344
253467.0313
253482.7813
253525.8281
253531.2344
253572.625
253625.9375
253653.8281
253685.6875
253740.9375
253764.2344
253793.9844
253837.9375
253892.375
253935.625
253954.1875
254001.5781
254040.5781
254072.3281
254108.375
254165.5313
254203.875
254237.5781
254287.0781
254353.625
254415.7813
254452.8281
254479.6875
254511.4844
254539.2344
254563.8281
254601.2344
254646.625
254690.2344
254723.0313
254749.4375
254785.0781
254822.0313
254856.5781
254890.375
254921.375
254952.3281
254996.7813
255033.625
255076.9375
255112.4844
255181.0313
255205.4844
255237.2813
255268.5781
255303.9375
255339.375
255373.4844
255404.3281
255440.9375
255495.125
255515.7344
255547.2344
255570.875
255617.3281
255671.5313
255704.9844
255739.625
255780.9375
255806.5781
255840.625
255872.2344
255908.6875
255956.875
255981.4375
256037.2813
256042.7813
256082.5781
256116.625
256150.9844
256180.4844
256211.125
256242.125
256269.0781
256354.4844
256381.5781
256430.4375
256476.7344
256517.9844
256553.4375
256573.375
256611.4375
256650.6875
256664.7344
256710.625
256740.9375
256802.0781
256822.625
256849.9844
256873.8281
256914.7813
256953.9844
256980.5313
257028.875
257058.9375
257099.375
257166.0313
257191.5781
257212.2344
257256.7813
257291.9375
257318.1875
257364.625
257385.2344
257429.0781
257465.9844
257494.2344
257522.9375
257562.6875
257609.625
257647.375
257681.0313
257715.625
257744.125
257769.3281
257795.875
257830.7813
257861.5781
257889.5781
257919.0781
257940.7344
257980.9375
258030.2813
258062.5313
258122.9375
258154.2344
258201.0781
258242.4375
258265.875
258311.5781
258338.875
258394.8281
258422.8281
258466.2813
258525.0781
258570.1875
258601.8281
258624.5781
258641.625
258675.5781
258711.5781
258747.6875
258808.4375
258830.375
258863.4844
258910.375
258935.8281
258969.4844
258992.5313
259026.5313
259059.5313
259098.5313
259139.9844
259151.4375
259183.4844
259218.0781
259280.7344
259330.6875
259361.4844
259394.0313
259421.7344
259465.6875
259503.6875
259528.625
259552.625
259576.375
259617.6875
259680.6875
259719.9375
259744.8281
259779.625
259808.9844
259842.0313
259901.125
259930.625
259955.9844
259990.125
260022.1875
260069.2813
260103.9375
260145.9375
260165.9375
260194.0781
260239.9844
260277.3281
260321.6875
260358.2813
260379.875
260415.7813
260455.875
260509.0781
260562.625
260614.4844
260648.2813
260671.3281
260706.5313
260738.9375
260772.0781
260810.5781
260851.5313
260878.4844
260905.2344
260928.2344
260961.7344
260993.0313
261031.7344
261056.0781
261088.4844
261132.6875
261169.875
261208.2344
261275.625
261300.4844
261331.2813
261352.0781
261383.9375
261414.4375
261444.4375
261475.9844
261499.5313
261526.2813
261553.0781
261609.375
261631.9375
261692.875
261737.875
261768.625
261775.6875
261819.125
261842.4844
261891.4375
261911.0313
261944.9375
261964.5781
261994.1875
262026.625
262070.625
262101.5313
262150.9688
262182.6875
262219.9688
262263.4688
262293.0938
262325.7188
262364.1875
262387.0313
262431.4688
262462.7188
262470.6875
262520.9688
262546.5938
262586.9375
262615.2188
262640.125
262672.875
262719.2813
262759.9688
262801.625
262854.6875
262894.1875
262920.7813
262961.375
263007.0938
263044.2188
263070.0938
263105.0313
263147.4688
263176.4688
263205.9375
263234.7188
263254.375
263289.5938
263329.4375
263355.5313
263385.2813
263423.5313
263457.4375
263487.875
263528.7813
263563.2188
263599.125
263640.6875
263687.8438
263710.2188
263738.5938
263765.6875
263796.7188
263830.0938
263861.3438
263904.4375
263910.5313
263944.9688
263976.1875
264013.875
264054.2188
264071.7813
264107.625
264160.0313
264195.125
264225.7813
264249.9688
264281.875
264321.8438
264348.9375
264397.375
264430.6875
264447.4375
264481.625
264533.1875
264571.875
264618.4688
264651.625
264685.875
264722.125
264747.9375
264792.6875
264818.9688
264871.125
264901.0313
264927.4375
264954.4375
264975.3438
264998.1875
265043.6875
265099.125
265157.625
265204.2188
265232.0313
265258.1875
265290.4688
265327.4375
265362.5313
265398.875
265420.875
265465.4688
265491.2813
265535.4375
265567.875
265612.4688
265635.5313
265684.0313
265713.875
265740.375
265784.9375
265819.7813
265854.2188
265885.2188
265927.0313
265973.2188
266004.4688
266038.6875
266062.2188
266093.4688
266132.125
266168.2188
266187.2813
266215.2813
266244.2188
266267.4375
266300.2813
266328.9375
266362.4375
266395.9688
266431.1875
266483.9688
266516.125
266557.6875
266592.5938
266628.0938
266660.7813
266708.3438
266748.4375
266801.625
266832.7813
266859.0938
266905.1875
266929.4688
266967.9375
267007.5313
267046.4688
267087.7813
267115.375
267149.7188
267186.8438
267215.125
267260.9375
267302.3438
267358.2188
267380.2813
267414.375
267436.4375
267474.875
267500.1875
267529.5938
267576.7813
267609.7813
267647.9375
267684.3438
267721.0313
267745.4375
267797.5313
267809.0313
267841.5313
267869.8438
267904.4688
267917.125
267944.8438
267978.625
268014.4688
268057.0938
268103.7813
268134.8438
268166.3438
268224.2188
268249.2813
268291.9375
268330.9375
268368.2813
268390.3438
268425.7188
268462.125
268489.9375
268508.9688
268545.0313
268575.875
268620.9375
268662.875
268694.4688
268725.375
268754.625
268797.5938
268822.375
268847.4688
268872.2813
268913.3438
268945.7813
268985.625
269021.9375
269046.9688
269114.0938
269169.5313
269197.2813
269230.9688
269271.5938
269291.6875
269341.4688
269365.6875
269395.4375
269433.6875
269463.4375
269515.0938
269562.0938
269589.2813
269618.8438
269644.375
269691.6875
269754.7813
269792.375
269820.5313
269856.1875
269892.4688
269929.3438
269973.625
270033.3438
270068.2188
270096.2813
270117.0313
270164.0938
270198.5313
270236.2813
270269.5938
270308.375
270341.2813
270368.2813
270443.1875
270488.5313
270518.125
270521.9375
270565.9688
270594.5313
270652.9688
270658.0313
270695.5938
270726.2188
270758.7813
270790.2813
270835.7188
270887.5938
270940.125
270970.2813
271013.9688
271044.2813
271079.375
271171.7188
271206.9688
271244.4375
271274.4688
271301.4688
271365.625
271393.5313
271430.0938
271497.5313
271527.6875
271560.625
271584.875
271611.7813
271642.2188
271675.6875
271703.0938
271731.7188
271760.0938
271791.5313
271815.4688
271858.0938
271888.5938
271900.0938
271929.2188
271961.875
271996.9688
272063.5313
272121.125
272163.125
272201.2188
272246.9688
272311.6875
272333.625
272384.5938
272443.5938
272499.875
272530.5938
272576.125
272616.8438
272649.2813
272685.5938
272725.1875
272780.375
272815.2813
272861.7813
272899.2813
272931.7188
272963.3438
273004.9375
273036.375
273090.375
273094.5313
273135.625
273187.125
273191.6875
273223.4375
273258.625
273317.0938
273368.125
273413.875
273459.9375
273488.7813
273525.7188
273570.375
273600.4375
273637.7188
273684.6875
273727.2188
273767.1875
273792.8438
273826.1875
273850.9375
273880.7813
273923.2813
273988.4375
274023.1875
274060.9688
274093.125
274119.625
274157.1875
274196.0313
274239.2188
274266.7188
274295.1875
274325.9375
274369.9375
274390.9688
274441.375
274488.8438
274543.125
274606.2813
274641.0938
274670.2188
274679.375
274730.7188
274767.4375
274804.3438
274856.0938
274914.125
274943.375
274997.2813
275022.4375
275073.5313
275118.6875
275188.9688
275218.5938
275251.5313
275304.0938
275344.2188
275384.7813
275421.5313
275480.125
275539.625
275594.0313
275623.2813
275663.875
275689.7188
275726.9688
275782.2813
275842.4688
275870.375
275898.7188
275938.0938
275974.5938
276012.5313
276018.6875
276067.2813
276110.9375
276183.375
276236.2188
276241.0938
276287.4688
276325.0938
276363.4688
276404.9375
276451.0938
276480.7813
276526.5938
276531.0938
276598.0313
276632.8438
276658.4688
276723.125
276753.9375
276807.4375
276862.0938
276865.3438
276899.7813
276947.625
276971.625
277014.7813
277025.0313
277066.2188
277100.5938
277144.375
277231.5938
277305.9375
277320.4375
277376.8438
277412.1875
277480.4375
277525.2813
277561.4688
277613.0938
277683.4375
277722.125
277751.3438
277796.1875
277823.375
277849.9375
277890.6875
277930.2188
277965.7188
278002.7188
278034.125
278070.8438
278133.7188
278174.2813
278219.375
278247.375
278331.4688
278366.2813
278391.8438
278436.625
278469.9688
278538.4688
278580.6875
278617.5313
278657.3438
278708.3438
278715.875
278768.7188
278810.4688
278847.375
278893.0313
278926.4688
278963.7188
279044.5313
279081.0313
279109.8438
279160.4375
279203.0313
279244.2188
279275.2188
279313.7813
279346.7188
279378.8438
279443.875
279469.375
279529.9375
279568.3438
279605.3438
279633.4688
279661.1875
279694.5313
279699.4375
279753.3438
279795.0313
279887.2188
279904.9375
279941.8438
279974.0938
280014.7188
280057.3438
280098.7813
280160.9375
280193.875
280224.875
280263.375
280302.875
280344.875
280370.8438
280429.625
280463.7813
280515.9375
280552.7188
280593.9688
280626.0938
280659.0313
280704.4375
280751.3438
280803.7813
280871.3438
280921.0938
280981.9375
281002.5313
281054.5938
281094.9375
281122.875
281161.8438
281200.1875
281245.6875
281280.625
281307.4688
281383.5938
281432.7813
281470.2188
281512.125
281535.7188
281574.2188
281600.4375
281636.6875
281670.9375
281698.9375
281743.4688
281777.5938
281868.5313
281905.8438
281935.7188
281967.9688
282023.125
282062.0313
282104.9375
282143.875
282201.3438
282224.9375
282271.5938
282313.0938
282348.875
282412.4375
282425.8438
282483.0938
282533.875
282625.5313
282661.4688
282706.6875
282736.875
282800.7813
282807.0313
282870.875
282914.5313
282979.8438
282983.8438
283016.4688
283078.0938
283150.375
283255.0938
283295.0313
283318.375
283343.5938
283390.2188
283419.125
283462.8438
283498.7813
283532.5938
283581.3438
283660.375
283663.5938
283712.5313
283765.4688
283807.625
283872.0313
283945.3438
283998.875
284032.9688
284061.8438
284092.7813
284124.125
284162.5313
284241.5938
284290.5938
284366.3438
284407.6875
284451.8438
284505.6875
284542.5938
284586.5313
284615.5313
284660.625
284685.5313
284716.2188
284748.9375
284788.4688
284853.2188
284908.0938
284967.625
285027.625
285081.2188
285110.375
285160.9688
285203.7188
285232.4688
285275.8438
285309.1875
285364.5938
285399.0938
285426.3438
285503.0313
285566.0313
285620.375
285690.0938
285782.625
285821.5313
285869.7813
285926.0313
285972.4375
286020.5313
286062.3438
286116.0938
286167.6875
286247.3438
286278.9375
286327.4688
286397.9688
286450.0313
286455.5938
286517.7813
286590.125
286656.4688
286691.8438
286725.5313
286755.9375
286793.125
286827.875
286914.5313
286984.7813
287066.5938
287114.125
287165.5313
287216.875
287262.5313
287308.9688
287347.9375
287435.0313
287458.6875
287535.4688
287566.5938
287613.0938
287641.8438
287698.2813
287754.625
287760.4375
287810.6875
287871.5313
287917.9375
288007.4688
288071.9375
288148.4375
288171.625
288206.0938
288276.6875
288314.875
288361.9375
288417.875
288486.125
288526.0313
288582.4688
288620.0313
288686.4375
288724.2188
288771.2188
288883.1875
288932.4688
288970.7813
289008.3438
289054.125
289123.4375
289180.3438
289221.6875
289263.6875
289365.8438
289370.6875
289439.4375
289467.125
289526.125
289579.6875
289617.125
289700.4375
289749.5938
289784.4688
289827.125
289883.8438
289904.0313
289955.0313
290033.8438
290072.2813
290143.375
290181.625
290237.5938
290240.9375
290294.7188
290357.5938
290415.6875
290491.375
290537.625
290563.9375
290609.0313
290689.7188
290746.375
290785.3438
290844.3438
290891.1875
290932.7813
290964.6875
291072.0938
291126.4375
291194.8438
291230.5313
291304.8438
291359.2813
291400.5938
291449.625
291524.7188
291570.7188
291574.7188
291633.3438
291685.6875
291728.375
291793.4688
291861.875
291894.5313
291941.7813
291991.2188
292021.0938
292102.2188
292147.7188
292213.4688
292252.7813
292313.125
292360.7813
292413.625
292436.6875
292482.6875
292522.2188
292572.0938
292651.8438
292699.875
292767.125
292832.5313
292870.9375
292935.375
293007.3438
293025.3438
293056.6875
293103.2813
293164.2188
293210.6875
293215.9688
293267.625
293289.4688
293317.9375
293374.8438
293418.5938
293490.3438
293552.625
293633.9375
293676.7813
293724.4688
293776.0313
293808.7813
293853.6875
293923.2813
293961.625
294046.375
294077.7188
294117.2813
294181.6875
294279.9688
294363.4688
294440.2813
294487.1875
294523.6875
294554.7188
294588.375
294624.2813
294656.8438
294682.375
294770.625
294834.8438
294886.2813
294936.875
294983.875
295024.125
295085.0938
295166.9688
295214.7813
295266.375
295293.625
295340.6875
295387.5938
295462.4375
295555.5313
295560.4375
295635.875
295706.5313
295778.5313
295797.0938
295841.625
295888.0938
295891.625
295933.2813
295964.125
296026.5938
296068.9688
296127.0313
296208.5938
296298.875
296325.7813
296374.3438
296405.9688
296429.7813
296510.7188
296576.625
296630.7188
296677.4375
296719.7813
296771.7813
296824.3438
296872.0313
296927.375
297001.5938
297006.1875
297071.0938
297116.1875
297166.0938
297224.7188
297264.0938
297314.375
297408.9688
297434.8438
297469.1875
297534.3438
297565.0313
297625.9375
297665.7813
297720.7188
297757.9688
297808.8438
297853.2813
297904.125
297955.8438
297997.3438
298037.375
298090.9688
298143.7188
298234.9688
298274.4375
298309.6875
298370.7813
298437.375
298554.875
298616.8438
298667.6875
298710.5938
298755.5313
298812.6875
298856.7813
