219.0749969
226.625
241.5249939
656.9249878
661.9249878
754.5750122
779.0250244
819.7750244
835.5250244
899.9749756
1033.574951
1039.375
1497.125
1502.474976
1640.125
1647.324951
1777.724976
1786.675049
2103.824951
2136.024902
2161.225098
2190.675049
2205.375
2209.175049
2216.475098
2229.875
2252.574951
2260.975098
2262.675049
2340.274902
2346.225098
2833.524902
2839.725098
3414.975098
3422.875
3474.875
3482.274902
3533.975098
3552.574951
3960.925049
3966.024902
5528.924805
5533.674805
6352.325195
6387.075195
6438.625
6487.225098
6526.674805
7483.875
7506.674805
7522.875
7524.475098
7529.225098
7540.024902
7559.024902
7589.075195
7610.075195
7638.475098
7661.924805
7669.725098
7692.125
7724.375
7995.274902
8000.924805
8066.575195
8075.924805
8229.325195
8241.125
8250.174805
8284.525391
8356.825195
8368.224609
8741.375
8747.724609
8878.974609
8885.775391
10297.375
10304.52539
10364.22461
10375.4248
10626.125
10659.375
11305.22461
11310.52539
11385.6748
11394.02539
11480.125
11501.02539
11505.625
11518.1748
11524.375
11538.47461
11579.8252
11605.625
11648.1748
11689.77539
11728.47461
11840.4248
11844.875
11866.9248
12149.625
12159.52539
12256.97461
12264.22461
12272.625
12288.3252
12320.5752
12367.52539
12374.72461
12671.02539
12676.02539
12735.625
12748.02539
12832.3252
12838.625
15342.52539
15348.72461
16151.02539
16160.1748
16295.97461
16303.5752
16683.875
16689.72461
16893.32422
16901.22461
16933.42578
17050.17578
17058.72461
17624.17578
17633.67578
17881.17578
17890.02539
17906.77539
19070.22461
19077.47461
19161.875
19170.72461
19488.625
19499.32422
19506.125
19535.375
19588.47461
19611.125
19630.625
19649.07422
19659.07422
19668.32422
19708.32422
19718.02539
19730.72461
20838.07422
20872.67578
20891.57422
20915.97461
20940.92578
20970.47461
20999.02539
21010.17578
21014.625
21027.22461
21091.97461
21117.82422
21221.67578
21228.82422
21386.27539
21395.625
21502.42578
21510.27539
21597.72461
21604.625
21656.57422
21666.32422
21691.57422
21759.625
21768.02539
21998.625
22004.67578
22099.77539
22115.375
22163.02539
22186.32422
22225.92578
22233.57422
22255.67578
22269.17578
22271.02539
22294.32422
22299.52539
22302.57422
22308.47461
22319.375
22381.375
22408.92578
22438.82422
22451.67578
22484.22461
22508.67578
22521.375
22543.47461
22573.32422
22575.67578
22623.875
22662.57422
22724.02539
22768.72461
22775.97461
22796.625
22805.97461
22810.92578
22822.42578
22826.07422
22830.77539
22860.625
22863.47461
22864.77539
22880.27539
22885.47461
22923.22461
22930.375
22948.77539
22952.125
22964.67578
22977.67578
23040.52539
23045.52539
23059.72461
23069.72461
23099.02539
23162.57422
23181.625
23255.57422
23265.97461
23322.125
23363.875
23394.22461
23415.875
23427.32422
23459.27539
23479.97461
23517.32422
23557.47461
23601.125
23623.875
23654.42578
23667.52539
23764.57422
23785.875
23839.02539
23856.375
23950.72461
23961.52539
24088.42578
24099.625
24205.47461
24213.07422
24280.72461
24307.77539
24347.17578
24381.17578
24390.875
24531.97461
24542.07422
24599.52539
24616.17578
24665.125
24709.97461
24724.22461
24733.875
24839.625
24858.72461
24919.77539
24922.72461
24943.72461
24951.22461
24954.02539
24961.875
24981.57422
24982.92578
24988.375
25012.125
25036.02539
25064.32422
25065.32422
25077.82422
25107.47461
25128.82422
25170.32422
25172.67578
25186.47461
25260.52539
25273.17578
25370.92578
25380.72461
25405.82422
25466.42578
25499.32422
25515.17578
25547.82422
25654.07422
25660.97461
25673.92578
25692.02539
25697.27539
25700.67578
25794.625
25804.17578
25909.47461
25928.77539
25971.42578
25984.07422
26029.02539
26075.72461
26323.07422
26328.02539
26396.875
26407.77539
26506.02539
26519.42578
26538.82422
26567.625
26721.77539
26728.375
26745.42578
26870.125
26875.875
26878.77539
26886.52539
26889.67578
26899.67578
26971.07422
26992.02539
27014.97461
27057.67578
27082.57422
27105.77539
27113.375
27121.02539
27215.22461
27220.92578
27354.32422
27366.92578
27385.72461
27655.47461
27661.92578
27752.52539
27757.92578
27796.67578
28200.375
28205.42578
28452.07422
28470.47461
28497.22461
28506.67578
28532.125
28734.92578
28740.57422
29322.875
29328.97461
29367.57422
29417.72461
29436.72461
29453.32422
29474.02539
29480.07422
29482.47461
29503.875
29541.47461
29558.57422
29585.32422
29629.92578
30347.02539
30351.72461
30417.97461
30428.02539
30433.82422
30445.625
30498.77539
30506.57422
30593.125
30642.125
30651.17578
30685.97461
30701.52539
30786.57422
30804.07422
30927.77539
30937.57422
30997.42578
31003.42578
31014.72461
31054.47461
31150.47461
31157.77539
31188.77539
31497.92578
31507.375
31658.47461
31883.77539
31891.07422
31918.125
31959.875
32284.72461
32291.32422
32306.42578
32512.67578
32519.92578
32660.17578
32666.52539
32697.52539
32715.97461
33244.27344
33249.82422
34980.52344
35027.82422
35035.72656
35252.02344
35280.375
35315.97656
35339.47656
35375.375
35410.27344
35435.77344
35474.67578
35506.17578
35841.57422
35859.97656
37587.47656
37595.67578
37605.77344
37754.02344
38047.22656
38052.32422
39175.22656
39357.67578
39388.82422
39446.375
39472.52344
39490.97656
39524.97656
39563.57422
39593.67578
39633.125
39659.92578
40428.77344
40439.52344
40458.82422
40491.52344
42940.42578
44133.72656
44158.22656
44183.42578
44199.875
44229.17578
44247.72656
44279.52344
44318.22656
44348.17578
44407.02344
44431.57422
44454.42578
47409.72656
47440.67578
47470.82422
47496.97656
47529.02344
47556.27344
47598.02344
47662.17578
47695.625
47743.52344
48643.32422
48674.625
48695.42578
48716.02344
48752.82422
48787.27344
50279.42578
50303.125
50329.67578
50351.92578
50377.27344
50451.32422
50474.125
50531.47656
50559.72656
52120.125
52129.97656
52778.875
52809.32422
52853.42578
52870.875
54130.57422
54151.82422
54153.72656
54215.67578
54299.125
54323.375
54345.72656
54377.77344
54401.92578
54425.22656
54471.47656
54494.375
54948.42578
54955.07422
54963.32422
55591.07422
55597.97656
55653.27344
56561.42578
56592.82422
56621.72656
56649.92578
56674.52344
56700.125
56718.22656
56751.875
56999.42578
57014.52344
57059.375
58152.125
58191.375
58227.07422
59188.57422
59212.97656
59336.42578
59339.17578
59353.72656
59371.72656
59388.52344
59414.57422
59456.22656
59489.07422
60593.67578
60624.47656
60646.82422
60672.92578
60695.47656
60738.32422
60776.47656
60994.97656
61123.42578
61218.625
61320.57422
61329.57422
61358.97656
61365.97656
61385.625
61387.97656
61401.27344
61420.17578
61472.42578
61488.42578
61528.07422
61704.125
61720.92578
61844.07422
61917.625
61986.22656
62400.72656
62424.875
62651.32422
62657.625
62661.125
62667.92578
62687.625
62692.22656
62693.52344
62700.77344
62729.57422
62745.375
62750.52344
62764.67578
62782.42578
62798.27344
62815.22656
62830.27344
62831.42578
62833.625
62836.27344
62883.17578
62885.57422
62899.27344
62903.77344
62925.22656
62926.875
62947.875
62950.32422
62953.57422
62956.47656
62960.67578
62972.625
62981.57422
62987.72656
63011.67578
63013.72656
63015.47656
63024.07422
63045.77344
63051.72656
63060.125
63064.42578
63123.375
63126.42578
63153.72656
63154.125
63173.07422
63183.32422
63211.72656
63245.42578
63272.625
63282.47656
63407.625
63415.02344
63429.57422
63575.125
63581.32422
63584.47656
63591.375
63593.17578
63599.97656
63607.02344
63614.625
63671.625
63692.57422
63711.27344
63731.27344
63759.77344
63874.02344
63883.57422
63933.97656
63958.92578
64001.92578
64034.92578
64040.17578
64067.72656
64078.72656
64100.47656
64106.625
64130.47656
64134.92578
64161.625
64183.02344
64185.375
64198.875
64354.52344
64362.77344
64377.92578
64438.67578
64460.375
64492.47656
64543.57422
64554.32422
64741.32422
64746.92578
64770.72656
64816.27344
64828.97656
64839.625
64964.22656
64969.92578
65179.22656
65186.32422
65263.27344
65275.125
65328.67578
65339.32422
65371.32422
65396.32422
65397.42578
65421.97656
65431.52344
65484.875
65531.22656
65566.57813
65599.22656
65706.47656
65712.125
65742.42188
65853.875
65856.92188
65859.27344
65880.77344
65911.02344
65921.375
65922.92188
66135.375
66140.22656
66162.07813
66272.125
66294.32813
66317.32813
66434.625
66482.52344
66491.92188
66557.07813
66560.82813
66575.42188
66788.92188
66794.47656
66922.57813
66927.67188
67029.875
67038.52344
67061.625
67076.42188
67114.17188
67140.375
67153.22656
67209.07813
67299.17188
67309.875
67318.42188
67412.97656
67419.375
67534.375
67556.57813
67590.27344
67605.17188
67629.72656
67657.67188
67662.82813
67685.125
67808.97656
67816.77344
67882.52344
67889.625
68258.32813
68265.375
68284.52344
68302.82813
68441.47656
68456.375
68462.17188
68490.97656
68510.67188
68540.32813
68546.22656
68549.125
68626.875
68643.07813
68695.17188
68704.375
68805.47656
68815.42188
68868.27344
68882.875
68922.22656
68934.32813
69001.125
69006.375
69021.32813
69028.625
69030.72656
69039.47656
69048.625
69051.77344
69136.82813
69151.52344
69159.67188
69244.42188
69263.77344
69352.42188
69366.375
69410.07813
69424.52344
69506.875
69512.875
69536.625
69822.875
69830.07813
69924.57813
69947.92188
70272.375
70279.02344
70386.57813
70396.32813
70523.72656
70535.02344
70593.77344
70666.17188
70673.67188
70750.57813
70756.625
70770.02344
70775.92188
70813.02344
70823.07813
70890.125
70898.92188
70950.32813
71028.67188
71035.42188
71099.27344
71110.07813
71112.52344
71132.42188
71159.42188
71165.07813
71174.625
71178.27344
71198.125
71208.02344
71223.82813
71256.375
71311.875
71322.375
71471.07813
71486.17188
71828.77344
71832.97656
72228.72656
72234.875
72292.17188
72318.57813
72319.67188
72326.02344
72986.07813
72993.57813
73033.27344
73050.17188
73929.17188
73950.92188
73973.72656
73992.07813
74027.07813
74568.07813
74572.77344
75915.07813
75945.67188
75963.77344
75990.57813
76022.22656
76051.42188
76078.625
76198.92188
76243.77344
78916.875
78967.32813
79481.92188
79488.22656
79514.77344
79588.67188
80134.52344
80157.27344
80180.72656
80212.07813
80225.77344
80253.97656
80293.27344
80328.22656
80370.82813
82450.875
82487.125
82505.625
82528.82813
82561.27344
82580.625
82648.42188
82673.07813
82702.125
83112.375
83137.625
84058.47656
84066.625
84151.42188
84188.27344
84201.57813
84216.625
84234.52344
84648.875
84664.72656
84691.27344
84697.875
84720.27344
84734.125
84813.72656
84821.27344
84828.57813
84836.57813
84843.125
84844.72656
84852.92188
84875.47656
84897.875
84948.97656
84964.52344
85023.875
85047.47656
85065.67188
85075.72656
85217.97656
85226.52344
85328.57813
85344.57813
86111.72656
86131.97656
86137.67188
86911.17188
86920.92188
87021.125
87032.02344
87160.82813
87163.375
87166.02344
87172.17188
87177.22656
87179.375
87180.67188
87185.77344
87187.77344
87221.07813
87231.57813
87271.82813
87280.32813
87289.32813
87359.875
87404.67188
87421.57813
87447.72656
87462.625
87472.77344
87485.22656
87503.07813
87537.47656
87565.52344
87566.625
87581.875
87585.67188
87596.97656
87612.77344
87625.72656
87647.125
87662.17188
87700.97656
87738.07813
87766.125
87808.52344
87859.07813
87938.22656
87957.77344
87966.02344
87991.02344
88176.47656
88183.47656
88276.375
88284.52344
88555.42188
88563.77344
88577.625
88637.32813
88653.02344
88672.42188
88722.22656
89129.32813
89157.57813
89182.47656
89207.92188
89226.77344
89267.125
89783.17188
89788.77344
89889.77344
89898.875
89982.32813
89995.17188
90214.42188
90219.42188
90284.52344
90290.07813
90295.02344
90319.375
90343.375
90379.72656
90489.92188
91089.07813
91095.97656
91133.52344
91140.97656
91212.125
91217.625
92770.47656
92775.875
92801.02344
93484.82813
93555.625
93562.42188
93731.125
93757.02344
93781.125
93847.47656
93901.67188
93968.375
94013.52344
94050.57813
94090.47656
94128.52344
94467.07813
94485.02344
94496.07813
95010.875
95041.07813
95655.07813
95686.32813
95729.07813
96618.97656
96625.92188
97231.57813
97267.72656
98471.375
98500.82813
98520.32813
98549.17188
100707.6719
102854.9219
102864.625
102894.1719
104028.4219
104036.125
104215.6719
104223.1719
104239.3281
104244.625
104249.7266
104286.2734
104436.5781
104465.875
104496.5781
104521.7734
104555.9219
104589.7734
105259.4766
105341.0781
105362.2734
105405.1719
105440.0234
105514.6719
105988.2734
105997.625
106124.2734
106150.0781
106259.875
106265.7734
106274.8281
106349.5781
106356.0781
106415.9766
106431.0234
106440.125
106440.8281
106446.8281
106463.2734
106466.7734
106472.7266
106480.6719
106487.2734
106503.9219
106508.375
106513.4219
106523.125
106530.125
106531.9766
106546.3281
106560.1719
106562.125
106581.4219
106584.8281
106626.9219
106643.4219
106644.8281
106663.875
106671.625
106678.2734
106708.0781
106723.1719
106775.7266
106779.4766
106792.0234
106855.6719
106861.5781
106866.875
106874.0781
106883.0781
106997.5781
107147.3281
107152.2266
107175.1719
107179.1719
107189.9766
107197.125
107240.2734
107263.0781
107312.2266
107316.1719
107321.6719
107326.3281
107338.5781
107359.0781
107370.6719
107390.2734
107398.2266
107415.875
107519.8281
107526.9219
107567.875
107649.9766
107671.3281
107696.7266
107716.875
107738.2734
107767.2734
107773.7734
107782.9766
107789.3281
107790.875
107793.625
107855.0234
107873.125
107890.0781
107924.0781
107958.0781
107989.6719
107995.625
108003.4219
108010.2734
108035.5781
108058.4219
108067.6719
108104.625
108141.7266
108170.0781
108217.375
108235.3281
108273.5234
108287.9219
108314.1719
108392.2734
108405.875
108687.6719
108706.9219
108722.7266
108836.4219
108862.5781
108977.9766
108989.9219
108995.0781
108999.9219
109027.7734
109141.9766
109148.8281
109212.5234
109223.9219
109262.125
109286.0781
109326.1719
109386.1719
109473.9219
109481.875
109572.2734
109586.875
109666.9766
109676.1719
109764.4766
109776.7734
109838.2266
109966.6719
109974.8281
110030.0781
110035.4219
110060.7266
110073.2734
110125.0234
110131.2266
110275.0781
110284.7266
110316.7734
110324.375
110503.0234
110511.4219
110643.8281
110650.5781
110763.5781
110770.1719
110939.875
110946.4219
110963.2266
111010.1719
111045.0781
111052.5781
111063.875
111085.0781
111119.4766
111129.4219
111144.375
111171.9766
111196.7266
111287.6719
111312.8281
111369.3281
111376.5781
111399.4766
111829.125
111836.0234
112124.625
112134.5234
112627.1719
112633.7734
112846.0234
112857.2734
113067.875
113080.1719
113150.2266
113175.4219
113188.875
113202.6719
113204.1719
113211.1719
113219.5781
113220.3281
113246.2734
113290.375
113668.4766
113674.5234
113941.375
113973.7266
113989.4766
114004.4219
114038.9219
114061.7266
114067.9766
114073.125
114099.2734
115018.8281
115026.0781
116119.6719
116132.625
116190.9219
116205.0234
116297.7266
116304.2734
116318.2266
116902.0781
116964.4766
117056.2734
117084.4219
117106.9766
117115.2734
117136.0781
117163.9766
117183.9766
117242.2734
117278.9219
117316.2734
118026.4766
118044.6719
118065.2266
118083.2266
118098.2734
118106.8281
118117.3281
118149.5234
118151.1719
118161.0234
118883.7266
118890.4219
119668.8281
119676.375
119706.2266
119729.8281
119955.2266
119979.625
119999.2266
120023.4766
120035.7734
120056.4219
120079.4766
120119.0234
120145.4219
120194.9219
120556.0781
121684.8281
122198.4219
123245.5234
123252.6719
123297.5781
123331.9219
123568.1719
123742.7266
123770.1719
123796.375
123829.375
123862.3281
123885.2734
123941.5234
123958.375
124249.9766
125136.0234
125146.375
125190.0234
125734.7734
125750.3281
125773.7266
125797.9766
125813.875
125861.0781
125881.8281
125966.4766
126008.9766
126310.625
127338.2734
127342.4766
127629.3281
127650.375
127672.625
127685.8281
127713.9219
127730.625
127820.1719
127843.5234
127868.6719
127913.0234
130830.7266
130858.875
130885.7266
130909.8281
130935.5781
130960.7734
130992.4219
131005.375
131029.9766
131071.2734
131269.0781
131328.2813
132658.0313
133543.3281
133586.3281
133588.9219
133616.2813
133641.2188
133659.4688
133689.375
133717.5313
133737.875
133783.7813
133808.4219
133823.7813
134218.8281
134534.9688
134552.9219
134573.9688
134592.625
134613.9219
134636.7188
134658.5781
134670.4688
136300.4688
136381.125
136515.3281
136521.5781
136596.1719
136606.6719
137035.125
137038.6719
137044.375
137623.9688
137842.2813
137865.2813
137874.875
137877.5781
137880.4688
137905.2813
137942.7188
137960.875
137987.4688
138025.375
138080.4219
138279.3281
138566.4219
138604.3281
139687.5313
139696.125
139721.125
139744.0313
139759.375
139774.7813
139807.125
139833.0781
139856.0313
139887.2188
139913.875
140340.4688
141978.4219
142447.7813
142480.375
142504.7813
142529.4219
142554.2813
142574.5313
142601.2188
142646.9219
142660.125
142669.3281
142677.4688
142704.6719
142724.3281
142733.4688
143645.9688
143672.8281
144437.9219
144657.625
144679.625
144705.3281
144732.0313
144748.375
144781.4219
144811.2813
144917.3281
144950.125
144984.6719
145001.4219
145575.3281
145582.5781
145673.3281
145803.3281
145834.6719
145855.6719
145857.1719
145874.625
145898.875
146069.3281
146080.5313
146333.8281
146345.0313
146796.375
146875.8281
146883.4688
146920.625
146972.125
146985.125
147581.875
147591.3281
147606.7813
147641.3281
147815.6719
147821.625
147870.0313
147888.2813
147910.875
147926.625
147942.0313
147943.8281
147958.4219
147965.0313
147969.125
147993.7188
148028.9219
148050.3281
148156.375
148167.6719
148280.2188
148289.5313
148418.2188
148425.9219
148871.3281
148877.5313
149031.4688
149086.4688
149100.1719
149102.4219
149105.875
149856.875
149861.875
150167.2188
150174.5781
150183.5313
150199.1719
150213.9219
150231.0781
150247.8281
150266.3281
150325.2188
150341.4219
150359.4219
151139.5313
151210.9219
151255.125
151459.3281
151481.9688
151499.4688
151524.125
151544.125
151562.1719
151609.2813
151628.875
151671.5781
152392.8281
152400.0781
152408.375
152413.7813
152425.2813
152441.9219
152457.0781
152536.7188
152543.4219
152597.2813
152612.875
152841.6719
152852.0313
153318.0781
153515.625
153523.875
153910.5781
153915.875
153940.1719
154033.3281
154048.8281
154122.0781
154146.375
154214.5781
154223.875
154238.5313
154374.8281
154385.7813
154467.875
154482.5781
154509.5313
154533.7188
154553.4219
154574.8281
154592.0781
154608.7813
154639.8281
154671.7188
154684.2813
154688.9688
154695.9219
154862.875
154867.7188
155271.375
155316.625
155323.7188
155684.2188
155690.875
156328.6719
156343.6719
156361.6719
156385.6719
156405.5781
156451.5781
156481.0781
156498.7188
157085.4219
157091.7188
157158.0781
157167.9219
157284.625
157301.1719
157318.875
157337.0781
157359.0781
157376.9219
157440.9688
157463.0313
157504.7188
157562.125
157972.0781
158659.0781
158665.2813
158708.9219
158724.125
159135.9688
159145.875
159173.9688
159511.5781
159520.3281
159739.2813
159751.3281
159755.5313
159782.9688
159836.4219
159897.9688
159932.0313
159966.625
160004.3281
160015.3281
160016.6719
160050.0781
160074.3281
160091.2813
160123.2813
160157.875
160184.1719
160205.5313
160210.4688
160265.875
160278.0781
160452.6719
160459.2813
160510.7813
160580.375
160590.0781
160700.9219
160710.875
160868.9219
160881.5781
160983.5313
161097.9688
161147.4219
161207.7813
161213.4219
161487.0313
161492.875
161828.8281
161904.375
161948.5781
161956.2188
161964.0313
162038.9688
162049.625
162137.0313
162153.0313
162396.6719
162405.9688
162561.5313
162570.2813
162740.0313
162744.625
162926.5781
162932.375
163365.9219
163440.9688
163460.6719
163482.5781
163490.6719
163513.2188
163515.9219
163533.0781
163539.0781
163541.6719
163543.7188
163594.0781
163643.1719
163674.5781
163709.2188
163782.3281
163910.9688
163917.8281
164293.3281
164298.2813
164319.3281
164338.7188
164344.9688
164398.1719
164407.2813
164518.7188
164526.5781
164575.0313
164990.3281
165006.7813
165567.9688
165592.125
165608.875
165614.0313
165621.875
165725.4219
165750.9688
165757.875
165759.8281
165775.4688
165808.0781
165834.9219
165904.0781
165929.5781
165959.4688
165964.8281
166139.4219
166233.9219
166244.2188
166331.125
166340.4219
166993.4688
167013.9688
167017.8281
167039.9688
167056.625
167085.7813
167119.0781
167123.875
167510.375
167517.875
167893.7188
168216.1719
168220.9219
168349.4219
168359.3281
168402.7813
168914.4219
168937.9688
168955.5781
168973.7813
168993.875
169029.125
169044.625
169072.3281
169104.9219
169131.625
169318.6719
169325.1719
170075.4688
170145.4219
170162.2188
170170.3281
170178.375
170185.5313
170200.375
170203.0313
170210.8281
170223.9688
171648.7188
171656.3281
171890.8281
172206.7813
172222.625
172228.4688
172897.9688
172916.9688
172931.7813
172940.4688
172962.9219
172985.5781
173847.5781
173877.375
173892.7188
173908.1719
173922.5313
173946.2188
173961.7813
173992.3281
175440.2188
175459.5781
175474.625
175500.5313
175517.4219
175540.875
175562.5781
175583.7188
175734.3281
175821.8281
175881.125
175981.7813
177529.7813
177550.5313
177566.875
177580.4219
177603.125
177633.7188
177660.8281
178354.1719
178440.625
178475.2813
180225.2188
180806.125
180822.875
180838.7813
180856.1719
180920.9219
180929.0781
183509.9688
183784.5313
183801.1719
183829.875
183853.1719
183866.4688
183892.125
183911.0781
183944.0781
183985.9688
184043.9219
184074.9688
184202.9688
184384.375
184403.3281
184781.1719
184806.6719
184828.5781
184846.4688
184859.125
184863.9688
184878.0313
184900.7813
184908.7188
184920.875
185524.1719
185543.1719
186188.2188
186292.625
186346.0313
186352.0781
186620.9219
186626.8281
186732.9219
187227.3281
187236.625
187408.9688
187414.9688
187620.4219
187790.2813
187821.7813
187845.2188
187864.875
187900.0781
187958.1719
187976.8281
188001.1719
188039.9219
188088.625
188096.9688
188137.8281
188389.6719
188398.1719
188708.0781
188713.6719
188765.2813
188773.0781
188842.9688
188860.7188
188867.5313
189026.5313
189048.9219
189066.375
189297.1719
189341.6719
189366.0781
189367.875
189371.2188
189384.875
189513.5313
189519.625
189645.7188
189682.7188
189851.7188
189857.875
189876.2188
189887.4219
189893.6719
189908.625
189939.625
189964.625
190013.5313
190023.2813
190183.7188
190196.0313
190389.9219
190401.5313
190668.1719
190675.7188
190718.625
190842.1719
190861.4688
190898.125
190924.0781
190953.4219
190973.625
191212.3281
191224.5781
191592.9688
191720.7813
191726.5781
191768.0781
191785.4688
191805.4219
191811.1719
191817.5313
191835.9219
191838.0313
191871.4688
191955.4219
192012.625
192145.0313
192151.375
192399.5313
192405.0313
192510.125
192515.3281
192522.2813
192543.9688
192566.8281
192632.9688
192639.375
192769.625
192781.375
192826.7813
192839.375
192986.7813
193000.6719
193172.7813
193192.2188
193200.625
193285.0313
193293.9219
193306.4219
193331.9219
193352.2813
193380.5781
193395.2188
193414.8281
193478.2188
193505.8281
193522.4219
193548.4219
193554.0781
193571.6719
193694.4219
193703.5313
193733.875
193810.3281
193881.2813
193889.625
193955.0313
194056.6719
194114.1719
194124.4688
194130.9688
194314.8281
194327.8281
194334.1719
194406.9219
194412.7188
194436.8281
194466.7813
194485.875
194493.125
194736.2188
194746.0313
194763.2813
195014.2813
195021.7188
195156.0313
195172.4219
195238.3281
195287.4219
195351.0781
195368.7188
195591.7188
195600.7813
195606.5313
195624.6719
195637.2813
195658.7188
195678.0781
195680.4688
195693.125
195698.1719
195823.375
195849.375
195856.2813
195862.3281
195870.8281
195911.625
195928.4688
196007.125
196016.625
196231.875
196237.5313
196339.4219
196345.7188
196406.5313
196488.9219
196490.2188
196495.2813
196604.2188
196613.5313
196657.125
196677.3281
196717.875
196731.125
196744.0313
196751.2813
196771.0781
196786.5313
196814.5313
196828.0313
196850.875
196876.9688
196882.375
196889.375
196935.8281
197037.3281
197048.1719
197318.6719
197334.2188
197434.5313
197446.9219
197537.8281
197543.6719
197601.6719
197620.625
197638.9219
197653.0313
197667.125
197675.0313
197686.8281
197769.2188
197773.5781
197777.7813
197787.4688
197800.9688
197845.2188
197869.3281
197903.4688
197913.7813
198010.3281
198015.0781
198070.2188
198121.2813
198133.625
198380.9688
198421.5313
198554.4688
198558.7813
198564.5313
198658.5313
198678.0313
198694.9219
198713.5781
198733.9219
198738.1719
198748.125
198751.6719
198825.6719
198942.875
198996.625
199015.375
199072.7813
199098.6719
199105.4219
199484.9219
199492.875
199668.9688
199774.0781
199776.375
199782.375
199793.5313
199804.4219
199817.4219
199842.2813
199862.9219
199892.5781
199911.7188
199975.875
199977.4688
199983.0781
200156.2813
200161.125
200270.7188
200280.125
200305.7813
200342.9688
200396.3281
200434.2813
200445.0313
200611.3281
200635.4688
200637.875
200646.7813
200650.6719
200674.3281
200698.8281
200709.9219
200716.875
200732.5313
200773.875
200779.9688
200842.8281
200850.1719
200851.125
200854.6719
200861.0313
200878.625
200889.0313
200895.9219
200906.3281
200911.125
200932.5781
200968.625
200995.2813
201066.9219
201082.4688
201240.625
201248.0781
201289.625
201291.5781
201309.0781
201331.0781
201348.0313
201360.875
201379.2188
201407.125
201410.6719
201460.125
201555.5781
201560.2813
201661.0781
201824.5313
201832.0313
202041.7188
202055.8281
202069.9688
202092.0781
202108.8281
202117.1719
202137.125
202174.6719
202179.2813
202185.375
202186.125
202189.0313
202302.5781
202329.5781
202335.0313
202346.125
202348.4219
202360.7813
202367.875
202389.7188
202402.1719
202467.4688
202516.1719
202527.3281
202564.0313
202588.875
202595.7813
202601.3281
202606.6719
202610.1719
202649.4688
202718.0781
202773.4219
202804.0781
202831.8281
202833.5313
202853.625
202875.7813
202916.1719
202918.3281
202932.2813
202934.5781
202947.2188
202954.4219
202960.5313
202961.875
202977.9219
203004.5313
203098.2813
203270.1719
203300.4688
203313.5313
203321.5781
203354.7813
203358.625
203366.9219
203381.8281
203389.4688
203391.5313
203406.1719
203433.3281
203443.7813
203468.5781
203597.0781
203606.7188
203683.625
203701.625
203714.4688
203733.375
203752.1719
203754.7188
203780.875
203792.125
203798.9219
203807.625
203818.0781
203933.9688
203944.6719
204044.4688
204115.3281
204167.7188
204264.7188
204278.1719
204286.3281
204391.0313
204414.2188
204423.2813
204463.875
204483.6719
204496.875
204516.7813
204532.3281
204569.4219
204580.375
204605.375
204608.9688
204695.1719
204719.7188
204731.3281
204755.7188
204775.0781
204925.875
204954.375
205063.5781
205073.0781
205172.2813
205180.2188
205194.5781
205199.0781
205217.1719
205229.5313
205242.8281
205277.9219
205284.4219
205292.2188
205293.875
205403.375
205416.9219
205506.375
205530.9688
205632.625
205636.3281
205644.8281
205649.7813
205662.7813
205674.7813
205710.6719
205712.7813
205756.625
205764.2813
205808.0781
205828.2188
205829.6719
205848.7813
205886.5781
206008.125
206018.1719
206127.5781
206139.375
206184.3281
206185.875
206199.2188
206202.875
206206.2188
206213.1719
206214.4688
206233.8281
206243.8281
206260.5313
206305.4688
206317.4688
206367.5313
206423.8281
206438.1719
206445.8281
206539.6719
206555.5781
206683.1719
206703.6719
206717.2813
206820.2813
206838.5781
206847.625
206914.5781
206923.7188
206925.5313
206984.5781
206993.6719
207042.4688
207049.7188
207091.5313
207255.5313
207284.8281
207293.1719
207338.5781
207388.7188
207468.9219
207478.4688
207536.2813
207551.875
207553.875
207566.4688
207569.3281
207582.5781
207596.7188
207620.7813
207650.625
207685.7188
207789.9219
207968.7813
207975.0313
208294.2188
208303.9688
208315.5313
208329.4688
208349.4219
208366.8281
208411.1719
208426.0313
208483.2813
208501.2188
208529.7813
208542.7813
208777.625
209257.0781
209273.3281
209290.6719
209310.9688
209330.1719
209341.125
209346.0313
209350.5781
209390.375
209404.0781
209427.5313
209445.6719
209802.625
210203.7188
210211.1719
210409.0313
210438.8281
210452.0313
210472.9219
210501.875
210537.4219
210591.0781
210614.9688
210625.9219
210628.375
212048.6719
212067.4688
212082.9688
212116.4219
212130.5781
212439.875
212733.2813
212745.875
212821.6719
212840.5313
212904.625
212929.3281
212946.8281
212989.7813
214489.5781
214652.5781
214671.4219
214689.0313
214735.9219
216321.9219
216516.3281
216538.6719
216541.0781
216557.4688
216580.3281
216616.2813
216710.0313
217027.2813
217789.1719
217809.8281
220156.8281
220344.375
220776.7188
220798.375
220819.9688
220846.125
220893.375
225887.1719
225923.6719
227120.5781
227512.9688
228160.2188
228186.9688
228209.9219
228398.0781
228429.375
228522.4688
229192.3281
229233.125
232113.8281
232355.2813
233583.125
233612.4688
233650.6719
233680.4688
233709.125
233809.4688
235049.1719
235056.3281
236301.875
236306.0781
236953.2813
237319.875
237345.5313
237362.2188
237422.9219
237463.9688
239006.5781
239330.6719
239350.6719
239398.7813
239419.4219
239429.9219
239458.4688
239477.8281
239710.8281
239866.4219
242899.375
242932.9219
245323.4688
252225.375
257149.7188
260450.3281
265158.2188
267768.9375
269010.2813
271848.9375
273887.625
