1291.915527
6834.015625
9387.71582
10451.46582
11503.36523
14622.31543
16778.81641
19284.61523
20127.81641
22126.76563
23895.96484
25940.61523
28157.46484
31117.31641
34057.76563
36782.96484
37854.06641
38270.26563
43748.46484
50320.31641
53767.66406
54930.06641
56900.01563
57962.71484
62198.51563
66442.01563
69172.46875
72411.96875
73048.11719
73169.16406
73546.5625
73596.26563
73925.0625
74313.3125
74348.96875
74395.16406
74528.11719
74542.16406
74762.01563
74787.3125
75009.46875
75876.91406
75935.26563
75938.21875
76019.8125
76045.3125
76732.61719
76777.26563
76812.96875
76851.36719
80208.0625
80583.91406
80639.8125
80739.66406
81373.61719
87243.26563
88617.91406
92857.71875
97654.0625
98947.21875
98980.66406
99234.0625
99305.8125
99486.91406
100092.2656
100186.4141
104659.5156
111785.1641
111814.5625
113938.8125
114105.0156
114111.9688
114155.2656
114158.7656
114210.2188
114338.3672
114347.0156
114452.6172
115007.1641
115058.4141
118477.2188
118692.7656
118860.9688
118865.6641
119407.2188
120060.6641
121181.0156
121825.6172
121834.0156
123984.9688
126268.5156
128960.4688
129017.7656
129506.7656
130361.6172
130433.8672
130941.2656
132209.8594
132220.7656
134579.4219
134890.0625
134945.6719
138176.5156
138213.5625
138235.9688
138371.7188
138483.7656
139338.8125
140774.8594
141429.5625
142918.7188
143045.1094
143215.5625
143219.7656
143682.6094
144370.9219
145330.0625
146346.4688
150766.0156
151981.9688
153337.3594
153359.3594
154994.8594
156239.7188
156471.5156
157323.5156
157622.8125
160092.6094
160135.0625
160520.3125
165595.7656
166144.8125
166146.5156
166360.5156
168797.6719
168935.0625
168944.2188
169324.7188
169674.4219
170183.5156
170273.3594
170588.1719
170668.2656
170697.7656
170754.9688
170788.2188
171346.9688
171699.0625
171785.3125
171893.5625
171895.5156
171974.4688
171982.6094
172126.7656
173470.6719
173724.3594
174905.9219
183328.3125
195210.4219
203864.5625
214295.1719
215017.0156
217323.0156
217350.5625
217562.2188
217789.2188
217790.7188
217799.0625
217853.2656
217895.3594
217934.6094
218096.9219
218162.9688
218259.0156
219160.1094
219268.9688
219334.1094
219572.7188
236100.7188
236180.1094
236255.7188
236294.3594
236306.2188
236337.3125
236384.4688
236555.5625
239841.1719
241481.4219
241589.0156
242657.8125
242865.0625
242908.0625
260266.0625
267014.2188
271614.25
271758.5
273342.4688
277300.9063
282101.75
284090.5
285565.875
296387.7188
296496.5625
297714.5
298519.875
298618.75
298681.875
298993.9688
299075.75
299138.5
299176.7188
299271.875
299449.4063
299547.375
300090.0625
300248.375
300340
300381.125
300912.75
301056.75
301266.8125
301409.4063
301708.25
301934.0625
302000.4688
302141.75
302263.9063
302273.9688
302518.8125
302990.3125
303051.0625
303981.4063
306702.625
306738.0313
306781.6563
306809.9063
306831.4063
306859.125
306891.8125
306897.125
306943.5
307011.125
307266.1563
307333.9688
307429.9688
307545.0625
307696
307911.4688
307927.9688
308096.5
308258.4063
308284.6563
308457.0625
308665.625
308781.0625
308883.4688
308954.1563
309006.0625
310980.4688
332339.625
332382.7813
332724.375
332792.6563
334648.375
334681.8125
334830.9063
335179.7188
337746.9063
338034.5
341622.1563
341714.125
341784.4688
341795.625
341825.8125
341896.7188
342012.0625
342326.5625
342657.8125
343719.125
343760.4063
344616.375
344820.9063
344890.9688
344982.7188
345548.5
345584
345695.0313
345886.625
346324.125
346365.875
346421.8125
346521.3125
347219.3125
347289.6563
347381.75
347429.4688
347459.125
347500.5625
347545.4688
347606.2188
347648.2188
347683.0313
347748.7188
347771.125
348108.25
367095.9063
369447.7813
373553.0625
373647.7188
373680.4063
373696.125
374117.2813
374140.3125
374161.625
374203.625
374204.5625
374243.9063
374266.6563
374317.9688
374380.5625
374397.625
374429.375
374467.1563
374532.5625
374585.7188
374651.5
384451.7188
388425.125
395420.6563
404150.1563
408837.5313
408843.375
408894.5
408931.0625
408975.7188
408984.375
409034.9063
409047.4688
409055.875
409056.5625
409076.625
409079.875
409087.5
409120.8125
409127.0625
409134.7188
409170.875
409181.0625
409225.1563
409226.4063
409262.9063
409291.375
409296.2188
409330.9063
409409.8125
409441.7813
409465.5625
409546.8125
409751.4688
409813.9688
409989.9688
410092.375
410104.4063
410166.25
410275.8125
410291.8125
410546.125
410601.375
410685.1563
411124.375
411283.9063
411881.5
412257.6563
412494.7188
416873.375
418819.7813
418843.8125
418860.8125
418897.9063
418936.7188
419010.4063
419127.375
419176.1563
419262.625
419552.9688
431284.625
431541.5625
431590.1563
431592.125
450607.7188
450637.625
450672.6563
450680.4688
450738.6563
450761.9688
450892.9688
450904.125
450923.8125
450930.625
450957.7188
450979.7188
451014.4688
451029.4063
451087.7813
451150.4063
451176.4063
451181.5625
451244.0313
451251.3125
451299.2188
451355.125
451374.0625
451415.0625
451416.2188
451454.5625
451483.1563
451485.4688
451497.625
451504.625
451627.125
451647.375
451702.4688
451867.5313
451998.7813
452064.0313
452269.0313
455472.0625
456429.5625
456443.8125
456546.7188
456946.6563
457422.2813
457477.375
457482.625
483541.4688
485902.125
486174.1563
487714.4063
487734.0625
487786.625
487850.7813
487858.875
487982.6563
487999.125
488080.6563
488556.9688
488588.7813
489300.6563
489508.5313
489518.875
489764.5625
489839.0625
489942.2813
489959.5
490006.5313
490051.5625
490072.2813
490133.9063
490305.5
490322.7188
490399.2813
490444.0625
490563.4688
490655.6563
490675.1563
490698.4063
490894.5625
490917.6563
490979.4063
491167.9063
491223.0625
491431.875
491662.3125
491752.4688
