8733.293945
23140.19336
26978.29297
76851.59375
76865.19531
76866.14063
76878.99219
76897.54688
76901.94531
76939.64063
76964.64063
76984.64063
77003.54688
77024.74219
77055.29688
77071.39063
77099.99219
77126.79688
77201.34375
77239.29688
77276.39063
77361.64063
77583.69531
77740.49219
78430.34375
78544.09375
81887.94531
81906.14063
81918.19531
81948.84375
81964.44531
81986.04688
82008.44531
82026.09375
82040.04688
82061.34375
82081.84375
82105.49219
82143.24219
82186.29688
82231.89063
82433.64063
82506.64063
82628.19531
82674.19531
82826.74219
82913.24219
83054.34375
83182.44531
83545.04688
85956.99219
86006.19531
86082.24219
87025.54688
87094.29688
87128.14063
87148.09375
87171.49219
87228.19531
87240.19531
87303.69531
87796.54688
87820.24219
87846.49219
87874.14063
87907.94531
87986.89063
88043.24219
88522.39063
88548.09375
88570.84375
88592.44531
88616.14063
88636.14063
88716.64063
89041.74219
89059.54688
89060.79688
89138.04688
89410.09375
89428.59375
89458.79688
89489.49219
89511.09375
89585.99219
89896.34375
89916.89063
90223.44531
90249.79688
90300.74219
90353.24219
90374.44531
90942.69531
90963.99219
91288.34375
91324.34375
91630.94531
91946.84375
92159.84375
92182.29688
92434.69531
92445.14063
92494.99219
92720.29688
92792.84375
93403.89063
93433.09375
93483.44531
93525.94531
93917.14063
94398.74219
94442.44531
94623.24219
95383.79688
95404.59375
95974.94531
96274.64063
96666.34375
97418.79688
97483.89063
98802.34375
99257.74219
106931.6406
109205.1406
109276.5469
110155.4922
110281.5469
112556.2422
112602.5469
113669.9453
114450.0938
114479.6953
114485.2422
114505.2969
114530.8438
114589.5938
114797.1953
114956.5469
114996.0469
115400.2969
116015.6406
116143.2969
117266.0469
126041.0469
126051.7422
126054.9453
126071.5938
126090.8906
126093.2422
126102.4922
126125.0938
126159.8438
126179.7422
126233.8438
126270.7422
126327.4453
126369.3906
126386.6953
126388.0469
129697.9453
132097.75
132114.3438
132127.1875
132149.8906
132150.7969
132182.75
132217.25
132268.5938
132304.3906
132354.8906
133212.0938
133245.1875
133870.3906
135222.2969
139252.8438
141000.25
145624.8438
145665.5938
145744.3438
159625.2969
163687.1875
163727.6406
163791.6406
163847.6406
163911.5
163987.8438
167791.0938
167868.8906
167929.0469
167993.6406
171974.5
171981.0469
171982.1406
171982.5469
174742.2969
174757.0938
174770.0469
174777.0469
174797.2969
174818.9375
174848
174891.7969
174971.0469
174997.5
175072.8906
431284.6563
431546.25
431590.1875
431592.1875
