5097.87793
13691.97852
71545.22656
74228.17969
74892.17969
75808.875
76022.07813
76755.72656
76887.125
76951.92969
77095.28125
77178.72656
77298.47656
77434.97656
77555.92969
77781.375
77906.57813
79857.03125
81373.32813
81695.03125
81976.97656
82027.82813
82146.72656
82234.28125
87243.53125
87609.28125
88280.32813
88494.375
88595.72656
88943.82813
89218.67969
89542.82813
90067.47656
92313.375
100869.7813
102034.6797
105787.7813
110228.4766
112695.5313
112927.625
114552.0313
114890.6797
114994.5313
115218.0313
115434.3281
115818.5781
116306.9766
116442.7813
116764.0313
117021.375
117671.9766
117737.9297
117953.7266
118069.7266
118303.4297
118459.6797
118604.7813
118910.2813
119740.375
120693.9766
120794.0781
121423.3281
121839.9297
123485.0313
125364.5313
125895.5313
126086.625
126137.9297
126223.9297
126307.2813
126311.4766
126380.1797
126429.0313
126647.0781
126777.7266
126847.0313
127053.1797
127788.0781
128128.0313
128392.4297
129194.8281
129570.3281
130028.2813
130480.3281
130675.9297
130838.6797
131160.6719
132056.6719
132173.2813
132223.125
132255.9219
132300.9219
132364.8281
132391.9219
132452.5781
132561.7344
132667.5781
132788.875
133092.5781
133821.2813
141195.5313
141960.2813
142113.3281
143382.3281
144601.125
144855.2813
145426.4219
145453.6719
145515.6719
145525.875
145529.2344
145607.4844
145640.5781
145671.9219
145733.0313
145831.7813
145978.625
146091.375
146181.1719
146324.9219
146487.9219
146552.6719
146641.9844
146849.7813
147033.8281
147086.7344
147208.625
147299.7344
147390.3281
147611.7813
147964.9844
148436.5313
148642.2813
149469.625
149866.375
150301.0781
150348.2344
150615.2344
150718.1719
150824.8281
150935.0313
151291.7813
151523.7344
151579.2344
151865.5781
152086.7344
152135.4844
152229.7344
152274.0313
152508.7813
153257.5781
153904.2813
156028.375
156105.7813
156672.6719
157463.6719
158150.7344
158556.4844
158992.0781
159580.2344
159646.4844
160350.7344
162073.8281
162264.125
162576.4844
162924.125
163641.0313
163668.375
163671.125
163723.875
163758.5781
163795.4219
163854.4844
163940.9844
163971.7813
164016.8281
164066.5781
164195.6719
164260.4219
164328.4844
164438.0313
164464.125
164524.7344
164847.9844
165153.5781
165367.125
165527.2813
165785.0313
166076.6719
166284.8281
166498.7813
166890.9844
166948.8281
167075.8281
167411.5781
167472.3281
167604.7344
167719.125
167806.0313
167877.7813
167912.1719
167941.3281
168002.375
168174.9219
168375.9219
168451.5313
168728.1719
168915.9219
169051.2344
169173.2813
169367.875
169735.2813
169930.5313
170082.875
170231.1719
170332.7344
170536.2344
170737.8281
170820.1719
170985.7344
171097.0313
171461.0313
171579.875
171653.0313
171754.3281
171862.375
171925.1719
171974.4844
171998.9219
172079.2344
172168.625
172201.7344
172329.6719
172709.7344
172830.0781
173006.5781
173075.9219
173350.1719
173599.2344
173750.9219
174229.125
174548.9219
174748.2813
174760.375
174805.375
174808.625
174851.375
174914.1719
174947.7813
175028.5313
175139.4844
175333.5313
175373.4219
175536.0313
175799.2344
176381.2344
176807.875
176995.375
178951.9219
180001.125
180030.375
181207.625
182933.7344
183504.375
189277.2344
190098.7813
190718.2813
190874.3281
191499.9844
191745.0781
191854.4844
192302.2344
192595.4844
193146.625
193220.125
193525.625
194349.0781
194632.375
194799.0781
195317.7813
195393.5781
195626.4844
195685.2813
196291.9219
196486.5781
196587.875
196891.9844
197463.6719
197870.0781
198106.4219
198579.4219
199114.6719
199298.5781
199366.4844
199692.1719
200219.5313
200474.875
200739.9844
200973.2813
201579.625
201809.9844
202306.8281
202731.2813
203275.125
204215.2344
204816.4219
205024.0781
205226.7813
205624.125
206690.9844
207462.4844
208408.4219
210184.125
210205.9844
211126.9219
214721.875
214867.3281
215092.875
217279.5313
218485.3281
220629.0313
221462.4219
221600.9219
221880.625
222608.9844
222753.8281
223729.6719
224501.3281
225042.4219
225505.4219
226207.0313
227782.9219
229016.0313
232324.1719
232956.3281
235081.7344
236939.6719
237671.7813
238387.9219
239900.875
241290.4844
243431.0313
243950.9844
245103.0313
245897.7344
246601.0781
246948.2344
248709.6719
248981.9844
249642.7344
250167.9219
251330.2813
251987.9219
252422.4844
253468.2813
253772.625
253951.4844
254190.9844
255562.2813
257191.2813
257319.3281
258787.9844
260231.375
260492.3281
260734.2813
261620.9219
261794.0313
262616.4688
263063.0625
271071.125
271369.1875
271736.5313
272451.9688
272674.7188
272902.9375
273291.1875
273425.125
273903.4375
274263.3438
274374.4688
274412.9375
274710.0625
275088.6875
275670.0313
275942.2188
276070.7813
276565.625
276691.8438
276796.1875
277022.9688
277375.7188
277631.5313
278040.125
278173.9375
278484.4688
278580.5313
278920.625
279135.4688
279448.5625
280287.8438
281893.1875
282263.625
282656.125
283112.4688
283593.2188
283847.1875
284450.125
284988.4688
286091.8125
288194.9688
289943.2813
293056.9375
293375.375
293469.2813
293970.0313
294841.2188
295036.125
295449.6875
295616.8125
295770.5938
295962.7188
296095.9375
296722.375
297076.0938
297273.625
297936.9688
298384.375
298496.5313
298881.3125
299052.7188
299446.2188
300110.0313
300447.5938
301385.5313
301838.5625
302230.5313
302539.8125
304959.4688
305665.0625
306032.3438
309407.4375
314173.875
314985.2813
315279.875
315653.875
315787.875
315905.875
316128.3438
316401.0313
318698.4688
319708.625
320386.7813
320637.3438
321152.7188
321525.625
323637.7188
324740.7188
329352.4375
331039.0313
331168.7813
331826.375
333445.7188
334289.875
335820.9375
337101.5313
338493.375
339413.9375
339712.1875
340678.4688
344572.8438
344687.4688
347893.4688
348083.1875
349183.875
349425.6875
350439.5313
351353.8438
351832.0313
352550.0938
352875.125
353185.6875
353347.8125
353420.125
354599.4688
355976.375
356253.4688
356423.5313
356466.8438
356903.7813
359746.9375
360524.5625
360977.125
362660.9375
364914.125
365686.375
366565.2813
367836.4375
370696.4375
372425.7188
373523.2813
388390.3438
398499.0313
415046.9375
431284.625
431541.5625
431590.1875
431592.2188
458007.1875
458072.2188
458112.875
458139.4375
