254.8374939
293.3374939
306.3875122
321.9375
2328.587402
2334.6875
2344.537598
2355.387451
2371.4375
2446.487549
2487.287598
2556.387451
2606.537598
2630.987549
2674.037598
2745.337402
2761.987549
2794.1875
2825.487549
3055.337402
3162.237549
3185.387451
12596.53711
12601.28711
12624.03711
12632.4375
12643.53711
12778.9375
17479.73828
17486.4375
17512.23828
17523.4375
17545.98828
17571.08789
17587.28711
17758.63672
17787.98828
17912.38672
17939.73828
18049.4375
18120.38672
19506.73828
21974.78711
21982.83789
21992.9375
22016.03711
22114.63672
22125.83789
22188.53711
22336.9375
22357.03711
22455.4375
22493.23828
22532.6875
22679.38672
22790.38672
28447.88672
28916.33789
33782.08594
33812.83594
33842.23828
33915.78906
33941.88672
34041.83594
34086.6875
34180.6875
34309.38672
34442.6875
34474.03906
34605.1875
36730.78906
36741.28906
36752.63672
36768.9375
36830.73828
36843.6875
36936.6875
36977.38672
37004.6875
42522.28906
42528.28906
42544.38672
42561.38672
42577.03906
42611.53906
42664.58594
42692.83594
42781.53906
43334.08594
43360.53906
43387.78906
43424.88672
43453.4375
43480.38672
43665.13672
48566.48828
48577.48828
48588.88672
48599.1875
48697.78906
48759.23828
48774.63672
49114.63672
52952.08594
58591.23828
58601.63672
58612.88672
58641.98828
58657.83594
58712.88672
58824.88672
61334.08594
61344.73828
61359.4375
61380.98828
61392.48828
61409.63672
61442.48828
61481.33594
61513.9375
61576.63672
61712.53906
61770.33594
61856.83594
61919.63672
69700.89063
69708.28906
69726.6875
69760.89063
69775.48438
69794.89063
69856.39063
69932.83594
69954.03906
69978.64063
70008.53906
70034.6875
72781.28906
72787.48438
72812.98438
72872.4375
72934.6875
72950.03906
72982.98438
73012.39063
73042.89063
73060.6875
73095.9375
73115.78906
73272.89063
74429.03906
74456.73438
74482.48438
74540.6875
74581.64063
74633.73438
74716.1875
74747.9375
75064.48438
75120.53906
75124.83594
75242.9375
75361.4375
75439.39063
75546.08594
78991.4375
79008.03906
79020.14063
79030.9375
79041.53906
79064.23438
79108.03906
79176.1875
79263.03906
79288.33594
79317.6875
79335.14063
79450.73438
79491.64063
79655.89063
81890.58594
82988.28906
87728.48438
89360.64063
89365.73438
89375.1875
89407.78906
89420.28906
89440.39063
89451.28906
89485.83594
89536.23438
89837.4375
89852.1875
89870.23438
89892.14063
89910.73438
89929.98438
91169.33594
91268.23438
91274.53906
91290.39063
91345.39063
91359.1875
91379.89063
91409.6875
91581.48438
91598.28906
91708.48438
91924.48438
92096.9375
92145.53906
92195.48438
92244.08594
101033.4375
101039.5859
101058.1875
101080.1406
101092.7344
101191.8359
101225.6406
101243.9375
101302.1406
101359.9375
101439.6406
105101.8906
105109.2891
105118.9844
105142.4375
105151.6875
105201.9375
105224.4844
105430.5391
105527.8359
105615.8359
105711.1875
105882.7891
105958.1875
106058.5859
106064.1406
112566.7891
112573.2344
112585.0859
112600.8906
112611.4844
112622.3359
112679.2891
112752.7344
112823.8906
112914.2344
113130.8906
113232.4375
113334.5859
119590.0859
119595.5391
119618.6875
119649.1875
119662.5859
119694.2344
119852.4844
119964.6406
119986.0391
120111.0859
121168.9375
121182.6875
121236.4844
121264.4844
121301.2344
121371.8359
121550.7891
121751.5859
122713.5859
122755.2344
122777.2344
122797.4375
122912.4375
122992.7891
123149.6406
123178.8906
125225.8906
125239.0859
125253.0859
125289.2344
125342.8359
125452.9375
125468.5391
126849.7344
126875.4375
126935.6875
128354.1406
128362.3359
128380.0859
128548.4375
128615.7891
128785.6875
128817.0391
132223.7813
134258.6875
134292.4844
134301.4375
134314.3438
134324.8438
134336.9844
134395.1406
134488.2344
134559.6406
134681.5313
134742.4375
134864.4375
134884.0938
134905.3438
134924.5313
134986.8438
135005.0938
135049.3906
135075.6406
135101.6406
135134.9375
135234.7344
135277.8906
135391.0938
135475.8906
135686.1875
136070.1406
136086.3906
136107.6406
136144.7344
136161.2813
136230.9375
136287.7344
136683.9844
136704.8438
136727.1406
137813.0938
138490.5313
138952.2813
139808.7344
144172.9375
147219.0938
147224.2344
147251.2813
147263.1406
147374.3906
147394.6875
147550.2344
147924.2344
147962.8438
148038.4375
148072.1875
148109.4844
149581.7344
149587.7813
149617.6875
149633.1875
153496.2813
153536.2344
153592.4844
153763.9375
153813.4844
155999.4844
156121.0313
156132.6875
156148.2813
156163.3906
156217.2344
156230.3906
156381.1406
156449.0938
160846.9844
160851.9844
160862.9844
160874.0313
160882.6406
160889.2344
160903.4375
161016.8438
161064.5938
161136.0938
161234.5938
161508.5938
161537.9844
161560.6875
161672.0938
162377.1406
162392.6406
162448.9844
162755.0938
164125.8906
169027.9375
169169.9375
171808.9844
171841.3438
171974.4844
171980.9844
171981.8438
173209.4375
173215.0938
173287.5938
173406.2344
173466.0313
173549.8438
174095.2813
185847.2813
185855.1875
185896.7813
185926.2344
186005.8906
186232.9844
186423.6875
186531.0313
186610.9844
186870.5938
187301.3906
187315.9844
187477.4844
187579.6406
200593.5313
200600.8438
200616.7344
200645.2813
200683.6406
200722.2813
200821.9375
200867.5313
201004.5938
201070.6406
210456.5938
210464.8906
210479.5313
210511.5313
210528.3906
210590.1406
210700.4844
210718.2344
210877.7813
211019.5938
217038.4375
217047.4844
217073.1875
217168.6875
217226.0938
217334.2344
217403.1406
217452.1406
217549.0938
217569.8438
225528.6406
225538.8438
225548.6875
225777.4375
226291.9844
226346.4375
226431.0313
244388.8438
244399.8438
244411.6406
244450.7813
244478.1406
244550.5313
244570.1406
244774.0313
244952.0938
244982.1406
245191.2813
245279.8906
250432.6406
250453.1875
250462.6875
250774.7344
250829.2344
250916.8906
250996.5938
251050.4844
255460.3438
255472.0938
255490.4375
255575.3438
255664.0313
255677.3906
255782.1406
255970.4375
259319.8438
259333.2813
259375.9844
259379.5313
259407.0313
259428.7813
261580.5938
261597.0938
261614.1875
261679.4844
261775.5938
261828.0313
261950.1875
261970.6875
262116.3438
262211.0313
265525.2813
265611.2813
265687.5
265705.0313
265928.5
265970.9375
266003.1875
266170.6875
278597.2813
278608.375
278621.0313
278634.125
278714.7813
278780.0938
282262.3438
282304.5938
282316.25
282331.75
282449.5938
282471.5313
282572
282624.375
308076.5
308103.625
308134.5
308169.5938
308190.6875
308275.375
308308.0313
308336.9375
308393.7813
308775.75
308793.25
308842.375
308862.25
308876.8438
308920.75
308979.875
309042.6875
309074.7813
313073.1875
313104.75
313125
313134.375
313165.4375
313213.5938
313248.9375
313270.6875
313344.2813
313476.8438
313621.0313
313666.6875
318031.0313
318053.875
318082.0938
318127.9375
318155
321316.5313
321327.875
321345.4375
321373.875
321417
321485.0938
321505.2813
321566.375
332359.625
332368.7813
332377.625
332401
332414.75
332424.8438
332453.3438
332521.75
332597.875
332759.125
332840.1875
332973.7813
340317.125
340328.75
340339.9375
340355
340396.4375
340452.8438
340471.9375
340491.875
340548.5
340592.2813
340684.0938
340796.7813
340919.75
340942.25
347250.125
347398.125
347466.625
347479.6875
347510.6875
347597.25
347631.125
352921.5313
352944.5
352963.75
352983.2813
353030.3438
353086.5938
353101.5313
353149.25
353173.7813
353259
353320.75
353516.375
353658.5
353797.3438
358425.0938
358438.3438
358485.9375
358590.5313
358675.9375
358700.375
358728.5313
358760.9375
358783.0313
358862.375
358995
359124.9375
359142
359958.75
359969.25
359986.875
360042.875
360227.375
360244.9375
360322.5
360386.125
377416.6875
377423.4375
377443.0313
377459.3438
377532.625
377785.2813
377860.125
377923.9375
377997.375
378031.3438
384774.125
384780.5938
384819.75
384947.25
385229.9375
385341.7813
385429.5
389990.375
389995.5
390012.1875
390047.0313
390057.5938
390094.0938
390141.25
390220.6875
390267.6875
390364.0938
390387.4375
390520.8438
398431.375
398438.5
398449.3438
398490.0313
398572.0938
398717.75
398966.7813
405623.4375
405642.5938
405655.5313
405669.2813
405680.9375
405700.7813
405757.5
406103.625
406136.375
406163.2813
406178.5938
406322.4375
414447.625
414854.0938
418703.3438
418714.4375
418725.8438
418795.5313
418839.3438
418873.75
418895.5938
419229.0313
419249.9375
419281.875
419330.625
419432.8438
419523.0938
421802.5
423378.1875
423386.5313
423395.125
423408.75
423435.6875
423467
428076.25
428147.0313
428196.875
428220.0313
428254.0313
428405.125
428444.9375
428485.5313
431284.5938
431541.5313
431545.5938
431546.625
431587.5
431590.1875
434188.8438
434215.6875
434229.7813
434243.2813
434318.3438
434436
434460.3438
434498.1875
434547.75
434578
434633.2813
444722.3438
444729.125
444757.0938
444783.1875
444810.375
444866.1875
444895.4375
444929.4375
444964.1875
445180.5
445222.4375
445247.625
445268.9375
445298.5
452552.9375
452561.4375
452571.1875
452595.0938
452603.6875
452626.75
452652.6875
452683.1875
452694.5
452812.8438
452870.0313
452913.9375
453006.3438
453041.3438
453066.875
453301.875
457874.0313
457878.5938
457889.125
457904.8438
457927
457939.7813
457955.8438
457972.125
458012.8438
458158.875
458651.3438
458690.5938
458710.625
475872.5938
475884
475900.125
475918.2813
475936.875
476015.75
476036.6875
476077.0313
476117.3438
476202.125
476244.5938
476283.375
476380.125
476410.125
476559
476647.625
487223
487232.25
487245
487253.6875
487272.625
487324.375
487337.6875
487398.125
487447.75
487461.0313
487490.0313
487514.1875
487673.2813
487769.5
487863.1875
487902.375
488572.625
488676.875
488729.4375
488851.0938
490391.625
490416.0313
490459.9375
490535.6875
490578.875
490637
490687.0938
490724
490780.5
490846.5938
490893
490975.7813
491022.0313
491061.4375
491153.5
491328.5938
491377.125
491422.5938
491528.1875
491642.0938
491749.0938
491759.7813
491773.2813
491849.8438
