827.3562012
4135.90625
9961.005859
11870.55664
11949.30664
11988.50586
12420.65625
12921.45605
13074.35645
19001.05664
19067.20703
20902.25586
22453.15625
22493.70703
22516.40625
22532.50586
23018.90625
23059.35547
23072.25586
23117.35547
23179.30664
23254.60547
23261.15625
23330.45703
23377.75586
23379.75586
23426.00586
23436.60547
23467.50586
24023.90625
24321.10547
24332.45703
24403.40625
24423.10547
24496.60547
25185.15625
25253.25586
25955.55664
26812.90625
26839.90625
26876.80664
27089.75586
27107.80664
27142.15625
27171.45703
27193.45703
27275.75586
27422.90625
27436.60547
27500.40625
27564.60547
28056.95703
28081.75586
28102.70703
28136.30664
28157.55664
28177.70703
28207.60547
28249.95703
50085.75781
50141.80469
72424.55469
72472.30469
72531.80469
72619.85938
72665.85938
72911.20313
72971.65625
73025.80469
73027.85938
73084.40625
73086.40625
73216.45313
73255.20313
73295.20313
73328.20313
73331.20313
73360.70313
73366.30469
73369.10938
73419.25781
73435.85938
73457.60938
73471.05469
73507.55469
73517.90625
73542.40625
73577.65625
73582.90625
73619.40625
73657.85938
73664.00781
73679.25781
73736.65625
73832.60938
73949.65625
73976.05469
74011.55469
74055.60938
74120.85938
74137.45313
74157.00781
74164.95313
74174.35938
74194.50781
74205.10938
74212.60938
74256.40625
74260.50781
74265.00781
74287.55469
74299.35938
74323.30469
74379.65625
74386.40625
74392.30469
74451.80469
74483.30469
74546.80469
74628.85938
74690.95313
74701.05469
74725.20313
74726.40625
74770.20313
74773.85938
74812.75781
74836.25781
74854.60938
74970.85938
74995.85938
75016.60938
75127.30469
75153.40625
75172.45313
75192.15625
75210.05469
75252.15625
75295.00781
75318.45313
75338.25781
75353.80469
75378.50781
75408.90625
75450.50781
75497.60938
75520.00781
75523.05469
75536.35938
75586.60938
75726.00781
75766.25781
75779.55469
75828.40625
75831.05469
75911.75781
75943.45313
75963.85938
76167.05469
76204.95313
76206.35938
76242.80469
76277.15625
76278.50781
76364.70313
76460.75781
76488.80469
76536.15625
76725.20313
76792.00781
77038.05469
78122.30469
78149.35938
78175.40625
78179.95313
78212.10938
78226.60938
78247.75781
78261.60938
78291.40625
78297.70313
78304.85938
78324.90625
78345.50781
78414.65625
78451.05469
78545.50781
78717.65625
78878.95313
79210.45313
79288.70313
79791.25781
81830.20313
87058.95313
87672.35938
87686.90625
87701.50781
87702.65625
87710.95313
87725.80469
87881.35938
88500.65625
88921.70313
88967.15625
101575.1563
102084.5547
102111.4531
102418.3047
102540.7031
102588.1563
102619.2578
102879.3047
102941.6094
102963.5078
102971.7578
103009.7031
103045.0078
103115.2031
104107.3594
104180.5078
104556.9531
104586.1563
104731.0547
104789.1094
106343.9531
106441.5547
109041.3047
109151.3047
110007.8594
110054.8047
110106.5547
110156.6094
110262.3047
111930.3594
112581.6094
113589.0078
113643.8594
113806.5078
113867.6563
113889.8047
113894.0547
113972.0078
113975.3047
114071.0547
114079.4063
114161.3594
114170.6094
114198.3047
114231.3594
114261.5547
114266.6094
114269.8594
114327.4531
114353.5078
114417.6563
114419.3594
115206.2031
115384.2578
115879.7578
116431.6094
116630.2578
116685.0078
118239.7578
118248.3047
118288.3594
118302.7031
118397.5547
118461.2578
118482.8047
118574.8594
118619.2578
118669.0078
118686.2031
118721.9531
118740.2031
118753.9063
118788.3594
118828.9063
118840.3594
118847.1094
118864.2031
118867.4063
118889.5078
118906.2031
118946.7031
118971.3047
119000.2578
119017.6094
119080.7578
119222.4531
119635.7578
120053.6094
120059.2578
120078.7031
120112.1094
120172.4063
120267.0547
120325.5078
120338.9531
120401.7578
120811.0547
120822.1094
120844.8047
120898.4063
120901.5547
121209.9531
121467.1563
121528.2031
121634.9531
121678.9531
121764.5078
121876.3594
121907.2031
121936.9063
121987.8047
122274.8047
122349.3594
122385.7031
122447.8047
122522.9531
122542.5547
134639.5625
134771.2031
134803.8594
134894.6563
134924.5
134942.4531
135016.75
135085.25
135131.25
135275.7031
135304.8125
135338.8125
135574.0625
135592.8594
135607.5625
135651.75
136090.4063
136151.8125
136688.9531
136726
136790.8125
137042.75
137094.4531
137128.2031
137156.6563
137278.4531
137456.9063
137543.9531
137572
137608.2031
138110.75
138124.8125
138126.9531
138145
138151.2031
138176.5625
138195.3125
138238.2031
138249.8125
138287.7031
138303
138336.2031
138392.1094
138482.6094
138509.4531
138525.7031
138545.8125
138624.4063
138699.25
138739.6094
138795.5625
138810
138842.7031
138971.6094
139185.4531
139201.5625
139229.9063
139240.9063
139251.9063
140619.8594
140661.1563
140685.3594
140691.9531
140757.7031
140790.8125
141030
141245.25
141351.3125
141707.2031
141719.5
141781.5
141789.75
141892.25
141911.9531
141923.1563
141973.25
142016.3125
142073.7031
142115.3594
142171.0625
142402.1563
142560.75
142583.6094
142602.1563
142615.3125
142672.9531
143042.7031
143086.9531
143208.6563
143217.8125
143260.9531
143304.3594
143337.5625
143619
143668.0625
143696.6563
143699.4063
143925.25
144061.9063
144115.8594
144784.1563
144805.7031
144902.8594
145943.5
153348
153350.3125
153378.5625
153675.4063
153698.4063
153715.4063
153773.5625
154112.9063
154123.7031
154135.1094
154150.0625
154165.3125
154220.6094
154262.0625
154288.4063
154345.25
154351.5
154378
154388.8594
154636.1094
154683.6563
154709.9063
154750.4063
155089.8125
155192.0625
155249.25
155275.3594
155384.75
155579.3125
155630.4531
155884.6094
155917.2031
156092.6094
156137.8594
156421.3594
164350.4063
164400.3125
164561.3125
164586.4063
166127.3125
171974.4531
202644.0625
203125.4531
203168.2031
203275.5
203348.3594
203577.5625
203601.3594
203622.1094
203638.1563
203655.9063
203724
203732.3594
203831.7031
204321.6094
204345.2031
204412.9531
204442.9063
204483.9531
204580.25
204600.25
204620
204987.7031
205032.3594
205035.7031
205052.8125
205085.2031
205109
205172.6563
205220.4063
205236.3125
205291.0625
205396.3594
205440.2031
205493.8125
205711.6094
205762.1563
205779.4063
205836.3594
205867.3125
205942.3594
206228.4531
206336.6563
206469.75
206562.6094
206617.4063
206669.2031
206753.25
206848.75
206921.1094
208185
208224.6563
208290.9063
208340.1094
208371.4531
209227.3594
209272.0625
209363.25
210037.4531
217298.3125
217365.8125
217479
224379.5
227726.8594
227942.6094
228029.3125
237857.5625
238288.1563
238320.5625
238396.9063
247734.6094
249129.25
249192.3125
249255.2031
249822
249851.9063
249933.25
250022.3125
250588.2031
250626.1094
251453.7031
251786.5
254566.2031
254606.2031
259490.7031
259526.3594
259561.5
265870
268710.75
280205.6563
280359.1563
286255
286292.5625
288367.3438
295773.8438
295801.8438
296645.9688
297298.3438
297476.8125
297531.2188
297620.25
297974.5625
298033.5
298149.9063
298229.5625
298277.25
298311.7188
298410.4688
298500.6563
298606.5938
298810.8125
299069.5625
299072.5
299124.6563
299153.1563
299176.5938
299185.6563
299207.8438
299237.3438
299280.5938
299412.7188
299420.0625
299442.5625
299508.75
299602.8125
299749.5938
299798.1563
299839.9063
299843.1563
299908.5
300032.9688
300061
300096.5938
300163.8438
300212.9688
300249.8438
300583.2188
300631.1563
300673.3438
300682.0938
300713.7188
300783.3125
300884.1563
300905.5
300922
301047.8438
301076.5938
301079.25
301106.2188
301120.7188
301192
301297.9688
301402.1563
301629.8125
301833.0938
301909.8438
301950.1563
301954.7188
302345.3125
302911.2188
303027.25
303101.1563
303437.1563
303986.7188
304014
304543.0938
304825.8125
306816.1563
306829.8125
306856.9688
309220.9688
330298.7188
330319.1563
330368.2188
330387
330415.4063
330460
330564.9688
330652.9063
330669.3438
330769.8125
331295.4688
331571.1563
331639
331800.7188
331817.5
332247.5
332281.9688
332285.5
332359.8125
332443.8438
332503.75
332712.5625
332722.75
332751.0625
332764.4063
332842.2188
333438.2188
333777.8125
333921.1563
334605.8125
334701.0625
334807.9688
349331.8125
349356.1563
349390.9063
349613
349633.9063
349669
350728.7188
351556.8125
358414.9063
363065.4063
363099.9063
364495.0625
364536.3125
365252
377025.8438
377531.0625
377590.0938
377719.7188
378059.9688
378137.9688
378232.8125
381449.1563
384326.5
385361.7188
385452.0938
386404.8125
386486.0625
389751.9688
391291.5938
391411.5
392598.25
393419.5938
394632.2188
400099.0938
409606.5938
414225.75
414253.9688
414387.8125
414712.4688
414843.7188
414934.3125
415013.2188
415659.5
415746.1563
417528.4688
418516.8438
418601.4063
418854.3438
418948.3438
422694.0625
422768
422983.6563
423210.75
423308
423392.7188
424120.25
424199.9688
424657.25
425087.5625
425799.9063
427096.7188
427130.7188
427185.4063
431284.5938
431541.5625
431590.1563
433850.5625
438289.4688
438528.8125
438693.9063
441797.5
441843.8125
441987.4063
443089.75
443214.9063
447712.5625
447888.0938
448256.8125
456250.6563
456501.3125
461072.2188
462988.0938
468409.5625
468981.2188
472319.6563
472766.75
472801.0625
472842.5
472913.8438
474631.8438
475407.5938
475441.4063
475552.9063
475701.75
475874.8125
476530.8438
476581.3438
476690.1563
477888.9063
479505.8438
479580.5
479767.3438
479791.9688
479922.8125
480028.0625
480231.7188
480271.0625
480307
480471.6563
480543.9063
480626.6563
480877.0625
480908
481273.7188
481338.9063
481476.25
481510.5938
481531.8438
481561
481590.4688
481592.9063
481598.3438
481798.25
481844.3125
481886.4063
481975.3125
482087
483154.4688
483178.9688
483199.0938
483224.9688
483358.25
483381.4688
483686.3438
483737.0938
483783
485685.9063
486569.4063
486582.8125
488024.5625
488162.9688
488197.5625
488670.4063
488671.3438
488673.1563
488715.8438
488730.3125
488826.2188
491155.5938
