11528.95703
11674.45703
13909.20703
16556.05664
16719.80664
19901.75586
19942.20703
22758.80664
23914.05664
24007.70703
24011.20703
24078.75586
27146.35742
30446.20703
32428.65625
32451.95703
32539.95703
32552.90625
32668.80664
32671.55664
32740.35742
33745.55859
34028.20703
34084.35547
34298.50781
34529.80859
34533.85547
34596.80859
34726.90625
34908.60547
36919.35547
36989.80859
37934.80859
38054.50781
38092.15625
38319.55859
38367.45703
39125.75781
39392.00781
40082.75781
40209.85547
40307.40625
40349.05859
40398.60547
40424.95703
41107.25781
41152.15625
41170.15625
41241.20703
41426.75781
41475.60547
41481.55859
41598.90625
41961.80859
42017.50781
42064.60547
42092.15625
42403.40625
42624.05859
42774.90625
43146.25781
43199.40625
43692.75781
43875.70703
43903.50781
45720.20703
45728.90625
45778.50781
47602.55859
47998.25781
48034.85547
48095.75781
53376.95703
53385.65625
53412.70703
53463.35547
53494.10547
53527.30859
53677.65625
53698.70703
53761.25781
53809.75781
54577.40625
54634.30859
54666.00781
54688.00781
54713.95703
61483.95703
61724.50781
62132.40625
62139.10547
62196.95703
63571.55859
63629.60547
63752.85547
65654.35938
