877.3565063
910.7064819
954.1065063
970.9564819
981.6065063
1075.156494
1083.50647
1109.906494
1139.75647
1160.50647
1173.106445
1225.25647
1235.806519
1260.456543
1276.456543
1283.556519
1298.106445
1316.106445
1330.656494
1334.50647
1351.00647
1393.75647
1402.106445
1423.75647
1451.706543
1496.106445
1519.656494
1534.606445
1536.656494
1550.50647
1555.156494
1586.556519
1591.00647
1597.50647
1644.406494
1665.75647
1720.50647
1768.606445
1784.456543
1808.25647
1810.556519
1838.356445
1846.156494
1867.606445
1868.806519
1903.956543
1911.456543
1924.656494
1927.656494
1960.056519
1992.606445
2013.456543
2016.656494
2026.456543
2077.406494
2106.457031
2147.906494
2153.306396
2155.957031
2173.957031
2196.056396
2230.056396
2236.457031
2240.756592
2287.306396
2290.906494
2332.406494
2431.406494
2450.556396
2475.156494
2527.656494
2563.006592
2572.806396
2574.906494
5104.856445
5126.506836
5151.206543
5187.556641
5204.906738
5207.856445
5217.556641
5242.506836
5264.556641
5281.406738
5301.256836
5326.906738
5329.206543
5342.106445
5344.806641
5367.456543
5392.306641
5400.856445
5464.006836
5525.706543
6142.406738
6143.556641
6168.356445
6205.856445
6227.006836
6242.806641
6244.056641
6258.506836
6291.106445
6308.406738
6318.356445
6333.306641
6341.606445
6364.156738
6378.856445
6385.806641
6494.956543
6507.806641
6518.006836
6581.256836
7117.606445
7139.806641
7142.206543
7168.456543
7173.706543
7207.506836
7214.456543
7235.506836
7242.756836
7247.306641
7272.556641
7284.606445
7315.656738
7319.706543
7323.056641
7378.006836
7381.206543
7382.506836
7409.506836
7435.956543
7446.406738
8170.156738
8187.506836
8209.15625
8233.606445
8234.707031
8269.457031
8270.457031
8285.806641
8305.457031
8308.957031
8325.90625
8341.606445
8356.106445
8362.207031
8410.957031
8473.106445
8474.506836
8527.256836
8529.15625
9183.90625
9195.756836
9227.356445
9273.506836
9316.356445
9319.106445
9326.506836
9369.90625
9379.15625
9385.506836
9406.707031
9439.506836
9504.256836
9507.40625
9542.106445
9555.707031
12178.60645
12193.05664
12216.15625
12323.80664
12332.25684
12338.30664
12376.95703
12381.00684
12450.70703
12464.40625
12477.30664
12528.90625
13228.80664
13244.15625
13251.75684
13290.35645
13296.45703
13365.60645
13370.20703
13378.80664
13403.50684
13464.20703
13479.85645
13502.05664
13564.70703
14237.25684
14248.25684
14269.05664
14282.85645
14358.75684
14454.35645
14455.45703
14470.30664
14497.70703
14502.10645
14528.70703
14541.00684
14558.75684
14571.30664
14588.80664
14609.65625
15329.25684
15358.90625
15404.85645
15422.95703
15437.10645
15467.60645
15525.55664
15601.30664
15603.90625
15620.65625
16406.05664
16411.20703
16444.80664
16448.25586
16493.20703
16496.85742
16525.30664
16550.35742
16567.30664
16619.60742
19285.40625
19327.80664
19335.95703
19338.60742
19376.55664
19394.15625
19406.45703
19431.80664
19446.00586
19475.05664
19498.65625
19502.80664
19513.95703
19537.85742
19594.70703
20330.90625
20340.90625
20358.65625
20362.15625
20383.00586
20418.90625
20426.80664
20475.25586
20488.60742
20510.65625
20517.05664
20530.50586
20578.10742
21303.65625
21310.45703
21335.20703
21347.90625
21370.95703
21390.35742
21425.35742
21444.55664
21448.80664
21450.95703
21501.10742
21520.40625
21541.40625
21554.85742
21581.05664
21595.20703
21603.95703
21622.70703
21635.00586
21681.50586
21716.05664
22371.55664
22387.65625
22389.40625
22406.55664
22435.15625
22449.80664
22462.90625
22471.65625
22497.20703
22515.75586
22554.55664
22574.25586
22592.45703
22605.75586
22623.30664
22636.15625
22727.55664
23380.35742
23424.45703
23438.30664
23447.05664
23457.65625
23476.40625
23485.20703
23489.60742
23508.30664
23520.40625
23566.00586
23572.25586
23599.80664
23606.35742
23628.35742
26343.50586
26360.60742
26383.70703
26407.10742
26409.90625
26459.65625
26471.90625
26503.45703
26534.35742
26555.50586
26567.45703
26581.90625
26633.80664
26646.90625
26681.15625
27397.25586
27422.30664
27435.65625
27486.70703
27494.55664
27525.35742
27548.35742
27602.65625
27661.40625
27699.50586
27701.65625
28376.80664
28413.30664
28427.70703
28457.70703
28497.50586
28499.50586
28538.55664
28599.85742
29359.20703
29389.95703
29442.20703
29482.35742
29534.00586
29534.75586
29586.35742
29627.65625
29653.75586
29721.25586
30223.35742
30287.85742
30362.90625
30388.65625
30411.50586
30433.50586
30439.20703
30458.40625
30482.70703
30567.65625
30602.35742
30670.70703
30725.55664
33518.45703
33549.30859
33574.35547
33689.80859
34207.90625
34350.35547
34450.50781
34451.05859
34459.35547
35752.45703
36799.55859
36800.80859
36825.25781
36869.85547
37856.20703
37861.25781
37887.10547
43193.85547
43242.45703
43280.55859
43387.00781
44027.10547
44050.05859
44066.15625
44097.25781
45207.80859
45218.60547
45241.00781
45247.00781
45294.85547
45337.10547
48425.40625
48481.60547
48603.75781
49415.50781
49434.75781
49435.80859
49457.95703
49471.55859
49520.15625
49541.85547
49578.30859
49587.20703
49610.05859
49638.55859
49717.95703
49723.45703
49773.60547
49841.05859
50087.55859
50128.30859
50143.60547
50163.90625
50215.10547
50365.85547
50401.90625
50427.60547
50467.40625
50491.40625
50523.65625
50533.15625
50555.90625
50582.05859
50642.65625
50816.75781
50874.55859
50925.45703
50937.30859
50983.65625
51508.75781
51573.65625
51692.35547
51720.75781
51757.50781
51788.05859
51820.60547
51824.15625
51910.35547
52884.35547
52903.65625
52914.00781
52949.60547
53014.50781
53217.75781
56571.25781
56638.95703
56642.80859
56683.55859
58846.35547
58872.45703
59929.05859
60010.70703
60968.85547
60980.35547
61059.95703
61274.40625
61747.95703
61769.40625
61786.80859
61806.30859
61852.90625
61927.15625
62122.75781
62129.30859
62204.15625
