5001.306641
9543.756836
10390.05664
10839.95703
11802.70703
11822.95703
11886.00684
12650.60645
13638.30664
13754.80664
16210.65625
16389.35742
19083.40625
19921.05664
19954.10742
20954.95703
21449.60742
21777.00586
21896.05664
21971.70703
22620.30664
22856.80664
23055.95703
23100.55664
23530.00586
23929.35742
24114.30664
24139.05664
24182.45703
24186.00586
24226.20703
24312.35742
24317.55664
24383.25586
25072.00586
25120.75586
25128.40625
25351.20703
25401.45703
25406.15625
25455.75586
25754.25586
26306.45703
26336.20703
26359.35742
26386.70703
26421.80664
26435.80664
26495.10742
26529.15625
26545.30664
26648.30664
26680.25586
26681.80664
27214.80664
27263.80664
27537.45703
28437.35742
28449.60742
28527.65625
28581.90625
28593.75586
28607.10742
28769.85742
28914.05664
28971.15625
29049.00586
31573.60742
31657.95703
32989.80859
33059.35547
34919.95703
35027.15625
36517.85547
37270.75781
37835.25781
40032.40625
40544.55859
49520.00781
49599.35547
49730.60547
56201.05859
56896.95703
56960.60547
57418.85547
57574.70703
58056.05859
58173.85547
58227.95703
58232.35547
58361.65625
58366.95703
61314.70703
61407.60547
67146.80469
67168.55469
67219.85938
67226.95313
68250.15625
