511.2749939
1427.675049
2636.475098
2650.774902
2660.425049
2679.024902
2881.324951
2881.475098
2881.824951
3025.175049
3734.675049
4442.725098
4970.375
5164.825195
6226.524902
6261.125
6277.475098
6296.924805
6351.375
6530.825195
6819.024902
6819.424805
7611.924805
8132.774902
8350.125
8691.325195
8773.474609
8820.525391
9044.674805
10149.52539
10259.625
11880.47461
11905.125
12166.8252
12433.0752
12796.77539
12963.6748
13355.625
13598.875
13965.8252
13973.77539
13983.72461
17298.625
17527.625
17534.07422
17552.02539
18166.17578
18461.97461
18470.92578
18480.52539
18509.77539
18813.77539
19933.22461
20051.125
20059.72461
20948.375
21014.97461
21091.375
21682.57422
21691.72461
21716.52539
21825.57422
21885.57422
22235.02539
22759.17578
22949.42578
23057.77539
23072.47461
23080.92578
23093.02539
23654.27539
23664.67578
24148.07422
24791.52539
25250.27539
25826.625
26004.57422
26825.67578
26830.82422
26842.77539
26870.42578
26877.82422
27271.67578
27734.82422
27914.42578
28231.625
29419.92578
30236.52539
30548.52539
30766.27539
31068.47461
31093.875
31117.875
31370.67578
31515.32422
32258.875
32349.72461
32357.67578
32377.42578
32409.42578
32499.77539
33708.17578
33719.32422
33745.42578
33757.07422
34223.17578
35273.47656
35768.82422
36277.32422
36887.52344
37377.02344
37566.375
38542.22656
40648.57422
40662.32422
41929.875
41939.92578
41951.42578
41959.22656
41970.97656
43213.07422
43222.27344
43229.92578
43718.97656
44806.125
44821.32422
45763.47656
45780.82422
46364.42578
46785.22656
47004.07422
47231.02344
47247.57422
47919.77344
47933.32422
47948.22656
48259.125
48358.22656
48664.42578
48672.32422
48681.02344
49300.07422
49638.67578
50033.52344
51361.22656
51370.22656
51421.97656
51817.72656
51824.32422
51869.07422
52278.875
52436.82422
52816.72656
52834.52344
52863.875
52926.97656
53394.625
53424.42578
53486.17578
53539.32422
53589.07422
54659.67578
54767.125
54880.47656
54894.47656
54923.07422
54992.125
55098.375
55389.47656
55487.67578
55680.72656
55690.22656
55702.27344
55732.17578
55747.22656
55788.27344
56015.27344
56437.82422
56791.42578
57292.67578
57436.125
57446.77344
57466.47656
57503.77344
57544.07422
57732.72656
58479.625
58494.42578
58960.97656
58978.42578
60526.67578
60736.77344
60753.47656
60774.02344
61468.52344
61634.07422
61752.02344
61765.67578
63109.77344
63212.72656
63513.82422
63672.02344
63799.17578
64080.97656
64353.97656
65136.22656
66041.92188
66099.32813
66270.125
66307.97656
66358.72656
66411.125
