328.3439941
1364.543457
2089.343994
2103.394043
2135.743408
2242.743408
2881.444092
2881.793457
3921.243408
3922.743408
3938.743408
3952.694092
3954.293457
3957.394043
3982.144043
3983.793457
4006.144043
4012.843994
4025.043457
4053.644043
4065.043457
4084.394043
4121.943848
4123.543945
4151.443848
4190.594238
4206.043945
4254.143555
6148.594238
6322.943848
6380.344238
6393.443848
6432.293945
6465.443848
6668.743652
6706.393555
6727.094238
6733.243652
6751.993652
6754.643555
6763.293945
6764.743652
6795.793945
6819.543945
6819.844238
6829.493652
7069.993652
7125.594238
7163.243652
7178.543945
7253.043945
7619.243652
7671.243652
7700.094238
7919.043945
7925.943848
7983.643555
8036.844238
8039.493652
8054.243652
8063.094238
8081.293945
8110.743652
8121.193848
8154.493652
8155.844238
8175.844238
8203.494141
8269.543945
8275.744141
8279.793945
8409.793945
8420.744141
8788.943359
8827.043945
8854.893555
9013.793945
9236.393555
9256.043945
9280.393555
9324.393555
9326.793945
9329.143555
9389.244141
9424.643555
9508.443359
9571.943359
9976.693359
10006.54395
10246.24414
10261.29395
10289.64355
10408.84375
10444.89355
10462.09375
10483.19336
10499.89355
10511.34375
10535.24414
10559.09375
10596.24414
10599.89355
10630.44336
10636.94336
10645.19336
10722.89355
10800.04395
11126.69336
11140.94336
11244.64355
12048.19336
12266.89355
12341.54395
12513.09375
12571.04395
12579.19336
12581.44336
12585.39355
12587.69336
12600.59375
12601.24414
12602.84375
12610.29395
12623.19336
12627.49414
12660.94336
12667.14355
12673.49414
12682.84375
12706.74414
12714.04395
12739.89355
12745.34375
12776.54395
12818.84375
12890.09375
13345.39355
13529.54395
13598.89355
14816.14355
14826.94336
14934.24414
15206.04395
15232.39355
15255.79395
15283.24414
15340.79395
15431.49414
15920.59375
15937.54395
15972.04395
16037.99414
16340.19336
16427.54297
16474.84375
16720.74414
17090.24414
17105.99414
17136.14453
17471.99414
17478.59375
17554.24414
17575.54297
17582.99414
17591.79297
17630.44336
17671.94336
17720.74414
18167.79297
18259.39453
18557.99414
18577.29297
18623.74414
18628.94336
18679.74414
18694.84375
18754.44336
18817.64453
18956.69336
19215.84375
19235.94336
19320.14453
19584.94336
19648.79297
19725.44336
19795.04297
19807.99414
19827.79297
19843.74414
19887.04297
20503.44336
21594.69336
22210.19336
22672.69336
22749.44336
22762.54297
23018.64453
23049.39453
23062.84375
23071.64453
23076.54297
23085.74414
23088.49414
23106.69336
23132.64453
23180.09375
23257.94336
23704.59375
23737.49414
24112.79297
24162.19336
24169.94336
24180.54297
24202.49414
24247.14453
24270.99414
24319.99414
24784.74414
24936.29297
25192.99414
25202.64453
25207.79297
25210.94336
25242.14453
25251.64453
25276.04297
25288.09375
25289.54297
25332.69336
25448.54297
25494.94336
25753.14453
25842.94336
25915.89453
25947.79297
26315.24414
26316.69336
26324.84375
26368.09375
26400.94336
26413.99414
26477.99414
26508.04297
26532.89453
26550.24414
26558.89453
26917.19336
26937.94336
26969.84375
27252.64453
27323.89453
27420.79297
27470.09375
27472.49414
27480.09375
27509.29297
27558.29297
27578.54297
27622.39453
27697.19336
30385.04297
30428.09375
30821.49414
30823.19336
30858.74414
30884.14453
30962.19336
31035.94336
31198.24414
31275.89453
31315.34375
31440.29297
31445.79297
31642.24414
31874.34375
31935.29297
31997.59375
32079.39453
32080.64453
32146.34375
32593.34375
32928.49219
32978.74219
32980.94531
33014.29297
33034.34375
33044.44531
33048.94531
33079.89453
33175.49219
33676.29297
34000.39453
34033.14453
34082.49219
34122.99219
34136.09375
34192.39453
34712.14453
34736.94531
35142.19531
35172.79297
35189.14453
35190.29297
35275.74219
35868.04297
36095.29297
37403.19531
38016.69531
38036.09375
38364.94531
38419.24219
38445.34375
38538.19531
38625.04297
38657.04297
38996.04297
39035.29297
39121.64453
39326.49219
39548.19531
39627.29297
39722.49219
40248.19531
40299.44531
40616.09375
40671.59375
40754.84375
40786.29297
40872.74219
41173.64453
41226.74219
41347.24219
41370.24219
41739.44531
41777.09375
41824.69531
41840.59375
41948.04297
42431.79297
42638.59375
42817.74219
42836.29297
42881.89453
42932.14453
45651.64453
45981.99219
45982.49219
46044.99219
46100.64453
46455.99219
46557.34375
46580.24219
46729.19531
46769.99219
46944.64453
47046.74219
47066.19531
47098.74219
47108.14453
47141.74219
47211.54297
47321.84375
47722.09375
47800.29297
47865.89453
47979.94531
48088.74219
48164.69531
48174.74219
48189.14453
48205.69531
48224.24219
48242.94531
48244.69531
48290.04297
48370.74219
48648.29297
48666.14453
48860.34375
49239.94531
49262.89453
49336.64453
49385.74219
49887.94531
49917.14453
50234.84375
50477.74219
50539.84375
50608.44531
53002.04297
53043.79297
53151.19531
53355.74219
53455.44531
53480.49219
53497.39453
53542.69531
53587.94531
53650.39453
54053.44531
54095.94531
54156.19531
54203.54297
54491.29297
54560.54297
54574.34375
54578.54297
54595.29297
54635.09375
54679.74219
54710.24219
54765.79297
54785.39453
55157.49219
55189.34375
55205.89453
55285.74219
55608.09375
55639.49219
55675.74219
55678.69531
55717.04297
55724.04297
55742.44531
55774.49219
55830.29297
56245.19531
56271.49219
56647.94531
56667.84375
56687.79297
56693.39453
56704.79297
56735.29297
56781.74219
56788.89453
56837.04297
56839.54297
57259.24219
57272.14453
57312.34375
57313.94531
57717.99219
57757.29297
57758.19531
57760.69531
57764.14453
57794.84375
57796.39453
57821.69531
57825.94531
57832.24219
57848.44531
57866.19531
57867.99219
57872.29297
57926.54297
57940.09375
58314.39453
58817.04297
60539.49219
60721.14453
60780.94531
60831.94531
60840.24219
60882.89453
61411.19531
61436.29297
61471.49219
61496.89453
61894.74219
61956.94531
61977.04297
62049.89453
62369.44531
62489.09375
62594.99219
62610.34375
62739.39453
62928.89453
62948.49219
62986.99219
63034.89453
63045.14453
63047.29297
63109.19531
63218.19531
63621.39453
63627.29297
63752.84375
63771.99219
63827.84375
63910.09375
64018.09375
64055.59375
64064.54297
64066.24219
64109.29297
64189.44531
64254.34375
64311.24219
64657.09375
64698.74219
64751.19531
65057.54297
65101.74219
65102.89453
65120.54297
65150.39453
65190.54297
65255.94531
65744.54688
66203.34375
66270.79688
66329.94531
