59.03450012
103.0345001
165.2344971
327.6845093
401.384491
480.884491
588.3344727
620.6845093
694.7844849
794.3344727
869.7844849
893.5844727
959.3344727
1027.634521
1110.334473
1178.534546
1276.084473
1330.184204
1435.684204
1468.284546
1532.684204
1612.784546
1691.384521
1751.684204
1807.084473
1884.684204
1939.984497
2002.534546
2035.734497
2057.484619
2094.034424
2162.784424
2190.434082
2227.684082
2266.284424
2406.584473
2498.384277
2554.934082
2628.384277
2711.884277
2767.734619
2837.084473
2887.434082
2952.584473
3013.734619
3048.084473
3100.784424
3155.784424
3191.384277
3244.634277
3311.584473
3407.034424
3451.634277
3509.834473
3593.284424
3645.034424
3685.784424
3823.084473
3849.234619
3919.184082
3941.784424
3962.034424
3972.734619
3983.834473
4011.934082
4018.634277
4039.034424
4093.184082
4195.03418
4258.584473
4292.134277
4377.734375
4445.43457
4473.384277
4539.43457
4609.384277
4626.984375
4688.734375
4743.834473
4848.18457
4881.134277
4989.134277
5035.234375
5089.93457
5180.53418
5224.93457
5301.53418
5368.984375
5423.834473
5467.28418
5564.134277
5608.334473
5651.584473
5755.18457
5822.334473
5878.68457
5935.584473
5982.834473
6046.28418
6144.484375
6186.68457
6239.134277
6264.134277
6329.03418
6355.53418
6407.93457
6454.384277
6458.53418
6501.78418
6595.884277
6753.334473
6757.134277
6816.53418
6819.43457
6866.18457
6898.334473
6927.484375
6955.93457
6981.734375
7112.03418
7128.984375
7137.584473
7190.584473
7251.28418
7265.78418
7313.834473
7387.084473
7452.53418
7500.884277
7528.834473
7560.28418
7604.884277
7616.484375
7670.984375
7695.984375
7738.43457
7783.984375
7863.634277
7885.28418
8123.384277
8184.384277
8276.78418
8310.53418
8315.93457
8363.53418
8392.28418
8473.53418
8523.384766
8574.134766
8607.53418
8674.43457
8692.03418
8759.93457
8790.53418
8829.634766
8848.083984
8874.384766
8918.43457
8968.234375
9026.734375
9068.28418
9324.28418
9404.43457
9406.03418
9450.634766
9485.734375
9497.384766
9550.68457
9618.634766
9672.484375
9740.134766
9787.384766
9824.083984
9875.833984
9914.083984
9979.833984
10003.53418
10035.33398
10071.83398
10076.73438
10123.68457
10170.68457
10217.98438
10279.73438
10359.33398
10423.53418
10539.23438
10571.33398
10591.58398
10607.48438
10659.93457
10663.58398
10766.48438
10848.18457
10916.88477
10952.23438
11005.78418
11037.68457
11055.48438
11080.18457
11106.28418
11162.23438
11203.98438
11251.53418
11320.58398
11363.48438
11398.18457
11504.73438
11556.93457
11609.63477
11706.18457
11778.28418
11845.58398
11909.43457
11978.98438
12035.38477
12076.03418
12135.08398
12210.93457
12261.98438
12313.43457
12392.73438
12448.63477
12484.88477
12518.58398
12567.23438
12569.83398
12579.98438
12588.58398
12623.03418
12641.88477
12659.88477
12726.58398
12757.23438
12768.68457
12836.28418
12902.08398
12946.48438
12977.18457
13041.13477
13092.68457
13151.33398
13172.18457
13206.03418
13240.28418
13337.08398
13394.18457
13455.78418
13490.23438
13598.93457
13640.08398
13742.43457
13776.58398
13825.23438
13884.43457
13952.93457
14018.38477
14140.23438
14181.28418
14237.13477
14324.93457
14380.83398
14488.38477
14576.53418
14657.63477
14706.83398
14742.08398
14783.83398
14804.08398
14856.08398
14920.68457
15014.58398
15115.03418
15237.68457
15277.88477
15339.68457
15357.73438
15408.18457
15458.13477
15484.33398
15551.73438
15593.68457
15643.88477
15739.03418
15818.08398
15872.38477
15896.78418
15912.68457
15963.58398
16038.98438
16081.48438
16168.18457
16210.03418
16460.98438
16502.28516
16514.83398
16557.93359
16621.78516
16664.73438
16712.08398
16774.23438
16858.43359
16902.33398
16944.98438
16990.13477
17035.58398
17041.93359
17075.08398
17097.48438
17142.78516
17179.43359
17219.43359
17268.73438
17387.93359
17507.08398
17508.98438
17564.08398
17565.33398
17584.48438
17627.78516
17638.83398
17696.73438
17738.88477
17789.78516
17890.98438
17941.38477
17978.63477
18029.43359
18058.28516
18090.93359
18133.78516
18154.88477
18207.63477
18272.23438
18302.98438
18329.58398
18385.53516
18596.48438
18608.53516
18640.03516
18658.63477
18698.73438
18747.33398
18750.98438
18780.33398
18874.03516
18875.28516
18916.28516
18951.73438
18988.38477
19042.83398
19118.98438
19140.08398
19147.78516
19195.43359
19253.33398
19263.03516
19303.28516
19350.33398
19435.23438
19480.58398
19533.58398
19693.38477
19728.78516
19758.28516
19772.88477
19819.63477
19887.88477
19931.13477
19962.73438
20052.33398
20057.28516
20144.53516
20198.43359
20261.73438
20289.23438
20350.18359
20394.03516
20447.83398
20549.58398
20611.43359
20700.13477
20735.58398
20788.08398
20867.93359
20970.18359
21025.48438
21074.08398
21145.28516
21227.93359
21271.68359
21296.78516
21363.03516
21460.48438
21584.53516
21643.18359
21746.83398
21764.53516
21815.03516
21900.43359
21977.08398
22035.88477
22096.18359
22158.43359
22211.83398
22320.23438
22372.48438
22427.33398
22471.63477
22545.83398
22549.93359
22594.73438
22635.63477
22700.53516
22783.43359
22821.88477
23031.13477
23056.58398
23076.63477
23132.48438
23222.28516
23272.88477
23313.38477
23362.48438
23424.98438
23475.78516
23525.73438
23579.53516
23623.93359
23652.23438
23654.48438
23678.63477
23708.03516
23725.88477
23747.08398
23807.48438
23911.68359
23969.58398
24074.68359
24102.18359
24109.03516
24138.33398
24169.53516
24266.33398
24310.23438
24322.28516
24401.23438
24489.98438
24515.58398
24566.63477
24623.83398
24661.18359
24714.58398
24741.08398
24756.13477
24792.08398
24816.83398
24871.28516
24916.23438
24953.33398
25112.98438
25183.63477
25223.28516
25234.33398
25287.93359
25355.03516
25441.73438
25479.78516
25529.23438
25584.08398
25661.43359
25718.73438
25755.13477
25771.63477
25803.93359
25823.43359
25834.58398
25887.18359
25937.23438
25977.93359
26014.13477
26035.18359
26090.58398
26143.03516
26290.38477
26323.48438
26353.33398
26405.43359
26420.98438
26447.88477
26452.38477
26549.13477
26590.68359
26640.48438
26683.93359
26744.38477
26787.53516
26834.13477
26868.73438
26891.73438
26920.88477
26954.48438
26970.23438
27028.73438
27072.08398
27120.33398
27156.28516
27234.28516
27297.88477
27422.63477
27441.23438
27483.23438
27499.13477
27548.18359
27643.03516
27688.38477
27737.58398
27828.53516
27861.38477
27933.58398
28010.63477
28064.03516
28127.08398
28185.73438
28239.73438
28312.48438
28378.93359
28436.58398
28486.88477
28540.98438
28579.38477
28650.43359
28767.13477
28837.28516
28912.38477
28967.58398
29032.58398
29100.63477
29127.23438
29274.33398
29312.88477
29357.23438
29411.33398
29459.83398
29618.13477
29701.73438
29778.48438
29881.73438
29954.53516
30008.18359
30046.33398
30086.78516
30150.28516
30210.58398
30294.13477
30330.43359
30371.88477
30412.38477
30482.23438
30548.23438
30751.43359
30770.58398
30789.28516
30813.33398
30821.83398
30896.88477
30962.83398
30969.33398
31048.73438
31118.58398
31231.88477
31269.18359
31324.33398
31338.33398
31387.78516
31446.08398
31501.73438
31533.08398
31565.68359
31626.33398
31671.23438
31733.08398
31800.38477
31817.83398
31893.03516
31932.43359
31961.53516
32065.78516
32159.68359
32197.63477
32271.18359
32341.53516
32403.33398
32455.43359
32472.93359
32523.98438
32555.08398
32598.83398
32630.63477
32688.68359
32785.73438
32875.18359
32912.28516
32974.53516
33094.58594
33161.68359
33248.03516
33294.78516
33366.73438
33394.18359
33454.13281
33517.98438
33551.28516
33577.43359
33618.43359
33624.38281
33667.68359
33698.08594
33717.88281
33760.88281
33817.53516
33849.23438
33938.28516
34008.38281
34051.53516
34072.48438
34176.78516
34229.88281
34295.23438
34333.43359
34390.58594
34439.38281
34523.53516
34546.78516
34593.13281
34630.53516
34652.98438
34692.28516
34734.33594
34741.13281
34765.13281
34801.88281
34848.23438
34884.33594
34919.93359
35062.78516
35093.43359
35125.88281
35169.93359
35243.78516
35318.08594
35348.58594
35447.18359
35484.88281
35527.63281
35627.33594
35718.13281
35795.23438
35834.73438
35879.83594
35943.33594
35993.73438
36107.13281
36204.38281
36236.23438
36299.93359
36381.63281
36464.73438
36550.83594
36588.13281
36689.23438
36771.63281
36823.08594
36914.03516
36961.63281
37048.33594
37105.43359
37196.08594
37235.18359
37311.78516
37382.63281
37447.53516
37587.93359
37652.23438
37737.08594
37811.43359
37855.43359
37920.48438
37963.33594
37981.33594
38009.68359
38077.43359
38140.38281
38196.43359
38245.98438
38308.63281
38411.63281
38441.78516
38454.13281
38685.38281
38759.18359
38815.08594
38864.68359
38909.63281
38970.48438
38986.88281
39024.48438
39045.23438
39087.68359
39124.28516
39170.98438
39211.33594
39253.88281
39295.48438
39383.78516
39419.88281
39431.33594
39679.98438
39723.78516
39777.23438
39828.08594
39900.53516
39969.23438
40000.13281
40065.73438
40092.38281
40132.33594
40180.28516
40218.83594
40259.53516
40322.03516
40386.53516
40453.43359
40565.53516
40594.93359
40644.33594
40689.53516
40726.73438
40807.98438
40824.43359
40894.43359
40951.38281
41022.93359
41059.78516
41106.08594
41145.23438
41153.93359
41231.98438
41271.28516
41298.43359
41370.58594
41397.43359
41429.13281
41481.08594
41525.73438
41597.03516
41671.88281
41733.58594
41798.43359
41893.13281
41946.03516
42024.48438
42081.78516
42120.03516
42181.48438
42249.38281
42287.38281
42339.53516
42374.38281
42424.68359
42441.38281
42478.78516
42531.13281
42574.98438
42622.88281
42729.33594
42794.88281
42822.18359
42837.03516
42920.53516
43034.53516
43104.38281
43154.18359
43220.48438
43286.58594
43354.83594
43390.23438
43490.83594
43540.93359
43642.33594
43693.18359
43767.98438
43827.88281
43995.98438
44120.83594
44169.93359
44266.28516
44333.88281
44405.68359
44533.63281
44581.13281
44692.78516
44735.03516
44816.68359
44910.48438
44952.28516
45085.18359
45134.33594
45188.33594
45263.53516
45374.98438
45426.33594
45463.83594
45491.98438
45543.48438
45602.58594
45628.98438
45652.93359
45737.78516
45815.38281
45895.23438
45921.13281
45937.18359
45993.18359
46074.33594
46139.38281
46153.18359
46214.48438
46286.58594
46357.23438
46392.23438
46468.68359
46527.78516
46567.73438
46614.13281
46641.28516
46683.78516
46726.93359
46757.18359
46793.78516
46861.13281
47007.33594
47047.28516
47087.78516
47150.43359
47178.48438
47303.33594
47398.93359
47444.48438
47494.03516
47557.23438
47593.18359
47639.63281
47688.53516
47735.03516
47790.53516
47821.03516
47847.83594
47924.68359
47970.83594
48043.28516
48114.13281
48138.93359
48148.28516
48206.88281
48214.03516
48247.68359
48399.78516
48478.13281
48551.73438
48606.48438
48675.83594
48726.13281
48767.63281
48801.93359
48840.33594
48856.53516
48882.78516
48945.48438
48988.48438
49026.78516
49097.78516
49176.68359
49194.68359
49215.33594
49267.78516
49306.53516
49356.23438
49402.58594
49430.23438
49492.38281
49579.13281
49648.48438
49675.58594
49734.83594
49776.38281
49839.13281
49878.43359
49885.93359
49932.03516
49953.28516
49996.23438
50033.53516
50077.18359
50120.33594
50202.53516
50253.78516
50353.23438
50376.58594
50410.53516
50421.98438
50484.08594
50627.43359
50663.43359
50730.48438
50792.28516
50834.28516
50917.08594
51007.73438
51031.53516
51112.38281
51207.23438
51321.03516
51361.48438
51395.43359
51440.38281
51521.28516
51619.38281
51670.53516
51722.98438
51892.68359
51973.18359
52072.98438
52125.23438
52211.53516
52280.23438
52394.08594
52457.13281
52531.03516
52600.18359
52676.68359
52720.63281
52853.83594
52896.68359
52923.28516
52960.93359
52995.48438
53048.13281
53099.38281
53177.23438
53214.73438
53393.93359
53482.28516
53559.73438
53653.58594
53733.98438
53814.78516
53834.63281
53881.93359
53928.03516
53972.58594
53994.38281
54059.78516
54081.08594
54113.33594
54168.58594
54216.13281
54240.48438
54269.43359
54305.43359
54340.63281
54420.88281
54578.98438
54615.93359
54629.53516
54752.28516
54777.23438
54778.18359
54836.73438
54942.68359
55021.68359
55079.68359
55096.18359
55114.83594
55171.93359
55226.38281
55250.43359
55260.88281
55287.33594
55324.08594
55419.98438
55471.78516
55514.68359
55624.53516
55640.28516
55680.38281
55722.13281
55796.43359
55800.83594
55878.93359
55936.43359
55987.13281
56016.33594
56075.78516
56108.78516
56153.33594
56183.63281
56208.93359
56232.28516
56258.88281
56288.78516
56306.93359
56372.18359
56436.08594
56529.48438
56576.88281
56690.48438
56714.93359
56752.98438
56797.43359
56845.58594
56846.83594
56847.23438
56895.28516
56904.53516
56946.88281
56994.48438
57130.28516
57162.53516
57199.28516
57218.13281
57225.88281
57257.83594
57292.28516
57314.98438
57375.53516
57408.28516
57466.58594
57522.33594
57565.08594
57627.83594
57678.88281
57752.03516
57775.48438
57790.13281
57826.48438
57859.03516
57914.28516
58001.68359
58040.13281
58090.93359
58149.78516
58187.73438
58238.73438
58281.28516
58292.28516
58303.88281
58372.78516
58430.98438
58465.58594
58537.28516
58616.13281
58646.48438
58694.73438
58772.98438
58827.03516
58934.08594
58987.08594
59019.33594
59099.78516
59211.08594
59274.23438
59324.88281
59366.88281
59488.08594
59559.13281
59617.33594
59688.93359
59765.58594
59817.03516
59879.48438
59951.18359
60006.83594
60091.68359
60143.78516
60208.58594
60298.23438
60339.53516
60384.63281
60430.73438
60457.83594
60499.83594
60578.18359
60629.73438
60771.13281
60873.23438
60874.88281
60900.38281
60935.18359
60955.13281
61001.63281
61100.53516
61210.83594
61246.53516
61313.03516
61345.43359
61385.43359
61407.33594
61413.98438
61453.83594
61505.53516
61547.33594
61590.83594
61644.08594
61726.93359
61767.68359
61917.28516
61955.93359
61974.38281
62024.88281
62038.43359
62076.93359
62091.48438
62193.28516
62232.53516
62311.78516
62385.43359
62400.33594
62456.23438
62483.78516
62531.48438
62573.23438
62606.13281
62638.83594
62683.53516
62722.88281
62723.83594
62742.53516
62794.18359
62975.88281
63024.08594
63046.08594
63106.48438
63177.68359
63242.63281
63346.23438
63436.13281
63473.13281
63507.73438
63563.68359
63580.63281
63638.88281
63692.68359
63724.73438
63767.13281
63832.18359
63861.93359
63928.03516
64064.03516
64088.23438
64130.58594
64189.33594
64217.48438
64260.73438
64292.58594
64327.88281
64396.93359
64505.23438
64551.28516
64590.93359
64616.58594
64643.08594
64684.08594
64731.68359
64773.58594
64817.63281
64929.83594
64970.83594
65091.33594
65150.28516
65190.83594
65223.78516
65239.18359
65293.08594
65344.78516
65455.53516
65532.33594
65577.38281
65598.4375
65627.28125
65650.48438
65696.98438
65736.48438
65766.9375
65797.53125
65831.9375
65869.63281
65942.78125
66012.4375
66130.6875
66189.4375
66274.73438
66298.08594
66299.48438
66352.63281
66429.88281
66484.13281
66541.98438
66582.78125
