2434.74707
2673.596924
3914.096924
3922.646973
3946.99707
3982.797119
4016.947021
4024.146973
4064.947021
4236.99707
4506.146973
4810.796875
5143.646973
5288.24707
5471.696777
5720.896973
5766.34668
5798.046875
6035.546875
6438.34668
6469.646973
6575.396973
6648.946777
6672.946777
6717.59668
6721.34668
6745.84668
6757.046875
6758.446777
6819.24707
6836.646973
7071.196777
7118.646973
7129.046875
7143.99707
7291.84668
7699.99707
7831.946777
8007.896973
8044.09668
8061.84668
8103.546875
8172.59668
8180.24707
8218.146484
8270.34668
8420.697266
8827.046875
9009.796875
9046.896484
9114.546875
9171.09668
9174.197266
9215.546875
9278.59668
9330.197266
9385.34668
9562.146484
10255.09668
10259.49707
10339.54688
10379.99707
10461.99707
10474.89648
10504.49707
10539.29688
10653.44727
10799.49707
11494.39648
11642.64648
11687.94727
11694.14648
12035.54688
12161.64648
12553.24707
12566.59668
12589.89648
12590.84668
12608.39648
12659.04688
12705.19727
12723.74707
13198.04688
13283.34668
13323.29688
13598.89648
13678.84668
13776.64648
14518.04688
14834.14648
14994.34668
15114.29688
15177.44727
15216.44727
15287.69727
15422.59668
15484.94727
15628.99707
15941.59668
16066.09668
16225.69727
16281.74707
16332.29688
16354.59668
16406.19727
17394.14648
17465.99609
17487.04688
17592.39648
18129.89648
18437.54688
18496.69727
18571.89648
18575.94727
18596.54688
18621.19727
18664.14648
18859.39648
18975.24609
19023.19727
19418.29688
19594.64648
19642.39648
19690.69727
19742.84766
19830.54688
20170.84766
20255.69727
20854.54688
20941.54688
21561.24609
22038.14648
22635.64648
22826.54688
22914.59766
23004.34766
23045.49609
23108.64648
23673.29688
23773.99609
24041.64648
24069.34766
24117.74609
24122.89648
24168.84766
24245.94727
24816.89648
25168.84766
25194.64648
25247.59766
25258.09766
25289.44727
25387.29688
25812.34766
25921.04688
26252.04688
26285.99609
26305.84766
26320.14648
26354.89648
26371.64648
26397.34766
26413.04688
26500.69727
26567.14648
26667.29688
26895.04688
27261.69727
27335.89648
27398.24609
27424.59766
27442.09766
27492.09766
28456.94727
28770.39648
29025.79688
29892.44727
30813.44727
30886.99609
31032.59766
31172.44727
31780.34766
31852.14648
31892.54688
31904.89648
31943.19727
31991.34766
32376.14648
32902.69531
32947.29688
33011.64844
33215.99609
33674.04688
33960.39844
34019.09766
34075.49609
34104.59766
34204.79688
34281.49609
34780.89844
34939.14844
35048.49609
35159.09766
35172.74609
35235.74609
35255.89844
35280.34766
36275.04688
36708.89844
36882.09766
36921.99609
37348.54688
37523.19531
38427.19531
38429.04688
38518.79688
38551.64844
38588.84766
38668.04688
39087.74609
39450.64844
39487.89844
39545.64844
39593.69531
39603.89844
39651.34766
39766.94531
40017.29688
40101.09766
40283.84766
40347.74609
40671.54688
40767.84766
40799.64844
40922.04688
41724.74609
41775.79688
41779.49609
41989.84766
42047.04688
42216.94531
42638.44531
42778.04688
42791.94531
42809.24609
42848.14844
42948.94531
43028.24609
43609.74609
43759.24609
43853.44531
44066.59766
44111.59766
44376.54688
44506.54688
44572.64844
44641.79688
44887.79688
45042.94531
45110.24609
45292.39844
45814.34766
45831.79688
45916.59766
45981.89844
45986.24609
46118.49609
46171.69531
46604.74609
46940.39844
47019.14844
47044.09766
47055.34766
47104.44531
47137.44531
47144.59766
47222.69531
47290.04688
47533.69531
48048.24609
48133.94531
48190.89844
48408.49609
48420.19531
48554.54688
48760.44531
48860.29688
49002.89844
49299.99609
49350.49609
49389.64844
49401.04688
49408.29688
49508.54688
50434.54688
50483.09766
50510.94531
50551.39844
50590.49609
50716.04688
51000.94531
51162.49609
51418.44531
51817.59766
51875.64844
52262.69531
52613.94531
52775.94531
53043.74609
53430.49609
53455.39844
53465.64844
53474.69531
53536.34766
53552.74609
53681.54688
53980.79688
54035.69531
54439.84766
54517.54688
54579.04688
54586.04688
54599.04688
54629.64844
54669.29688
54698.64844
55450.84766
55557.79688
55588.54688
55597.14844
55622.84766
55639.04688
55668.64844
55678.59766
55697.44531
55734.09766
55854.29688
56302.14844
56647.84766
56660.44531
56689.14844
56692.54688
56709.09766
56738.14844
56754.79688
56791.34766
56879.89844
57076.34766
57377.64844
57723.64844
57751.39844
57757.64844
57764.14844
57786.89844
57813.24609
57848.34766
57855.34766
57860.79688
57864.24609
57907.34766
57926.49609
58586.69531
58816.94531
59208.59766
60588.99609
60705.74609
60757.24609
60807.24609
60822.64844
60864.34766
60986.24609
61595.84766
61830.29688
61848.74609
61883.54688
61919.44531
62028.49609
62121.94531
62574.44531
62868.89844
62887.84766
62917.19531
62932.24609
62956.94531
62958.99609
62986.99609
62988.09766
63023.39844
63910.04688
63930.54688
63987.99609
64009.04688
64045.79688
64049.19531
64095.74609
64095.99609
64751.09766
65008.04688
65052.39844
65084.24609
65085.84766
65553.09375
65680.14844
66598.75
