500.9689941
710.1690063
961.9689941
995.1690063
1124.168457
1237.318481
1455.119019
1754.369019
1772.119019
1981.718994
2010.918457
2017.769043
2171.968994
2173.468994
2260.718994
2277.269043
2647.168457
2693.819092
2804.418457
2805.569092
2805.918457
2863.618408
2881.618408
2941.168457
2942.569092
2949.519043
2993.269043
2994.819092
3132.319092
3144.319092
3165.769043
3258.618408
3570.019043
3591.569092
3757.418457
5413.518555
5830.469238
6163.918945
6385.268555
6605.818848
6607.068848
6684.668945
6735.818848
6776.318848
6777.818848
6819.118652
6849.918945
7061.118652
7315.719238
7681.418945
7727.818848
7729.418945
7758.668945
7760.719238
7825.368652
7845.018555
7889.268555
8037.568848
8141.719238
8145.568848
8182.818848
8206.418945
8420.168945
8700.71875
8854.619141
8901.21875
8982.318359
9057.768555
9059.21875
9095.21875
9096.71875
9144.869141
9275.768555
9553.869141
9636.96875
9644.369141
10242.46875
10243.86914
10328.91895
10330.26855
10395.66895
10727.81836
10729.46875
11435.11914
11447.06836
11462.76855
11668.81836
11742.51855
11760.21875
11762.56836
11779.71875
11950.81836
13223.06836
13492.56836
13493.91895
13598.91895
13776.61914
14064.51855
14288.71875
14427.96875
14435.26855
14515.66895
14517.11914
14594.31836
14606.41895
14610.16895
14694.61914
14705.76855
14706.46875
14707.66895
14715.36914
14828.11914
14837.96875
14886.41895
14887.66895
14898.41895
14939.76855
15016.51855
15075.21875
15097.66895
15194.06836
15195.46875
15737.36914
15789.36914
15797.91895
15933.66895
15952.51855
16068.21875
16262.61914
16992.41797
17084.66797
17141.21875
17142.61914
17211.71875
17397.51953
17399.31836
17406.86914
17408.31836
17701.61914
17945.56836
17987.56836
18036.26953
18037.71875
18077.01953
18095.26953
18107.76953
18137.71875
18171.41797
18173.11914
18182.66797
18191.81836
18215.26953
18216.91797
18255.21875
18257.71875
18265.01953
18518.11914
19199.11914
19200.66797
19439.41797
19478.41797
19509.76953
19511.26953
20109.86914
20471.61914
20489.81836
20502.21875
21122.71875
21139.71875
21283.46875
22105.91797
22314.16797
22371.61914
22372.91797
22386.66797
22559.11914
22650.46875
22731.96875
22773.96875
22945.01953
23307.51953
23433.61914
23483.41797
23519.06836
23520.41797
23588.01953
23882.21875
23967.56836
24096.56836
24111.81836
24297.41797
24442.51953
24474.16797
24499.31836
24516.51953
24539.06836
24540.51953
24595.36914
24637.81836
24734.26953
24735.71875
24792.16797
24834.41797
24836.26953
25200.46875
25738.81836
25740.26953
25823.71875
25981.51953
25994.66797
26080.56836
26751.06836
26789.81836
26791.31836
26828.66797
26878.06836
27020.26953
27069.06836
27938.31836
28012.86914
28367.76953
28496.06836
29013.21875
29767.71875
30020.01953
30061.51953
30227.96875
30690.71875
31024.46875
31199.36914
31201.01953
31258.86914
31310.21875
31777.56836
32109.01953
32444.66797
32451.71875
32460.01953
32469.86914
32518.41797
32650.91797
32931.82031
33212.07031
33263.21875
33332.07031
33350.26953
33441.86719
33475.66797
33512.76953
33810.07031
34172.46875
34359.41797
34425.51953
34432.26953
34483.61719
34545.07031
34564.32031
35250.86719
35375.66797
36395.91797
36890.51953
37033.66797
37438.36719
37622.91797
37827.76953
37871.26953
37927.71875
37964.57031
37966.07031
37980.57031
38755.76953
39116.26953
39168.01953
39788.66797
40074.16797
40118.86719
40158.26953
40189.21875
40287.82031
40309.41797
40327.66797
40678.41797
40695.96875
41045.76953
41047.01953
41087.07031
41088.32031
41150.51953
41151.82031
41161.86719
41217.57031
41711.36719
42020.66797
42156.51953
42157.66797
42203.51953
42204.86719
42208.51953
42210.91797
42290.26953
42318.71875
42400.51953
42443.71875
42504.57031
42505.86719
43200.91797
43216.07031
43217.57031
43767.66797
43796.16797
43892.96875
43896.96875
43954.76953
43966.96875
44014.07031
44386.61719
44476.21875
44491.16797
44509.41797
44528.71875
44541.21875
44590.41797
44591.86719
44592.26953
44671.51953
44715.57031
44717.26953
44788.66797
44834.66797
44892.26953
45149.36719
45213.51953
45214.86719
45301.26953
45304.36719
45306.07031
45361.71875
45489.91797
45492.26953
45493.91797
45514.36719
45583.91797
45715.96875
45886.41797
46556.26953
46682.16797
46713.11719
46735.26953
46791.36719
46797.32031
46826.71875
46857.76953
46880.82031
46889.51953
46942.57031
46963.96875
46965.11719
46986.86719
47067.91797
47122.41797
47324.46875
47685.01953
47977.11719
47993.16797
48115.91797
48148.11719
48428.57031
48715.66797
48786.91797
49297.41797
49299.11719
49917.57031
49918.91797
49955.01953
49959.36719
50010.96875
50012.11719
50013.41797
50354.91797
50371.07031
50385.16797
50423.96875
50455.11719
50686.57031
51075.91797
51316.76953
51318.57031
51344.91797
51399.21875
52002.46875
52844.16797
52865.16797
52970.32031
53059.96875
53176.07031
53249.26953
53297.41797
53298.57031
53336.51953
53537.01953
53612.01953
54068.96875
54367.36719
54368.82031
54419.61719
54421.11719
54585.76953
54636.21875
55092.82031
55469.01953
55544.26953
55545.82031
55585.21875
55591.46875
55622.36719
55636.96875
55701.07031
55702.57031
56610.71875
56612.07031
56721.11719
56722.46875
56741.21875
56830.16797
56840.26953
56841.91797
57713.51953
57762.51953
57763.82031
57831.32031
57844.41797
58589.01953
58960.71875
59264.46875
59424.82031
59659.26953
59812.96875
60229.07031
60231.41797
60405.32031
60746.26953
60808.11719
61018.46875
61020.07031
61975.86719
62067.01953
62068.32031
62700.66797
62950.96875
63197.07031
63203.71875
63257.36719
63279.32031
63280.61719
63620.41797
63916.66797
64079.57031
64097.66797
64204.46875
64267.07031
64284.66797
64388.41797
64642.66797
64823.26953
64975.76953
64977.36719
64988.36719
65097.01953
65201.41797
65229.11719
65279.41797
65281.01953
65283.46875
65299.32031
65302.51953
65308.76953
65402.71875
65498.66797
65576.21875
65646.42188
65743.36719
65821.76563
65891.26563
65914.51563
65961.46875
66017.26563
66097.57031
66110.42188
66206.76563
66298.11719
66474.71875
66529.46875
66578.71875
66592.86719
66594.07031
