51.56549835
93.3655014
163.8654938
1784.815552
1787.415527
1810.265503
1832.065552
1877.165527
1905.065552
1975.565552
2024.715454
2040.515503
2090.715576
2132.415527
2227.215576
2235.915527
2244.865479
2296.365479
2303.865479
2502.415527
2570.56543
2574.915527
2619.415527
2624.31543
2639.115479
2656.765381
2666.165527
2692.06543
2721.615479
2744.56543
2783.865479
2803.465576
2828.365479
2860.365479
2881.215576
2881.56543
2882.415527
2885.715576
2896.31543
2947.165527
2992.215576
3007.31543
3010.56543
3072.665527
3085.465576
3164.56543
3213.81543
3289.465576
3834.665527
3860.965576
3875.265381
3914.06543
3986.715576
4055.415527
4081.365479
4105.71582
4124.515625
4160.21582
4354.265625
4406.015625
4452.96582
4454.765625
4970.21582
5125.665527
5190.515625
6550.81543
6564.21582
6585.265625
6606.81543
6655.865723
6663.06543
6664.615723
6679.115723
6688.015625
6798.665527
6818.915527
7020.015625
7028.56543
7841.71582
7986.165527
8024.71582
8337.21582
9115.81543
9126.365234
9127.916016
9134.615234
9146.31543
9174.06543
9198.365234
9328.765625
9573.515625
9945.81543
10317.96582
10344.91602
10382.76563
10447.26563
10794.06543
10826.26563
10857.56543
10884.06543
10939.01563
10968.91602
10991.26563
11050.06543
11265.21582
11276.36523
11729.61523
11848.66602
11872.36523
12022.91602
12154.96582
12164.61523
12236.71582
12266.51563
12287.81543
12308.36523
12322.71582
12340.86523
12386.36523
12449.46582
12450.71582
12451.11523
12474.41602
12521.86523
12533.51563
12545.16602
12569.86523
12627.31543
12665.41602
12778.51563
12790.01563
13598.86523
13776.76563
13901.46582
14136.11523
14162.11523
14191.16602
14218.86523
14242.41602
14264.86523
14316.46582
14545.51563
14557.36523
14605.11523
14984.16602
15292.31543
15295.01563
15405.41602
15931.91602
15975.01563
16068.16602
16279.61523
16380.46582
16438.16602
16484.96484
16661.36523
16751.41602
17015.81641
18034.86523
18036.31641
18124.86523
18570.06641
18804.56641
18837.36523
18861.86523
18876.06641
19556.86523
19632.71484
20794.76563
20808.46484
20817.81641
20829.86523
20908.31641
21147.86523
21173.36523
21201.61523
21225.51563
21251.11523
21283.26563
21309.01563
21380.56641
21392.21484
21626.06641
21783.26563
21956.11523
22133.81641
22143.31641
22154.76563
22176.41602
22209.91602
22223.11523
22235.61523
22261.31641
22325.91602
22327.56641
22338.81641
22906.31641
22997.61523
23662.91602
23679.26563
23719.36523
23781.01563
23962.96484
24163.71484
24185.86523
24808.16602
24995.86523
25006.81641
25034.56641
25050.96484
25187.76563
25206.11523
25248.41602
25277.21484
25365.56641
25367.21484
25441.16602
25474.96484
25480.11523
25587.46484
25634.46484
25837.66602
25929.86523
26088.36523
26127.46484
26856.76563
26873.06641
26991.06641
27001.01563
27106.51563
27115.71484
27128.36523
27151.41602
27194.06641
27220.31641
27258.06641
27375.26563
27446.96484
27690.26563
27702.96484
27713.11523
27725.16602
27738.21484
27751.21484
27765.96484
27789.66602
27802.81641
27821.61523
27836.46484
27857.01563
27894.06641
27937.71484
27965.91602
27990.76563
28022.21484
28024.21484
28059.91602
28080.66602
28129.31641
28157.66602
28206.01563
28233.76563
28239.96484
28258.41602
28300.56641
28352.66602
28375.21484
28409.06641
28455.26563
28495.41602
28515.21484
28546.31641
28570.11523
28610.26563
28612.11523
28649.51563
28666.06641
28668.16602
28685.91602
28698.11523
28699.66602
28733.81641
28769.81641
28842.71484
28844.21484
28882.31641
28894.41602
28926.41602
28939.36523
28980.66602
28982.76563
29021.66602
29042.86523
29049.56641
29073.06641
29128.91602
29138.16602
29158.11523
29184.96484
29325.41602
29341.46484
29367.16602
29397.81641
29432.26563
29537.51563
29576.96484
29604.06641
29667.96484
29777.01563
29778.51563
30023.01563
30053.36523
30081.76563
30124.31641
30154.91602
30187.06641
30213.81641
30320.71484
30334.16602
30351.86523
30386.66602
30438.41602
30447.86523
30466.06641
30502.86523
30517.26563
30539.56641
30605.46484
30685.21484
30724.76563
30776.81641
30810.91602
30850.76563
30944.41602
30970.51563
30988.51563
31048.11523
31081.06641
31108.31641
31153.71484
31225.16602
31258.21484
31296.66602
31370.46484
31381.71484
31424.56641
31426.06641
31448.61523
31478.26563
31536.06641
31568.11523
31570.41602
31596.36523
31621.16602
31755.41602
31796.06641
31842.06641
32145.61523
32169.56641
32222.41602
32263.31641
32401.41602
32438.16602
32537.56641
32584.01563
32591.26563
32628.01563
32658.96484
32670.71484
32684.36523
32709.11523
32721.66602
32749.76563
32776.51563
32809.06641
32978.76563
33087.41406
33237.96484
33290.01563
33322.21484
33335.61719
33353.71484
33364.86719
33386.81641
33414.71484
33443.91406
33470.66406
33558.71484
33591.41406
33628.61719
33724.76563
35000.61719
35101.41406
35116.01563
35143.16406
35169.36719
35291.21484
35363.01563
35396.96484
35444.76563
35460.41406
35482.16406
35510.91406
35513.31641
35530.76563
35684.01563
35707.01563
35758.71484
35815.06641
35922.71484
35961.96484
36345.31641
36554.76563
36568.36719
36609.36719
36682.86719
37168.41406
37390.96484
37406.26563
37420.66406
37453.91406
37505.96484
37523.21484
37622.21484
37650.46484
37679.06641
37738.51563
37775.61719
37846.91406
37893.41406
37918.46484
37961.46484
37990.86719
38013.76563
38198.06641
38222.41406
38438.66406
38647.51563
38663.31641
38692.86719
38733.36719
38757.81641
38798.21484
38836.91406
38875.11719
39115.56641
39141.26563
39191.76563
39233.06641
39233.36719
39652.76563
39692.11719
39708.06641
39925.26563
39946.31641
39983.31641
40042.06641
40060.01563
40086.26563
40126.96484
40153.46484
40155.31641
40221.76563
40227.26563
40282.06641
40481.41406
40497.06641
40508.01563
40521.81641
40663.76563
40736.61719
40763.96484
40767.86719
40797.81641
40825.61719
40864.61719
40904.71484
40927.86719
40936.91406
41030.21484
41045.66406
41075.46484
41136.46484
41257.06641
41430.31641
41798.56641
42017.46484
42292.46484
42318.01563
42394.46484
42728.71484
42748.81641
42770.26563
42784.91406
42937.21484
42982.41406
43136.96484
43167.61719
43178.36719
43202.01563
43218.46484
43258.66406
43280.46484
43296.71484
43317.41406
43390.41406
43419.71484
43486.76563
43507.91406
43553.76563
43578.61719
43595.76563
43606.06641
43663.61719
43681.76563
43714.06641
43789.16406
43807.16406
45614.66406
45695.26563
45710.51563
45723.36719
45774.61719
45806.01563
45818.56641
45834.81641
45904.86719
45995.31641
46028.56641
46079.26563
46120.86719
46159.16406
46590.26563
46717.61719
46766.01563
47040.96484
47103.26563
47127.31641
47141.71484
47149.91406
47164.86719
47186.26563
47213.71484
47242.51563
47507.51563
47519.11719
47810.26563
47820.96484
47880.66406
48117.46484
48129.11719
48276.71484
48704.61719
48706.06641
48761.46484
48779.01563
49140.86719
49152.01563
49178.61719
49188.36719
49233.91406
49235.31641
49288.26563
49290.96484
49803.81641
49833.81641
49875.16406
49878.61719
49886.11719
49900.91406
49907.96484
49923.26563
49931.86719
49954.11719
49954.36719
49964.31641
49991.56641
49993.01563
50011.81641
50024.86719
50047.91406
50054.61719
50091.21484
50361.21484
50375.21484
50469.81641
50494.36719
50552.96484
51161.71484
51173.61719
51198.51563
51221.86719
51459.81641
51557.21484
51569.26563
51592.11719
51636.91406
51657.21484
51756.06641
51950.96484
51961.61719
51981.81641
52129.46484
52814.31641
52826.01563
52843.51563
52864.51563
52894.46484
52935.11719
52940.31641
52969.71484
53006.01563
53062.06641
53267.86719
53292.01563
53293.86719
53316.51563
53318.06641
53360.96484
53386.86719
53458.81641
53664.56641
53666.51563
53689.71484
53754.36719
53948.86719
53971.91406
54002.61719
54033.86719
54112.41406
54204.96484
54244.91406
54285.61719
54353.56641
54426.26563
54688.21484
54697.61719
54709.31641
54719.41406
54731.61719
54764.51563
54782.11719
54829.16406
54878.11719
54891.01563
54938.26563
54999.01563
55033.31641
55092.66406
55094.91406
55111.71484
55188.81641
55219.41406
55254.46484
55299.71484
55385.56641
55387.51563
55394.51563
55395.76563
55410.41406
55416.41406
55422.31641
55428.66406
55458.06641
55468.56641
55473.56641
55498.91406
55505.66406
55518.16406
55534.71484
55549.01563
55577.36719
55615.86719
55622.61719
55782.71484
55845.06641
56638.26563
56671.21484
56731.01563
56747.26563
56916.51563
58084.26563
58116.66406
58165.51563
58369.31641
58385.01563
58401.01563
58655.51563
58899.31641
58930.76563
58957.41406
58981.71484
59020.11719
59060.41406
59113.01563
59383.56641
59957.56641
60048.41406
60100.06641
60111.31641
60122.61719
60232.81641
60326.91406
60427.86719
60491.41406
61562.66406
61571.06641
61581.06641
61596.46484
61613.81641
61643.16406
61651.56641
61672.96484
61793.06641
61810.06641
61834.91406
61860.01563
61956.76563
61977.21484
62066.06641
62068.66406
62091.96484
62147.61719
62795.26563
62806.91406
62887.36719
62902.71484
62928.11719
62989.81641
64261.46484
64272.16406
64538.46484
64621.41406
64667.46484
64711.51563
64754.51563
64771.81641
64771.96484
64780.61719
64854.86719
64883.06641
64980.01563
65230.66406
65395.01563
66467.36719
66509.8125
