961.1312256
1150.581177
2250.231201
2452.131104
2881.581299
3423.181152
3644.28125
3917.831299
3930.831299
3933.28125
4005.981201
4014.28125
6461.981445
6695.03125
6819.481445
8119.431152
8138.731445
8214.331055
8265.630859
8712.28125
9026.731445
9092.130859
9155.880859
9173.581055
9231.081055
10549.98145
10596.43164
10616.53125
10616.73145
10618.58105
10660.53125
12568.43164
12581.58105
12585.43164
12626.03125
13598.93164
13757.73145
15444.63086
16066.23145
16292.53125
16714.88086
17555.43164
18570.73047
18602.93164
18622.03125
18628.93164
18773.33203
18865.48047
19743.28125
19744.98047
20250.28125
22992.98047
23021.13086
23027.68164
23034.23047
23391.38086
23473.63086
23976.03125
24193.68164
24856.68164
25145.68164
25153.78125
25212.98047
25214.08203
25229.08203
25246.73047
25424.68164
25642.98047
26310.93164
26413.88086
27076.98047
27343.38086
27426.28125
27446.63086
27737.63086
27762.78125
28431.83203
30667.03125
30894.28125
31862.08203
32898.73047
32913.53125
33042.48047
34732.17969
35079.13281
35105.78125
35177.92969
38365.92969
38443.73047
39200.63281
40372.33203
40559.63281
41175.33203
41705.88281
42812.88281
43070.83203
45353.48047
46107.92969
46548.23047
46639.48047
47007.67969
47016.08203
47049.48047
47098.63281
47381.38281
47386.13281
48038.33203
48130.17969
48152.38281
49155.28125
49192.98047
49203.38281
49513.42969
50324.17969
50333.08203
51639.33203
53365.48047
53821.53125
54039.23047
54076.53125
54702.92969
55127.23047
55588.33203
56631.78125
56646.17969
56664.23047
56671.17969
57156.48047
57740.98047
57832.23047
59685.88281
59764.73047
59846.23047
60768.98047
60782.92969
60861.88281
61856.78125
63037.03125
64055.53125
64068.73047
64083.98047
64116.92969
64369.28125
64389.33203
66270.78125
