3219.409424
8481.458984
8570.05957
10509.95898
13598.90918
13687.40918
15866.65918
15910.45898
18369.50977
18544.80859
18611.00977
18667.55859
19582.30859
21720.91016
22294.60938
22375.85938
22399.41016
22425.85938
22529.85938
22532.95898
23801.66016
23814.55859
23851.41016
24245.35938
24277.70898
24283.95898
24382.05859
24835.95898
24842.95898
24867.35938
24918.91016
24961.85938
25492.50977
25516.80859
25936.60938
28127.35938
28210.45898
29590.60938
32444.30859
32459.80859
32518.16016
45585.66016
45650.25781
45691.41016
45855.05859
45931.41016
47052.96094
48950.91016
48993.10938
50052.46094
50732.71094
50806.85938
50840.05859
50945.46094
51061.96094
51092.50781
51450.10938
51534.96094
51550.91016
51806.85938
53123.46094
53168.80859
53189.21094
53215.50781
53231.75781
54675.21094
55642.85938
55757.80859
56391.46094
56400.71094
56478.80859
56523.66016
56785.50781
56818.75781
57589.05859
57653.25781
58710.75781
58757.35938
58927.80859
59037.85938
60311.60938
60807.41016
60871.66016
60874.80859
61213.41016
61346.55859
61791.66016
61879.46094
61883.91016
61917.91016
61930.80859
61953.60938
62030.10938
63020.46094
63092.30859
63093.35938
63143.66016
64144.91016
64193.55859
64230.71094
64251.60938
65029.05859
65060.50781
65065.91016
65181.85938
65226.85938
65252.50781
65263.30859
65345.50781
65498.71094
