4005.966553
4151.916504
6523.516602
7150.916504
7680.416504
8476.416992
10357.16699
11385.31641
14149.2666
14293.66699
17624.61719
17798.9668
17833.81641
18023.61719
18027.51758
18029.2168
21061.41602
23228.81641
23307.16602
23444.4668
25747.41602
25767.01758
25805.9668
25909.06641
26075.4668
26759.36719
26837.41602
26845.2168
29986.4668
29989.66602
30060.11719
30121.01758
30143.61719
31177.86719
31457.26758
31463.7168
31952.41602
31956.7168
31997.91602
32012.9668
32038.31641
32112.2168
32134.06641
32193.26758
32946.71484
32961.51563
33036.66797
33062.71484
33064.21484
33086.01563
33138.01563
33139.46484
33139.91797
33245.76563
33969.36719
34026.31641
34051.46484
34103.26563
34104.66797
34104.96484
34154.36719
34228.16797
34344.16797
35120.11719
37255.71484
37294.31641
37304.36719
37337.46484
37343.56641
37403.56641
37537.36719
38255.86719
38299.46484
38320.86719
38324.66797
38336.06641
38370.76563
38376.31641
38388.86719
38408.86719
38423.06641
38465.06641
38497.41797
38517.61719
38551.61719
38593.51563
39083.81641
39094.36719
39121.71484
39148.76563
39222.16797
39226.26563
39261.31641
39283.16797
39285.66797
39287.31641
39290.26563
39291.96484
39371.46484
39389.76563
39401.56641
39423.36719
39515.06641
40142.66797
40374.16797
40421.51563
40429.21484
41513.56641
45327.31641
45598.91797
46727.61719
47611.11719
47706.46484
47719.71484
47872.26563
47909.61719
47911.06641
48584.21484
48648.41797
48652.46484
48701.86719
49170.76563
49216.21484
51809.66797
51921.06641
51924.66797
52044.06641
52120.21484
53086.11719
54112.71484
54322.01563
54881.76563
55172.86719
55230.26563
55965.96484
56295.46484
58858.01563
58877.01563
58969.86719
59051.26563
59176.56641
59294.16797
59825.71484
59867.51563
59869.01563
59932.96484
59961.76563
60016.51563
60027.16797
60124.71484
60172.41797
60190.16797
60981.51563
60985.96484
60994.21484
61012.11719
61022.11719
61039.11719
61055.61719
61059.96484
61068.71484
61104.61719
61106.11719
61113.46484
61115.66797
61132.46484
61142.41797
61153.61719
61168.61719
61211.01563
61230.11719
61244.16797
61256.51563
61282.26563
61532.01563
61536.96484
61946.51563
61948.56641
62002.86719
62004.71484
62059.06641
62104.61719
62118.81641
62158.66797
62257.71484
62365.56641
63091.06641
63092.76563
63185.66797
63254.66797
63270.91797
63427.56641
63429.06641
64271.06641
64308.21484
64352.41797
64393.86719
64399.56641
64442.21484
64491.21484
64557.11719
64575.71484
64577.41797
